AXIS X

0.000000 0.001000 0.002000 0.003000 0.004000 0.005000 0.006000 0.007000 0.008000 0.009000 0.010000 0.011000 0.012000 0.013000 0.014000 0.015000 0.016000 0.017000 0.018000 0.019000 0.020000 0.021000 0.022000 0.023000 0.024000 0.025000 0.026000 0.027000 0.028000 0.029000 

AXIS Y

0.000000 0.001000 0.002000 0.003000 0.004000 0.005000 0.006000 0.007000 0.008000 0.009000 0.010000 0.011000 0.012000 0.013000 0.014000 0.015000 0.016000 0.017000 0.018000 0.019000 0.020000 0.021000 0.022000 0.023000 0.024000 0.025000 0.026000 0.027000 0.028000 0.029000 



DATA
3616.892206

3616.892206

3616.892206

3616.892206

3616.892206

3616.892206

3616.892206

3616.892206

3616.892206

3616.892206

3616.892206

3616.892206

3616.892206

3616.892206

3616.892206

3616.892206

3616.892206

3616.892206

3616.892206

3616.892206

3616.892206

3616.892206

3616.892206

3616.892206

3616.892206

3616.892206

3616.892206

3616.892206

3616.892206

3616.892206

3616.892206

3616.892206

3616.892206

3616.892206

3616.892206

3616.892206

3616.892206

3616.892206

3616.892206

3616.892206

3616.892206

3616.892206

3616.892206

3616.892206

3616.892206

3616.892206

3616.892206

3616.892206

3616.892206

3616.892206

3616.892206

3616.892206

3616.892206

3616.892206

3616.892206

3616.892206

3616.892206

3616.892206

3616.892206

3616.892206

3616.892206

3616.892206

3616.892206

3616.892206

3616.892206

3616.892206

3616.892206

3616.892206

3616.892206

3616.892206

3616.892206

3616.892206

3616.892206

3616.892206

3616.892206

3616.892206

3616.892206

3616.892206

3616.892206

3616.892206

3616.892206

3616.892206

3616.892206

3616.892206

3616.892206

3616.892206

3616.892206

3616.892206

3616.892206

3616.892206

3616.892206

3616.892206

3616.892206

3616.892206

3616.892206

3616.892206

3616.892206

3616.892206

3616.892206

3616.892206

3616.892206

3616.892206

3616.892206

3616.892206

3616.892206

3616.892206

3616.892206

3616.892206

3616.892206

3616.892206

3616.892206

3616.892206

3616.892206

3616.892206

3616.892206

3616.892206

3616.892206

3616.892206

3616.892206

3616.892206

3616.892206

3616.892206

3616.892206

3616.892206

3616.892206

3616.892206

3616.892206

3616.892206

3616.892206

3616.892206

3616.892206

3616.892206

3616.892206

3616.892206

3616.892206

3616.892206

3616.892206

3616.892206

3616.892206

3616.892206

3616.892206

3616.892206

3616.892206

3616.892206

3616.892206

3616.892206

3616.892206

3616.892206

3616.892206

3616.892206

3616.892206

3616.892206

3616.892206

3616.892206

3616.892206

3616.892206

3616.892206

3616.892206

3616.892206

3616.892206

3616.892206

3616.892206

3616.892206

3616.892206

3616.892206

3616.892206

3616.892206

3616.892206

3616.892206

3616.892206

3616.892206

3616.892206

3616.892206

3616.892206

3616.892206

3616.892206

3616.892206

3616.892206

3616.892206

3616.892206

3616.892206

3616.892206

3616.892206

3616.892206

3616.892206

3616.892206

3616.892206

3616.892206

3616.892206

3616.892206

3616.892206

3616.892206

3616.892206

3616.892206

3616.892206

3616.892206

3616.892206

3616.892206

3616.892206

3616.892206

3616.892206

3616.892206

3616.892206

3616.892206

3616.892206

3616.892206

3616.892206

3616.892206

3616.892206

3616.892206

3616.892206

3616.892206

3616.892206

3616.892206

3616.892206

3616.892206

3616.892206

3616.892206

3616.892206

3616.892206

3616.892206

3616.892206

3616.892206

3616.892206

3616.892206

3616.892206

3616.892206

3616.892206

3616.892206

3616.892206

3616.892206

3616.892206

3616.892206

3616.892206

3616.892206

3616.892206

3616.892206

3616.892206

3616.892206

3616.892206

3616.892206

3616.892206

3616.892206

3616.892206

3616.892206

3616.892206

3616.892206

3616.892206

3616.892206

3616.892206

3616.892206

3616.892206

4906.424979

4905.452648

7468.691999

7468.691999

4905.452648

4906.424979

3616.892206

3616.892206

3616.892206

3616.892206

3616.892206

3616.892206

3616.892206

3616.892206

3616.892206

3616.892206

3616.892206

3616.892206

3616.892206

3616.892206

3616.892206

3616.892206

3616.892206

3616.892206

3616.892206

3616.892206

3616.892206

3616.892206

3616.892206

6515.374888

6216.064565

8042.409717

20170.447825

20170.447826

8042.409717

6216.064565

6515.374888

3616.892206

3616.892206

3616.892206

3616.892206

3616.892206

3616.892206

3616.892206

3616.892206

3616.892206

3616.892206

3616.892206

3616.892206

3616.892206

3616.892206

3616.892206

3616.892206

3616.892206

3616.892206

3616.892206

3616.892206

3616.892206

8805.170105

12125.500421

17816.802295

17881.597130

14782.744939

14782.744939

17881.597130

17816.802295

12125.500421

8805.170105

3616.892206

3616.892206

3616.892206

3616.892206

3616.892206

3616.892206

3616.892206

3616.892206

3616.892206

3616.892206

3616.892206

3616.892206

3616.892206

3616.892206

3616.892206

3616.892206

3616.892206

3616.892206

3616.892206

5941.657617

8865.324909

17594.425229

23630.814183

12791.873929

10356.247728

10356.247728

12791.873929

23630.814183

17594.425229

8865.324909

5941.657617

3616.892206

3616.892206

3616.892206

3616.892206

3616.892206

3616.892206

3616.892206

3616.892206

3616.892206

3616.892206

3616.892206

3616.892206

3616.892206

3616.892206

3616.892206

3616.892206

3616.892206

4838.605215

5981.573912

8279.306092

12422.182391

11923.305739

10828.405817

14741.179213

14741.179213

10828.405817

11923.305739

12422.182391

8279.306092

5981.573912

4838.605215

3616.892206

3616.892206

3616.892206

3616.892206

3616.892206

3616.892206

3616.892206

3616.892206

3616.892206

3616.892206

3616.892206

3616.892206

3616.892206

3616.892206

3616.892206

3616.892206

6527.091641

7561.058679

9450.832032

10111.677397

10418.018540

13325.199215

11448.458228

11448.458228

13325.199215

10418.018540

10111.677397

9450.832032

7561.058679

6527.091641

3616.892206

3616.892206

3616.892206

3616.892206

3616.892206

3616.892206

3616.892206

3616.892206

3616.892206

3616.892206

3616.892206

3616.892206

3616.892206

3616.892206

3616.892206

3616.892206

6584.197999

8442.804019

8714.437237

8601.171830

10230.982139

18678.644682

10690.291350

10690.291350

18678.644682

10230.982139

8601.171830

8714.437237

8442.804019

6584.197999

3616.892206

3616.892206

3616.892206

3616.892206

3616.892206

3616.892206

3616.892206

3616.892206

3616.892206

3616.892206

3616.892206

3616.892206

3616.892206

3616.892206

3616.892206

3616.892206

5971.208399

7094.883062

7279.395695

7541.506546

9091.832183

16824.175165

10478.027603

10478.027603

16824.175165

9091.832183

7541.506546

7279.395695

7094.883062

5971.208399

3616.892206

3616.892206

3616.892206

3616.892206

3616.892206

3616.892206

3616.892206

3616.892206

3616.892206

3616.892206

3616.892206

3616.892206

3616.892206

3616.892206

3616.892206

3616.892206

5420.595079

6388.539745

6883.341053

6828.120818

7863.342843

11659.270339

9288.789954

9288.789954

11659.270339

7863.342843

6828.120818

6883.341053

6388.539745

5420.595079

3616.892206

3616.892206

3616.892206

3616.892206

3616.892206

3616.892206

3616.892206

3616.892206

3616.892206

3616.892206

3616.892206

3616.892206

3616.892206

3616.892206

3616.892206

3616.892206

4765.382538

6644.790317

6769.671142

6353.703559

8252.891167

14889.984730

6386.311013

6386.311013

14889.984730

8252.891167

6353.703559

6769.671142

6644.790317

4765.382538

3616.892206

3616.892206

3616.892206

3616.892206

3616.892206

3616.892206

3616.892206

3616.892206

3616.892206

3616.892206

3616.892206

3616.892206

3616.892206

3616.892206

3616.892206

3616.892206

3616.892206

7586.776288

6281.774266

6519.044003

12484.991546

22715.652565

5694.904702

5694.904702

22715.652565

12484.991546

6519.044003

6281.774266

7586.776288

3616.892206

3616.892206

3616.892206

3616.892206

3616.892206

3616.892206

3616.892206

3616.892206

3616.892206

3616.892206

3616.892206

3616.892206

3616.892206

3616.892206

3616.892206

3616.892206

3616.892206

3616.892206

3616.892206

5714.222155

6195.512212

9425.095315

7195.792269

6893.162344

6893.162344

7195.792269

9425.095315

6195.512212

5714.222155

3616.892206

3616.892206

3616.892206

3616.892206

3616.892206

3616.892206

3616.892206

3616.892206

3616.892206

3616.892206

3616.892206

3616.892206

3616.892206

3616.892206

3616.892206

3616.892206

3616.892206

3616.892206

3616.892206

3616.892206

3616.892206

5478.711095

7922.986630

6985.264543

933.571535

933.571535

6985.264543

7922.986630

5478.711095

3616.892206

3616.892206

3616.892206

3616.892206

3616.892206

3616.892206

3616.892206

3616.892206

3616.892206

3616.892206

3616.892206

3616.892206

3616.892206

3616.892206

3616.892206

3616.892206

3616.892206

3616.892206

3616.892206

3616.892206

3616.892206

3616.892206

3616.892206

7322.014189

6204.830174

8812.216690

8812.216690

6204.830174

7322.014189

3616.892206

3616.892206

3616.892206

3616.892206

3616.892206

3616.892206

3616.892206

3616.892206

3616.892206

3616.892206

3616.892206

3616.892206

3616.892206

3616.892206

3616.892206

3616.892206

3616.892206

3616.892206

3616.892206

3616.892206

3616.892206

3616.892206

3616.892206

3616.892206

3616.892206

3616.892206

3616.892206

3616.892206

3616.892206

3616.892206

3616.892206

3616.892206

3616.892206

3616.892206

3616.892206

3616.892206

3616.892206

3616.892206

3616.892206

3616.892206

3616.892206

3616.892206

3616.892206

3616.892206

3616.892206

3616.892206

3616.892206

3616.892206

3616.892206

3616.892206

3616.892206

3616.892206

3616.892206

3616.892206

3616.892206

3616.892206

3616.892206

3616.892206

3616.892206

3616.892206

3616.892206

3616.892206

3616.892206

3616.892206

3616.892206

3616.892206

3616.892206

3616.892206

3616.892206

3616.892206

3616.892206

3616.892206

3616.892206

3616.892206

3616.892206

3616.892206

3616.892206

3616.892206

3616.892206

3616.892206

3616.892206

3616.892206

3616.892206

3616.892206

3616.892206

3616.892206

3616.892206

3616.892206

3616.892206

3616.892206

3616.892206

3616.892206

3616.892206

3616.892206

3616.892206

3616.892206

3616.892206

3616.892206

3616.892206

3616.892206

3616.892206

3616.892206

3616.892206

3616.892206

3616.892206

3616.892206

3616.892206

3616.892206

3616.892206

3616.892206

3616.892206

3616.892206

3616.892206

3616.892206

3616.892206

3616.892206

3616.892206

3616.892206

3616.892206

3616.892206

3616.892206

3616.892206

3616.892206

3616.892206

3616.892206

3616.892206

3616.892206

3616.892206

3616.892206

3616.892206

3616.892206

3616.892206

3616.892206

3616.892206

3616.892206

3616.892206

3616.892206

3616.892206

3616.892206

3616.892206

3616.892206

3616.892206

3616.892206

3616.892206

3616.892206

3616.892206

3616.892206

3616.892206

3616.892206

3616.892206

3616.892206

3616.892206

3616.892206

3616.892206

3616.892206

3616.892206

3616.892206

3616.892206

3616.892206

3616.892206

3616.892206

3616.892206

3616.892206

3616.892206

3616.892206

3616.892206

3616.892206

3616.892206

3616.892206

3616.892206

3616.892206

3616.892206

3616.892206

3616.892206

3616.892206

3616.892206

3616.892206

3616.892206

3616.892206

3616.892206

3616.892206

3616.892206

3616.892206

3616.892206

3616.892206

3616.892206

3616.892206

3616.892206

3616.892206

3616.892206

3616.892206

3616.892206

3616.892206

3616.892206

3616.892206

3616.892206

3616.892206

3616.892206

3616.892206

3616.892206

3616.892206

3616.892206

3616.892206

3616.892206

3616.892206

3616.892206

3616.892206

3616.892206

3616.892206

3616.892206

3616.892206

3616.892206

3616.892206

3616.892206

3616.892206

3616.892206

3616.892206

3616.892206

3616.892206

3616.892206

3616.892206

3616.892206

3616.892206

3616.892206

3616.892206

3616.892206

3616.892206

3616.892206

3616.892206

3616.892206

3616.892206

3616.892206

3616.892206

3616.892206

3616.892206

3616.892206

3616.892206

3616.892206

3616.892206

3616.892206

3616.892206

3616.892206

3616.892206

3616.892206

3616.892206

3616.892206

3616.892206

3616.892206

3616.892206

3616.892206

3616.892206

3616.892206

