AXIS X

0.000000 0.001000 0.002000 0.003000 0.004000 0.005000 0.006000 0.007000 0.008000 0.009000 0.010000 0.011000 0.012000 0.013000 0.014000 0.015000 0.016000 0.017000 0.018000 0.019000 0.020000 0.021000 0.022000 0.023000 0.024000 0.025000 0.026000 0.027000 0.028000 0.029000 

AXIS Y

0.000000 0.001000 0.002000 0.003000 0.004000 0.005000 0.006000 0.007000 0.008000 0.009000 0.010000 0.011000 0.012000 0.013000 0.014000 0.015000 0.016000 0.017000 0.018000 0.019000 0.020000 0.021000 0.022000 0.023000 0.024000 0.025000 0.026000 0.027000 0.028000 0.029000 



DATA
1570.796327

1570.796327

1570.796327

1570.796327

1570.796327

1570.796327

1570.796327

1570.796327

1570.796327

1570.796327

1570.796327

1570.796327

1570.796327

1570.796327

1570.796327

1570.796327

1570.796327

1570.796327

1570.796327

1570.796327

1570.796327

1570.796327

1570.796327

1570.796327

1570.796327

1570.796327

1570.796327

1570.796327

1570.796327

1570.796327

1570.796327

1570.796327

1570.796327

1570.796327

1570.796327

1570.796327

1570.796327

1570.796327

1570.796327

1570.796327

1570.796327

1570.796327

1570.796327

1570.796327

1570.796327

1570.796327

1570.796327

1570.796327

1570.796327

1570.796327

1570.796327

1570.796327

1570.796327

1570.796327

1570.796327

1570.796327

1570.796327

1570.796327

1570.796327

1570.796327

1570.796327

1570.796327

1570.796327

1570.796327

1570.796327

1570.796327

1570.796327

1570.796327

1570.796327

1570.796327

1570.796327

1570.796327

1570.796327

1570.796327

1570.796327

1570.796327

1570.796327

1570.796327

1570.796327

1570.796327

1570.796327

1570.796327

1570.796327

1570.796327

1570.796327

1570.796327

1570.796327

1570.796327

1570.796327

1570.796327

1570.796327

1570.796327

1570.796327

1570.796327

1570.796327

1570.796327

1570.796327

1570.796327

1570.796327

1570.796327

1570.796327

1570.796327

1570.796327

1570.796327

1570.796327

1570.796327

1570.796327

1570.796327

1570.796327

1570.796327

1570.796327

1570.796327

1570.796327

1570.796327

1570.796327

1570.796327

1570.796327

1570.796327

1570.796327

1570.796327

1570.796327

1570.796327

1570.796327

1570.796327

1570.796327

1570.796327

1570.796327

1570.796327

1570.796327

1570.796327

1570.796327

1570.796327

1570.796327

1570.796327

1570.796327

1570.796327

1570.796327

1570.796327

1570.796327

1570.796327

1570.796327

1570.796327

1570.796327

1570.796327

1570.796327

1570.796327

1570.796327

1570.796327

1570.796327

1570.796327

1570.796327

1570.796327

1570.796327

1570.796327

1570.796327

1570.796327

1570.796327

1570.796327

1570.796327

1570.796327

1570.796327

1570.796327

1570.796327

1570.796327

1570.796327

1570.796327

1570.796327

1570.796327

1570.796327

1570.796327

1570.796327

1570.796327

1570.796327

1570.796327

1570.796327

1570.796327

1570.796327

1570.796327

1570.796327

1570.796327

1570.796327

1570.796327

1570.796327

1570.796327

1570.796327

1570.796327

1570.796327

1570.796327

1570.796327

1570.796327

1570.796327

1570.796327

1570.796327

1570.796327

1570.796327

1570.796327

1570.796327

1570.796327

1570.796327

1570.796327

1570.796327

1570.796327

1570.796327

1570.796327

1570.796327

1570.796327

1570.796327

1570.796327

1570.796327

1570.796327

1570.796327

1570.796327

1570.796327

1570.796327

1570.796327

1570.796327

1570.796327

1570.796327

1570.796327

1570.796327

1570.796327

1570.796327

1570.796327

1570.796327

1570.796327

1570.796327

1570.796327

1570.796327

1570.796327

1570.796327

1570.796327

1570.796327

1570.796327

1570.796327

1570.796327

1570.796327

1570.796327

1570.796327

1570.796327

1570.796327

1570.796327

1570.796327

1570.796327

1570.796327

1570.796327

1570.796327

1570.796327

1570.796327

1570.796327

1570.796327

1570.796327

1570.796327

2130.833294

2130.411016

3243.611722

3243.611722

2130.411016

2130.833294

1570.796327

1570.796327

1570.796327

1570.796327

1570.796327

1570.796327

1570.796327

1570.796327

1570.796327

1570.796327

1570.796327

1570.796327

1570.796327

1570.796327

1570.796327

1570.796327

1570.796327

1570.796327

1570.796327

1570.796327

1570.796327

1570.796327

1570.796327

2829.591361

2699.602540

3492.774161

8759.914188

8759.914188

3492.774161

2699.602540

2829.591361

1570.796327

1570.796327

1570.796327

1570.796327

1570.796327

1570.796327

1570.796327

1570.796327

1570.796327

1570.796327

1570.796327

1570.796327

1570.796327

1570.796327

1570.796327

1570.796327

1570.796327

1570.796327

1570.796327

1570.796327

1570.796327

3824.036789

5266.037923

7737.738922

7765.878961

6420.064554

6420.064554

7765.878961

7737.738922

5266.037923

3824.036789

1570.796327

1570.796327

1570.796327

1570.796327

1570.796327

1570.796327

1570.796327

1570.796327

1570.796327

1570.796327

1570.796327

1570.796327

1570.796327

1570.796327

1570.796327

1570.796327

1570.796327

1570.796327

1570.796327

2580.429116

3850.161688

7641.161789

10262.732202

5555.440261

4497.661241

4497.661241

5555.440261

10262.732202

7641.161789

3850.161688

2580.429116

1570.796327

1570.796327

1570.796327

1570.796327

1570.796327

1570.796327

1570.796327

1570.796327

1570.796327

1570.796327

1570.796327

1570.796327

1570.796327

1570.796327

1570.796327

1570.796327

1570.796327

2101.379545

2597.764543

3595.656950

5394.885266

5178.225888

4702.716894

6402.012789

6402.012789

4702.716894

5178.225888

5394.885266

3595.656950

2597.764543

2101.379545

1570.796327

1570.796327

1570.796327

1570.796327

1570.796327

1570.796327

1570.796327

1570.796327

1570.796327

1570.796327

1570.796327

1570.796327

1570.796327

1570.796327

1570.796327

1570.796327

2834.679883

3283.726062

4104.444201

4391.445696

4524.487964

5787.060489

4972.002235

4972.002235

5787.060489

4524.487964

4391.445696

4104.444201

3283.726062

2834.679883

1570.796327

1570.796327

1570.796327

1570.796327

1570.796327

1570.796327

1570.796327

1570.796327

1570.796327

1570.796327

1570.796327

1570.796327

1570.796327

1570.796327

1570.796327

1570.796327

2859.480859

3666.663197

3784.632005

3735.441464

4443.259088

8112.032315

4642.734543

4642.734543

8112.032315

4443.259088

3735.441464

3784.632005

3666.663197

2859.480859

1570.796327

1570.796327

1570.796327

1570.796327

1570.796327

1570.796327

1570.796327

1570.796327

1570.796327

1570.796327

1570.796327

1570.796327

1570.796327

1570.796327

1570.796327

1570.796327

2593.262858

3081.268563

3161.401382

3275.234678

3948.532547

7306.646437

4550.549569

4550.549569

7306.646437

3948.532547

3275.234678

3161.401382

3081.268563

2593.262858

1570.796327

1570.796327

1570.796327

1570.796327

1570.796327

1570.796327

1570.796327

1570.796327

1570.796327

1570.796327

1570.796327

1570.796327

1570.796327

1570.796327

1570.796327

1570.796327

2354.134532

2774.507559

2989.397036

2965.415193

3415.006406

5063.556771

4034.070221

4034.070221

5063.556771

3415.006406

2965.415193

2989.397036

2774.507559

2354.134532

1570.796327

1570.796327

1570.796327

1570.796327

1570.796327

1570.796327

1570.796327

1570.796327

1570.796327

1570.796327

1570.796327

1570.796327

1570.796327

1570.796327

1570.796327

1570.796327

2069.579340

2885.795768

2940.030821

2759.378395

3584.185094

6466.638204

2773.539632

2773.539632

6466.638204

3584.185094

2759.378395

2940.030821

2885.795768

2069.579340

1570.796327

1570.796327

1570.796327

1570.796327

1570.796327

1570.796327

1570.796327

1570.796327

1570.796327

1570.796327

1570.796327

1570.796327

1570.796327

1570.796327

1570.796327

1570.796327

1570.796327

3294.895077

2728.139900

2831.184838

5422.162935

9865.282562

2473.265687

2473.265687

9865.282562

5422.162935

2831.184838

2728.139900

3294.895077

1570.796327

1570.796327

1570.796327

1570.796327

1570.796327

1570.796327

1570.796327

1570.796327

1570.796327

1570.796327

1570.796327

1570.796327

1570.796327

1570.796327

1570.796327

1570.796327

1570.796327

1570.796327

1570.796327

2481.655150

2690.676766

4093.266887

3125.092875

2993.662369

2993.662369

3125.092875

4093.266887

2690.676766

2481.655150

1570.796327

1570.796327

1570.796327

1570.796327

1570.796327

1570.796327

1570.796327

1570.796327

1570.796327

1570.796327

1570.796327

1570.796327

1570.796327

1570.796327

1570.796327

1570.796327

1570.796327

1570.796327

1570.796327

1570.796327

1570.796327

2379.373996

3440.909374

3033.661846

405.444966

405.444966

3033.661846

3440.909374

2379.373996

1570.796327

1570.796327

1570.796327

1570.796327

1570.796327

1570.796327

1570.796327

1570.796327

1570.796327

1570.796327

1570.796327

1570.796327

1570.796327

1570.796327

1570.796327

1570.796327

1570.796327

1570.796327

1570.796327

1570.796327

1570.796327

1570.796327

1570.796327

3179.910359

2694.723506

3827.097082

3827.097082

2694.723506

3179.910359

1570.796327

1570.796327

1570.796327

1570.796327

1570.796327

1570.796327

1570.796327

1570.796327

1570.796327

1570.796327

1570.796327

1570.796327

1570.796327

1570.796327

1570.796327

1570.796327

1570.796327

1570.796327

1570.796327

1570.796327

1570.796327

1570.796327

1570.796327

1570.796327

1570.796327

1570.796327

1570.796327

1570.796327

1570.796327

1570.796327

1570.796327

1570.796327

1570.796327

1570.796327

1570.796327

1570.796327

1570.796327

1570.796327

1570.796327

1570.796327

1570.796327

1570.796327

1570.796327

1570.796327

1570.796327

1570.796327

1570.796327

1570.796327

1570.796327

1570.796327

1570.796327

1570.796327

1570.796327

1570.796327

1570.796327

1570.796327

1570.796327

1570.796327

1570.796327

1570.796327

1570.796327

1570.796327

1570.796327

1570.796327

1570.796327

1570.796327

1570.796327

1570.796327

1570.796327

1570.796327

1570.796327

1570.796327

1570.796327

1570.796327

1570.796327

1570.796327

1570.796327

1570.796327

1570.796327

1570.796327

1570.796327

1570.796327

1570.796327

1570.796327

1570.796327

1570.796327

1570.796327

1570.796327

1570.796327

1570.796327

1570.796327

1570.796327

1570.796327

1570.796327

1570.796327

1570.796327

1570.796327

1570.796327

1570.796327

1570.796327

1570.796327

1570.796327

1570.796327

1570.796327

1570.796327

1570.796327

1570.796327

1570.796327

1570.796327

1570.796327

1570.796327

1570.796327

1570.796327

1570.796327

1570.796327

1570.796327

1570.796327

1570.796327

1570.796327

1570.796327

1570.796327

1570.796327

1570.796327

1570.796327

1570.796327

1570.796327

1570.796327

1570.796327

1570.796327

1570.796327

1570.796327

1570.796327

1570.796327

1570.796327

1570.796327

1570.796327

1570.796327

1570.796327

1570.796327

1570.796327

1570.796327

1570.796327

1570.796327

1570.796327

1570.796327

1570.796327

1570.796327

1570.796327

1570.796327

1570.796327

1570.796327

1570.796327

1570.796327

1570.796327

1570.796327

1570.796327

1570.796327

1570.796327

1570.796327

1570.796327

1570.796327

1570.796327

1570.796327

1570.796327

1570.796327

1570.796327

1570.796327

1570.796327

1570.796327

1570.796327

1570.796327

1570.796327

1570.796327

1570.796327

1570.796327

1570.796327

1570.796327

1570.796327

1570.796327

1570.796327

1570.796327

1570.796327

1570.796327

1570.796327

1570.796327

1570.796327

1570.796327

1570.796327

1570.796327

1570.796327

1570.796327

1570.796327

1570.796327

1570.796327

1570.796327

1570.796327

1570.796327

1570.796327

1570.796327

1570.796327

1570.796327

1570.796327

1570.796327

1570.796327

1570.796327

1570.796327

1570.796327

1570.796327

1570.796327

1570.796327

1570.796327

1570.796327

1570.796327

1570.796327

1570.796327

1570.796327

1570.796327

1570.796327

1570.796327

1570.796327

1570.796327

1570.796327

1570.796327

1570.796327

1570.796327

1570.796327

1570.796327

1570.796327

1570.796327

1570.796327

1570.796327

1570.796327

1570.796327

1570.796327

1570.796327

1570.796327

1570.796327

1570.796327

1570.796327

1570.796327

1570.796327

1570.796327

1570.796327

1570.796327

1570.796327

1570.796327

1570.796327

1570.796327

1570.796327

1570.796327

1570.796327

1570.796327

