AXIS X

0.000000 0.000500 0.001000 0.001500 0.002000 0.002500 0.003000 0.003500 0.004000 0.004500 0.005000 0.005500 0.006000 0.006500 0.007000 0.007500 0.008000 0.008500 0.009000 0.009500 0.010000 0.010500 0.011000 0.011500 0.012000 0.012500 0.013000 0.013500 0.014000 0.014500 0.015000 0.015500 0.016000 0.016500 0.017000 0.017500 0.018000 0.018500 0.019000 0.019500 0.020000 0.020500 0.021000 0.021500 0.022000 0.022500 0.023000 0.023500 0.024000 0.024500 0.025000 0.025500 0.026000 0.026500 0.027000 0.027500 0.028000 0.028500 0.029000 0.029500 

AXIS Y

0.000000 0.000500 0.001000 0.001500 0.002000 0.002500 0.003000 0.003500 0.004000 0.004500 0.005000 0.005500 0.006000 0.006500 0.007000 0.007500 0.008000 0.008500 0.009000 0.009500 0.010000 0.010500 0.011000 0.011500 0.012000 0.012500 0.013000 0.013500 0.014000 0.014500 0.015000 0.015500 0.016000 0.016500 0.017000 0.017500 0.018000 0.018500 0.019000 0.019500 0.020000 0.020500 0.021000 0.021500 0.022000 0.022500 0.023000 0.023500 0.024000 0.024500 0.025000 0.025500 0.026000 0.026500 0.027000 0.027500 0.028000 0.028500 0.029000 0.029500 



DATA
6322.616037

8474.972447

9333.902880

10363.138549

11226.399986

11916.670848

12487.899905

12925.902145

13247.237205

13364.958615

13266.223509

12849.341946

12151.828451

11147.297788

9981.259872

8722.491394

7554.774150

6533.585219

5762.951978

5232.025845

4993.977289

5044.324375

5504.879754

6497.250120

8455.926239

11858.945869

17936.366349

26098.874087

36867.198623

33331.303331

33331.303339

36867.198646

26098.874113

17936.366364

11858.945879

8455.926245

6497.250124

5504.879757

5044.324377

4993.977291

5232.025847

5762.951978

6533.585220

7554.774149

8722.491392

9981.259870

11147.297785

12151.828448

12849.341944

13266.223506

13364.958613

13247.237203

12925.902143

12487.899903

11916.670847

11226.399985

10363.138548

9333.902879

8474.972446

6322.616036

8304.179845

12649.954320

12202.307050

12140.218415

12309.350927

12533.096424

12604.380655

12494.656401

12122.019044

11524.591791

10672.690704

9660.386393

8518.667591

7384.819181

6311.729393

5395.700919

4638.339468

4064.072391

3638.937807

3363.410408

3206.899833

3179.566718

3267.708689

3510.502656

3927.964314

4661.402102

5889.959449

8600.598424

15207.299237

12626.845005

12626.845008

15207.299245

8600.598432

5889.959455

4661.402107

3927.964317

3510.502659

3267.708692

3179.566721

3206.899835

3363.410410

3638.937809

4064.072393

4638.339470

5395.700921

6311.729394

7384.819182

8518.667591

9660.386393

10672.690704

11524.591790

12122.019043

12494.656400

12604.380654

12533.096424

12309.350927

12140.218414

12202.307049

12649.954319

8304.179843

8796.420325

12324.173965

13552.968972

13427.958010

13353.059056

13160.927160

12775.365532

12048.643742

11047.298577

9807.360434

8496.313891

7193.281188

6027.986815

5021.600612

4213.358084

3569.359884

3081.981893

2709.723021

2440.714301

2244.352850

2114.961256

2031.724341

1995.398897

1994.801910

2045.100258

2167.867691

2450.935455

3159.516286

4336.279456

5320.337992

5320.337994

4336.279459

3159.516288

2450.935457

2167.867693

2045.100260

1994.801912

1995.398899

2031.724343

2114.961258

2244.352851

2440.714303

2709.723022

3081.981895

3569.359886

4213.358086

5021.600614

6027.986817

7193.281189

8496.313892

9807.360435

11047.298577

12048.643743

12775.365532

13160.927160

13353.059057

13427.958011

13552.968972

12324.173964

8796.420324

9532.894323

11998.227885

13418.083855

13813.307865

13645.817732

13194.288271

12329.562786

11111.531004

9609.851617

8065.407436

6613.360615

5391.626903

4398.734004

3636.913115

3048.277067

2607.671569

2268.854247

2015.874933

1819.375899

1671.953897

1554.117286

1463.416087

1387.430021

1330.218736

1292.752833

1297.858297

1389.359229

1632.433775

2041.842041

2531.133304

2531.133305

2041.842042

1632.433776

1389.359229

1297.858297

1292.752834

1330.218737

1387.430022

1463.416087

1554.117287

1671.953898

1819.375900

2015.874934

2268.854248

2607.671571

3048.277068

3636.913116

4398.734006

5391.626905

6613.360617

8065.407437

9609.851618

11111.531005

12329.562787

13194.288272

13645.817732

13813.307865

13418.083854

11998.227884

9532.894322

10210.912398

11968.038391

13051.002968

13349.709813

13054.461182

12244.352415

11024.191422

9469.074019

7842.024752

6321.933629

5068.370272

4078.994872

3340.393166

2782.883226

2371.931712

2058.081241

1823.092685

1637.717636

1494.414409

1374.240950

1275.045686

1184.283536

1105.168514

1033.893826

984.126577

967.411955

1016.979808

1144.648890

1381.180073

1798.505739

1798.505740

1381.180073

1144.648891

1016.979809

967.411955

984.126577

1033.893826

1105.168515

1184.283536

1275.045687

1374.240950

1494.414410

1637.717637

1823.092686

2058.081242

2371.931714

2782.883227

3340.393168

4078.994874

5068.370274

6321.933631

7842.024755

9469.074021

11024.191424

12244.352416

13054.461183

13349.709813

13051.002968

11968.038391

10210.912398

10877.558754

12060.739558

12607.020380

12472.543786

11735.851527

10564.651287

9076.711452

7511.063343

6039.839290

4821.804770

3863.226117

3152.379271

2621.584797

2235.154244

1943.887828

1728.790978

1560.715048

1431.973019

1323.418451

1233.078075

1147.482243

1069.850433

993.763458

930.980226

885.394908

880.986616

925.802199

1044.731505

1221.261836

1528.566706

1528.566706

1221.261837

1044.731506

925.802200

880.986617

885.394908

930.980226

993.763458

1069.850433

1147.482244

1233.078076

1323.418452

1431.973019

1560.715049

1728.790979

1943.887829

2235.154245

2621.584799

3152.379273

3863.226118

4821.804772

6039.839292

7511.063345

9076.711454

10564.651288

11735.851527

12472.543786

12607.020380

12060.739558

10877.558754

11517.136774

12127.646227

12060.297985

11306.783814

10078.960180

8584.384692

7072.247726

5686.585275

4547.995473

3651.687303

2984.892716

2487.026325

2126.567809

1858.381466

1664.788409

1517.975164

1410.444629

1323.031669

1253.530766

1187.028160

1126.112561

1061.367047

1003.790632

953.505058

933.489498

952.760960

1041.156826

1185.054278

1366.441756

1623.926719

1623.926719

1366.441757

1185.054278

1041.156826

952.760960

933.489498

953.505058

1003.790632

1061.367048

1126.112561

1187.028161

1253.530767

1323.031669

1410.444630

1517.975164

1664.788410

1858.381466

2126.567810

2487.026326

2984.892718

3651.687305

4547.995474

5686.585277

7072.247728

8584.384694

10078.960180

11306.783814

12060.297985

12127.646227

11517.136774

12092.796396

12066.568395

11312.307914

9972.637565

8342.871189

6756.408824

5373.168096

4277.497160

3433.746410

2811.640461

2348.795290

2015.183563

1769.822485

1597.264170

1472.251612

1388.239776

1327.111224

1286.637990

1250.957573

1221.382849

1184.900167

1150.884351

1115.044801

1101.599818

1120.245758

1214.437972

1400.698082

1679.092783

1878.336525

2001.366937

2001.366937

1878.336525

1679.092784

1400.698082

1214.437972

1120.245758

1101.599818

1115.044801

1150.884351

1184.900167

1221.382849

1250.957573

1286.637991

1327.111224

1388.239777

1472.251613

1597.264170

1769.822486

2015.183563

2348.795291

2811.640462

3433.746411

4277.497162

5373.168098

6756.408825

8342.871190

9972.637566

11312.307915

12066.568396

12092.796397

12516.625113

11771.562664

10353.931007

8544.020581

6766.612683

5261.460002

4116.557702

3268.712149

2661.084472

2217.647575

1902.373695

1673.969446

1517.580042

1410.101195

1346.274281

1310.062173

1300.071101

1301.101847

1313.550307

1321.407584

1330.936531

1331.756292

1347.692609

1386.083995

1504.775656

1749.872254

2235.225892

2895.306612

3216.593597

2930.108336

2930.108335

3216.593596

2895.306611

2235.225891

1749.872253

1504.775656

1386.083995

1347.692609

1331.756293

1330.936531

1321.407585

1313.550308

1301.101847

1300.071101

1310.062173

1346.274281

1410.101196

1517.580043

1673.969447

1902.373696

2217.647575

2661.084473

3268.712150

4116.557704

5261.460003

6766.612684

8544.020582

10353.931008

11771.562665

12516.625114

12671.755959

11176.145027

9193.987609

7165.855923

5439.038167

4149.804620

3225.725166

2584.385644

2129.386965

1812.889826

1587.954000

1437.434036

1338.340249

1286.086862

1266.708416

1280.413601

1314.442547

1369.873429

1430.105534

1497.993686

1556.240330

1623.382095

1699.369993

1848.269497

2125.559152

2736.251137

3934.895927

5914.423243

6767.003085

4825.368746

4825.368742

6767.003073

5914.423235

3934.895924

2736.251136

2125.559151

1848.269496

1699.369993

1623.382095

1556.240330

1497.993687

1430.105535

1369.873429

1314.442548

1280.413601

1266.708416

1286.086863

1338.340249

1437.434036

1587.954001

1812.889826

2129.386965

2584.385645

3225.725167

4149.804621

5439.038168

7165.855924

9193.987610

11176.145029

12671.755960

12423.823554

10245.453877

7935.071917

5918.777663

4407.304363

3341.793399

2618.565919

2117.602235

1775.924250

1536.970151

1378.934649

1276.503127

1224.621992

1210.251927

1235.206585

1289.775483

1377.509587

1484.336836

1611.789820

1737.276839

1869.131189

1993.293545

2162.893936

2419.547757

2961.139062

4082.992489

6718.174111

11591.283582

17592.633096

17448.397425

17448.397398

17592.633034

11591.283548

6718.174100

4082.992486

2961.139061

2419.547757

2162.893936

1993.293545

1869.131190

1737.276839

1611.789820

1484.336836

1377.509587

1289.775484

1235.206586

1210.251928

1224.621993

1276.503127

1378.934649

1536.970151

1775.924251

2117.602236

2618.565920

3341.793400

4407.304364

5918.777665

7935.071918

10245.453879

12423.823556

11690.805787

9032.917794

6673.215214

4879.314805

3620.703015

2775.776720

2199.121590

1810.351929

1540.690115

1362.246431

1245.383611

1183.553085

1163.010964

1186.487963

1246.360100

1349.273267

1485.318473

1658.003946

1843.249016

2038.605728

2211.827110

2390.199187

2585.873834

2934.324139

3603.242987

5166.385142

8546.362654

15415.024361

40945.065118

321115.135024

321115.136040

40945.065063

15415.024308

8546.362637

5166.385137

3603.242985

2934.324138

2585.873833

2390.199187

2211.827111

2038.605728

1843.249017

1658.003946

1485.318473

1349.273267

1246.360100

1186.487964

1163.010964

1183.553086

1245.383612

1362.246432

1540.690116

1810.351929

2199.121591

2775.776721

3620.703016

4879.314806

6673.215216

9032.917795

11690.805789

10457.161647

7657.851460

5524.123012

4036.458277

3044.098349

2372.446866

1921.193251

1608.229921

1399.276858

1259.340714

1179.961588

1145.322973

1158.363507

1211.830693

1314.885840

1460.986096

1657.642604

1882.395531

2126.121798

2339.403908

2519.377617

2646.897037

2805.478158

3073.444516

3702.173941

5073.931454

8130.909642

14827.670162

72870.725030

877411.880871

877411.883658

72870.725186

14827.670133

8130.909629

5073.931450

3702.173939

3073.444515

2805.478158

2646.897036

2519.377617

2339.403908

2126.121798

1882.395531

1657.642604

1460.986097

1314.885840

1211.830693

1158.363507

1145.322973

1179.961588

1259.340715

1399.276858

1608.229922

1921.193252

2372.446867

3044.098350

4036.458278

5524.123013

7657.851462

10457.161649

8868.466315

6284.807597

4532.524168

3382.693566

2613.706189

2097.197459

1736.897807

1492.740448

1324.861494

1223.537828

1170.390928

1168.513018

1209.644496

1304.832949

1448.942664

1653.820829

1898.921008

2173.183525

2413.004757

2589.906465

2657.828827

2672.170434

2682.758890

2830.677102

3254.646431

4311.697564

6839.959667

15172.933878

94788.164044

916912.327608

916912.331225

94788.164357

15172.933871

6839.959662

4311.697561

3254.646429

2830.677101

2682.758889

2672.170434

2657.828827

2589.906465

2413.004758

2173.183525

1898.921009

1653.820830

1448.942664

1304.832950

1209.644496

1168.513019

1170.390929

1223.537828

1324.861495

1492.740449

1736.897807

2097.197460

2613.706190

3382.693567

4532.524169

6284.807598

8868.466316

7135.598454

5042.878920

3724.910898

2871.268625

2303.853237

1906.901934

1633.262767

1439.672619

1316.791827

1244.522561

1227.107609

1254.892467

1341.098808

1480.541271

1689.743721

1948.696953

2247.553917

2508.365232

2682.208181

2698.002170

2601.748228

2443.793572

2342.569541

2374.138122

2689.851976

3567.135257

6245.991453

15584.069844

75779.337282

575731.843256

575731.846980

75779.337667

15584.069862

6245.991454

3567.135256

2689.851975

2374.138121

2342.569541

2443.793572

2601.748228

2698.002171

2682.208182

2508.365233

2247.553917

1948.696953

1689.743722

1480.541272

1341.098808

1254.892468

1227.107609

1244.522561

1316.791827

1439.672620

1633.262767

1906.901934

2303.853238

2871.268625

3724.910899

5042.878921

7135.598456

5517.581589

4003.930703

3077.576565

2483.134653

2075.074777

1792.199660

1587.325182

1452.108963

1366.488713

1337.720802

1355.654731

1437.216399

1577.037471

1798.157869

2080.317223

2418.096542

2714.545458

2899.918765

2869.199080

2672.163530

2374.440449

2108.499574

1936.010174

1940.727758

2226.284181

3175.576367

6376.637476

14594.730981

42209.975913

252372.776863

252372.779498

42209.976212

14594.731021

6376.637480

3175.576367

2226.284181

1940.727758

1936.010174

2108.499573

2374.440449

2672.163531

2869.199081

2899.918766

2714.545459

2418.096543

2080.317224

1798.157870

1577.037472

1437.216399

1355.654731

1337.720802

1366.488713

1452.108963

1587.325183

1792.199660

2075.074778

2483.134654

3077.576566

4003.930704

5517.581590

4155.680869

3174.960237

2574.012160

2182.565639

1919.370471

1730.195151

1604.194659

1521.721724

1494.029329

1512.292133

1599.596996

1751.929089

2002.759197

2333.000560

2747.883264

3124.181929

3364.307980

3300.300877

2992.233338

2533.147682

2105.287798

1775.137738

1600.852152

1609.831814

1937.627048

3105.985806

6891.956979

14253.014537

30702.972165

137957.954575

137957.956504

30702.972429

14253.014597

6891.956988

3105.985806

1937.627048

1609.831814

1600.852152

1775.137738

2105.287798

2533.147683

2992.233339

3300.300879

3364.307981

3124.181930

2747.883265

2333.000560

2002.759198

1751.929089

1599.596997

1512.292134

1494.029330

1521.721724

1604.194660

1730.195152

1919.370472

2182.565640

2574.012161

3174.960237

4155.680870

3107.251975

2534.792002

2180.650174

1959.552956

1813.833935

1725.745320

1673.911341

1670.883678

1710.089172

1822.559730

2008.844029

2318.700912

2739.421527

3298.715075

3840.997125

4230.756896

4176.109898

3738.653678

3044.227903

2388.292497

1865.012832

1531.396446

1368.110949

1410.986502

1808.934210

3293.645847

7747.942938

15445.852319

31948.402907

122673.702787

122673.704580

31948.403221

15445.852403

7747.942955

3293.645848

1808.934210

1410.986502

1368.110949

1531.396446

1865.012832

2388.292498

3044.227904

3738.653680

4176.109900

4230.756899

3840.997127

3298.715077

2739.421528

2318.700913

2008.844029

1822.559730

1710.089173

1670.883678

1673.911342

1725.745321

1813.833936

1959.552956

2180.650175

2534.792003

3107.251975

2334.081208

2047.477897

1880.064160

1791.130124

1760.673552

1766.372906

1817.305544

1907.786162

2075.235224

2328.525878

2740.294795

3315.424493

4122.650204

4974.233794

5690.647718

5762.217222

5214.451361

4162.566875

3126.565838

2279.748388

1721.974626

1386.623201

1253.651151

1336.626018

1859.788820

3830.172538

8632.755631

18956.869698

37270.749167

127196.694379

127196.695945

37270.749542

18956.869821

8632.755657

3830.172541

1859.788820

1336.626018

1253.651151

1386.623201

1721.974626

2279.748389

3126.565839

4162.566879

5214.451366

5762.217228

5690.647723

4974.233797

4122.650206

3315.424494

2740.294796

2328.525879

2075.235225

1907.786162

1817.305545

1766.372906

1760.673553

1791.130125

1880.064160

2047.477898

2334.081208

1783.657867

1681.615559

1648.091225

1674.333568

1745.476248

1867.702128

2036.131014

2289.971493

2648.686878

3212.251364

4021.607084

5210.684165

6570.877499

7868.287251

8288.501088

7794.064180

6322.594168

4697.347945

3253.782550

2285.471557

1675.478393

1355.481188

1248.883616

1409.078927

2183.220388

4856.147204

10544.998696

22449.867200

42364.186461

101998.020022

101998.020734

42364.186841

22449.867346

10544.998731

4856.147208

2183.220388

1409.078927

1248.883616

1355.481188

1675.478394

2285.471558

3253.782552

4697.347950

6322.594177

7794.064193

8288.501102

7868.287261

6570.877505

5210.684169

4021.607086

3212.251365

2648.686878

2289.971494

2036.131014

1867.702129

1745.476248

1674.333568

1648.091225

1681.615559

1783.657868

1394.611494

1408.231383

1474.585110

1594.083287

1776.715219

2023.957870

2374.952667

2860.409158

3605.922449

4707.611273

6389.090274

8449.043294

10552.843686

11548.586146

11410.290465

9795.509112

7652.230602

5293.545520

3551.845150

2391.634274

1751.035340

1424.138361

1368.917848

1676.268488

2983.055833

7039.352233

13238.731083

26990.201523

42966.292361

77806.178742

77806.178862

42966.292633

26990.201686

13238.731125

7039.352240

2983.055833

1676.268488

1368.917848

1424.138361

1751.035341

2391.634276

3551.845154

5293.545528

7652.230619

9795.509137

11410.290494

11548.586173

10552.843705

8449.043304

6389.090279

4707.611276

3605.922451

2860.409159

2374.952668

2023.957870

1776.715219

1594.083288

1474.585110

1408.231384

1394.611495

1123.340952

1207.099536

1344.450532

1552.075605

1843.765006

2262.169004

2850.795051

3751.514786

5118.451832

7273.308388

10072.652257

13031.417201

14672.824406

15008.436357

13714.970958

11793.980700

8906.246748

6176.457259

3951.815164

2648.334762

1913.064655

1601.361893

1618.772524

2212.242293

4692.220518

10145.718277

19388.449546

29862.996305

40233.752936

51929.348407

51929.348370

40233.753058

29862.996438

19388.449598

10145.718283

4692.220518

2212.242293

1618.772524

1601.361893

1913.064656

2648.334764

3951.815169

6176.457272

8906.246774

11793.980741

13714.971007

15008.436408

14672.824448

13031.417229

10072.652271

7273.308394

5118.451835

3751.514787

2850.795052

2262.169005

1843.765007

1552.075605

1344.450533

1207.099536

1123.340953

934.780560

1060.748019

1253.662774

1537.236071

1959.246544

2577.351258

3538.304433

5033.564950

7456.179449

10788.720760

14463.282961

16731.296112

17452.789713

16548.419106

15254.754050

13020.324414

10375.987104

7039.398709

4542.362961

2941.784374

2162.605385

1836.438201

1990.026094

3160.596085

7001.177526

13762.200856

24262.245172

35156.815280

34306.726042

32074.850539

32074.850447

34306.726041

35156.815381

24262.245206

13762.200849

7001.177523

3160.596084

1990.026095

1836.438202

2162.605387

2941.784377

4542.362969

7039.398729

10375.987144

13020.324472

15254.754122

16548.419179

17452.789783

16731.296165

14463.282995

10788.720777

7456.179456

5033.564953

3538.304434

2577.351259

1959.246544

1537.236071

1253.662775

1060.748019

934.780560

806.955127

958.916754

1192.607475

1554.290157

2109.622282

3000.398868

4428.023072

6803.048811

10277.532537

14407.799499

17336.592631

18521.609439

17949.658018

16942.857221

15447.522476

13972.571077

11225.213612

7998.834860

4962.731359

3261.243669

2353.812347

2085.874594

2411.675371

4448.301297

9791.785545

15132.651583

25432.571733

30889.448299

40756.705499

56535.875309

56535.875192

40756.705422

30889.448289

25432.571727

15132.651550

9791.785526

4448.301295

2411.675371

2085.874595

2353.812349

3261.243674

4962.731370

7998.834889

11225.213665

13972.571154

15447.522562

16942.857312

17949.658105

18521.609516

17336.592687

14407.799532

10277.532551

6803.048817

4428.023074

3000.398869

2109.622283

1554.290157

1192.607475

958.916754

806.955127

724.140163

892.103209

1161.552737

1592.013415

2306.261051

3492.625111

5530.078645

8712.326668

12912.806123

16494.178341

18423.543000

18394.579194

17559.905268

16309.146642

15357.686225

13903.151209

11834.726391

8206.756585

5224.337844

3294.697467

2448.491977

2173.889283

2744.566850

6201.626117

11285.114087

17568.246442

19178.909068

23304.813277

28573.527383

40209.394665

40209.394474

28573.527233

23304.813154

19178.908988

17568.246359

11285.114040

6201.626108

2744.566851

2173.889285

2448.491980

3294.697473

5224.337858

8206.756619

11834.726458

13903.151297

15357.686324

16309.146741

17559.905367

18394.579283

18423.543074

16494.178391

12912.806150

8712.326679

5530.078648

3492.625113

2306.261052

1592.013415

1161.552737

892.103209

724.140163

677.465592

856.964230

1153.487585

1656.557464

2517.499950

4047.618699

6601.004004

10389.197602

14345.573201

17200.411066

18105.895131

17762.677477

16708.753389

15760.897841

14750.784812

13769.864097

11336.533500

8005.740178

4806.374963

3111.157303

2229.840623

2077.430559

2757.352125

7295.769689

11750.988915

16845.538546

18883.674409

20105.659586

26821.002489

40948.047914

40948.047779

26821.002295

20105.659389

18883.674218

16845.538408

11750.988828

7295.769668

2757.352124

2077.430560

2229.840626

3111.157309

4806.374978

8005.740216

11336.533571

13769.864195

14750.784917

15760.897948

16708.753492

17762.677574

18105.895214

17200.411127

14345.573237

10389.197619

6601.004010

4047.618701

2517.499950

1656.557464

1153.487586

856.964230

677.465592

662.158014

849.186146

1172.049118

1731.608710

2745.200932

4531.218682

7494.001460

11256.729146

14795.517148

16856.054572

17500.711612

16996.987125

16148.160631

15217.593336

14485.728453

13080.649464

10639.804937

6819.966784

4128.537230

2522.292923

1849.134721

1663.125730

2379.572947

7706.153502

10192.119150

15903.410141

20289.355202

26988.623828

27958.116673

34222.819096

34222.818973

27958.116424

26988.623459

20289.354940

15903.409939

10192.119038

7706.153466

2379.572945

1663.125731

1849.134723

2522.292928

4128.537243

6819.966817

10639.805008

13080.649564

14485.728565

15217.593447

16148.160739

16996.987224

17500.711699

16856.054638

14795.517191

11256.729167

7494.001469

4531.218685

2745.200933

1731.608710

1172.049118

849.186146

662.158014

677.676094

870.885290

1210.811573

1824.307883

2928.789750

4912.758471

7906.022962

11484.961626

14408.226699

16255.259535

16814.844809

16533.299675

15799.047337

15136.673441

14213.607949

12650.272695

9143.238468

5540.898879

3073.205057

1890.429335

1296.521716

1185.295834

1623.781123

5867.432662

9083.843727

14899.269918

24945.669357

33296.704530

30803.357689

35003.525093

35003.525022

30803.357381

33296.704122

24945.668987

14899.269649

9083.843583

5867.432629

1623.781121

1185.295835

1296.521717

1890.429338

3073.205066

5540.898904

9143.238527

12650.272796

14213.608065

15136.673559

15799.047448

16533.299777

16814.844896

16255.259601

14408.226743

11484.961651

7906.022973

4912.758475

2928.789751

1824.307883

1210.811573

870.885290

677.676094

727.964124

921.990140

1276.701821

1911.189083

3076.842379

5047.195258

7960.687569

11068.880793

13744.765500

15463.871217

16312.173424

16262.788641

15839.755760

15249.649138

14440.012132

11877.788025

7719.673315

4023.516080

2177.267960

1237.231037

849.103262

723.518031

986.891873

3507.690133

8703.339767

18092.280052

22690.697001

33776.981097

31947.867169

23869.669001

23869.668892

31947.866935

33776.980787

22690.696589

18092.279600

8703.339595

3507.690114

986.891872

723.518031

849.103262

1237.231038

2177.267966

4023.516096

7719.673362

11877.788119

14440.012256

15249.649262

15839.755877

16262.788745

16312.173511

15463.871281

13744.765543

11068.880818

7960.687581

5047.195262

3076.842380

1911.189083

1276.701821

921.990140

727.964124

822.257820

1010.732797

1362.834583

2005.202337

3127.847024

5020.667278

7577.597862

10417.202796

12785.833276

14681.389993

15831.908905

16249.241949

16055.788809

15818.122597

14725.777595

11356.331848

6023.867511

2868.253513

1406.065854

789.945047

511.965771

437.090959

541.888765

1773.738430

11245.712180

17785.171840

29825.428038

26647.256535

45353.686883

32624.432099

32624.431989

45353.686807

26647.256199

29825.427399

17785.171335

11245.711885

1773.738423

541.888765

437.090958

511.965771

789.945048

1406.065856

2868.253522

6023.867542

11356.331936

14725.777723

15818.122731

16055.788931

16249.242055

15831.908988

14681.390053

12785.833315

10417.202819

7577.597872

5020.667283

3127.847026

2005.202338

1362.834583

1010.732797

822.257820

978.949731

1142.427187

1480.594413

2081.865885

3133.247111

4763.944150

7038.018390

9435.208915

11769.776745

13707.441271

15361.367496

16276.784043

16583.064660

16499.570088

15570.570584

10510.621402

4704.548507

1947.734572

917.430781

489.708317

321.007750

261.654783

321.786326

899.724998

12829.125553

23833.279452

21811.810420

24237.466078

22602.543294

44885.168019

44885.168553

22602.543398

24237.465683

21811.809929

23833.278727

12829.125174

899.724995

321.786325

261.654783

321.007750

489.708317

917.430782

1947.734577

4704.548527

10510.621477

15570.570721

16499.570230

16583.064789

16276.784149

15361.367574

13707.441324

11769.776778

9435.208934

7038.018399

4763.944154

3133.247112

2081.865885

1480.594413

1142.427187

978.949731

1229.682841

1334.865470

1623.629815

2167.982532

3056.538774

4447.413990

6243.920907

8401.297247

10458.026617

12588.569400

14590.844231

16339.528088

17142.389582

17645.229121

16429.683166

10027.634842

3586.053095

1373.025653

610.382082

324.337360

207.367249

173.213109

202.335570

560.570752

15355.271104

20788.476883

14039.629115

21866.803890

32644.747729

43530.733707

43530.733872

32644.748136

21866.803871

14039.628853

20788.476221

15355.270608

560.570751

202.335570

173.213109

207.367249

324.337360

610.382083

1373.025655

3586.053108

10027.634908

16429.683309

17645.229274

17142.389715

16339.528191

14590.844301

12588.569444

10458.026643

8401.297262

6243.920915

4447.413994

3056.538775

2167.982533

1623.629815

1334.865470

1229.682840

1631.409430

1602.875752

1811.373699

2245.906935

2980.397204

4024.379157

5464.779331

7098.644486

9053.620638

11014.606302

13430.202993

16001.657444

17963.486835

18723.368013

18029.244543

9470.208858

2903.669392

1019.352208

444.416608

231.565730

147.493378

121.916503

153.161764

384.771343

8969.836872

10886.720394

17892.997558

47082.678556

37716.685722

33401.915750

33401.915711

37716.685650

47082.678995

17892.997391

10886.720171

8969.836632

384.771342

153.161764

121.916503

147.493378

231.565730

444.416608

1019.352210

2903.669400

9470.208913

18029.244695

18723.368174

17963.486970

16001.657539

13430.203050

11014.606335

9053.620657

7098.644497

5464.779337

4024.379160

2980.397205

2245.906936

1811.373699

1602.875752

1631.409430

2280.869729

1982.205278

2042.216323

2356.098412

2879.944574

3656.026681

4610.311806

5870.033095

7292.173448

9208.780947

11497.318196

15035.514066

18567.903466

20407.233597

19349.117765

9833.752342

2531.828029

842.585511

359.089685

185.870532

116.150827

93.740405

126.737750

490.294908

3321.447827

11349.378190

44305.040248

36504.759914

30265.534295

38502.411409

38502.411268

30265.534227

36504.759290

44305.039386

11349.377928

3321.447764

490.294907

126.737750

93.740405

116.150827

185.870532

359.089685

842.585512

2531.828034

9833.752394

19349.117923

20407.233770

18567.903600

15035.514145

11497.318236

9208.780969

7292.173461

5870.033102

4610.311810

3656.026683

2879.944575

2356.098412

2042.216323

1982.205278

2280.869728

3342.661375

2507.308948

2350.374713

2486.881916

2830.898041

3295.177135

3917.189059

4628.813092

5670.763644

6997.664229

9168.593248

12725.396465

18833.296066

22295.049117

21489.154085

10815.954632

2531.437737

789.521014

330.485272

168.512621

104.661214

80.252827

97.435732

975.372166

32262.899097

49271.364823

20449.390703

21120.977941

33513.785036

45944.932964

45944.933253

33513.785072

21120.977486

20449.389995

49271.363330

32262.897976

975.372163

97.435732

80.252827

104.661214

168.512621

330.485272

789.521015

2531.437742

10815.954687

21489.154255

22295.049301

18833.296191

12725.396519

9168.593273

6997.664241

5670.763651

4628.813096

3917.189061

3295.177136

2830.898042

2486.881917

2350.374713

2507.308948

3342.661374

5061.943574

3250.969467

2744.321381

2684.981854

2805.563586

3045.102122

3313.442064

3695.572844

4180.417560

5095.633947

6517.708537

9569.353310

16948.915767

25487.288251

23219.471447

13556.291299

2952.762682

849.291687

347.348451

176.142661

107.285016

82.508417

76.852770

339.479880

300998.360565

32659.621166

12745.271965

24523.318901

36264.217953

48968.074810

48968.074933

36264.217785

24523.318597

12745.271767

32659.620666

300998.336840

339.479879

76.852770

82.508417

107.285016

176.142661

347.348451

849.291687

2952.762687

13556.291369

23219.471627

25487.288452

16948.915863

9569.353341

6517.708550

5095.633953

4180.417564

3695.572846

3313.442065

3045.102124

2805.563587

2684.981854

2744.321381

3250.969467

5061.943573

7733.259171

4284.514582

3278.746533

2940.266056

2862.022230

2855.595356

2908.025495

2970.817029

3170.386343

3538.798215

4461.479903

6230.401286

12145.726205

28320.050709

28200.587656

15577.724589

4150.361192

1048.188889

413.337675

210.700287

130.634078

97.150417

97.566992

140.891143

14309.983033

43580.384122

67855.971158

29733.232180

39340.240792

45771.389847

45771.389727

39340.240928

29733.232429

67855.970912

43580.384429

14309.982877

140.891142

97.566992

97.150417

130.634078

210.700287

413.337675

1048.188889

4150.361200

15577.724673

28200.587875

28320.050919

12145.726256

6230.401299

4461.479909

3538.798218

3170.386345

2970.817030

2908.025496

2855.595357

2862.022231

2940.266057

3278.746533

4284.514581

7733.259169

11487.401984

5729.178484

3968.796900

3305.354332

2975.455523

2786.268006

2623.732697

2523.563483

2471.932735

2594.642172

2952.186016

3996.968829

6679.998989

23700.575517

36977.686979

19323.042792

6286.781818

1415.138788

558.265884

279.940315

184.490915

143.658931

151.639138

198.740003

296.204873

859.771881

50219.914161

85254.299461

49492.063732

50566.145513

50566.144749

49492.064206

85254.300675

50219.915307

859.771881

296.204873

198.740003

151.639138

143.658931

184.490915

279.940315

558.265884

1415.138788

6286.781833

19323.042909

36977.687269

23700.575663

6679.999006

3996.968835

2952.186018

2594.642173

2471.932736

2523.563484

2623.732698

2786.268007

2975.455524

3305.354332

3968.796900

5729.178483

11487.401983

16061.292876

7624.694095

4885.800502

3774.279172

3202.476799

2801.354568

2500.835994

2243.665272

2079.284501

2002.674252

2118.770619

2530.774848

3754.390098

10210.841424

53228.478755

28743.454408

8595.201709

2109.368049

776.064395

410.607121

276.284086

254.856071

247.451614

303.449203

451.354411

317.470804

255.742283

43205.973387

124621.233355

92333.442749

92333.443097

124621.230769

43205.974440

255.742284

317.470804

451.354410

303.449202

247.451614

254.856071

276.284086

410.607121

776.064395

2109.368049

8595.201741

28743.454599

53228.479177

10210.841461

3754.390104

2530.774850

2118.770621

2002.674253

2079.284502

2243.665273

2500.835995

2801.354569

3202.476800

3774.279172

4885.800502

7624.694094

16061.292877

20680.886745

9960.272368

6022.068767

4414.525876

3533.285456

2953.534115

2492.913520

2140.318958

1862.406672

1695.810088

1635.125342

1770.448059

2251.889545

3916.615473

34150.553512

51752.111741

15205.561334

3368.533230

1075.296296

595.820147

430.587416

398.106567

468.581285

463.066259

912.391362

3838.312365

4342.496748

4.146827

4108.316763

191944.666918

191944.661323

4108.317010

4.146827

4342.496718

3838.312335

912.391360

463.066259

468.581284

398.106567

430.587416

595.820147

1075.296295

3368.533233

15205.561411

51752.112170

34150.553728

3916.615480

2251.889547

1770.448060

1635.125343

1695.810089

1862.406672

2140.318959

2492.913521

2953.534116

3533.285457

4414.525877

6022.068767

9960.272367

20680.886750

24646.376505

12419.199398

7411.540945

5218.394262

4038.935056

3232.949317

2639.210583

2164.265641

1810.293035

1548.705455

1400.350684

1357.036520

1525.033758

1964.974106

6259.721647

87805.632413

30816.666646

6572.768959

1754.350777

735.949734

627.978208

575.141917

669.590450

914.855919

1018.520299

2914.676257

30842.243633

7.593310

10.890253

184061.016041

184061.020358

10.890253

7.593310

30842.243398

2914.676243

1018.520297

914.855918

669.590450

575.141917

627.978208

735.949734

1754.350777

6572.768978

30816.666862

87805.633168

6259.721663

1964.974108

1525.033759

1357.036520

1400.350685

1548.705456

1810.293035

2164.265642

2639.210584

3232.949318

4038.935057

5218.394262

7411.540945

12419.199398

24646.376514

27325.678193

14703.568791

8908.294882

6247.369031

4722.440356

3707.010736

2933.536641

2344.105736

1882.920735

1545.595019

1304.527962

1171.391564

1129.135821

1321.469025

1757.490159

32790.736573

76366.346761

20835.091096

4751.628926

1234.646951

620.199932

876.497181

896.523873

1268.048906

1213.001314

736.918806

6.864280

0.064101

728982154.234305

205.754168

205.754168

728982154.539136

0.064101

6.864280

736.918806

1213.001312

1268.048905

896.523873

876.497181

620.199932

1234.646951

4751.628931

20835.091215

76366.347441

32790.736730

1757.490161

1321.469025

1129.135822

1171.391565

1304.527963

1545.595020

1882.920735

2344.105736

2933.536641

3707.010737

4722.440356

6247.369031

8908.294882

14703.568792

27325.678205

28614.454478

16367.866552

10434.715863

7432.882670

5656.795677

4390.759803

3437.608058

2684.898269

2105.732270

1661.361674

1335.755845

1106.810246

973.152989

940.187324

1024.183714

2059.023472

266999.402684

48904.164987

20864.532001

8182.645873

1223.202716

675.199093

1823.898142

1763.175567

1157.447536

183.360579

2.212943

0.034052

180857.282091

22.703327

22.703327

180857.282332

0.034052

2.212943

183.360579

1157.447535

1763.175566

1823.898142

675.199093

1223.202716

8182.645880

20864.532075

48904.165323

266999.403904

2059.023475

1024.183715

940.187325

973.152989

1106.810247

1335.755846

1661.361674

2105.732270

2684.898269

3437.608059

4390.759803

5656.795678

7432.882670

10434.715863

16367.866554

28614.454492

28350.936304

17386.138325

11756.124483

8771.445808

6811.928299

5357.610524

4183.119093

3245.635275

2501.193431

1921.976103

1484.365550

1156.266285

936.397474

781.048827

783.197235

753.044425

3523.285838

969481.060949

49641.248039

45320.756002

24487.743303

3058.363097

1282.679913

2200.140192

520.246131

83.998935

2.788502

0.273431

49587752532.699242

2543.227187

2543.227189

49587752537.648262

0.273431

2.788502

83.998935

520.246131

2200.140190

1282.679913

3058.363096

24487.743293

45320.756027

49641.248190

969481.061731

3523.285842

753.044425

783.197235

781.048827

936.397474

1156.266285

1484.365550

1921.976103

2501.193432

3245.635276

4183.119093

5357.610525

6811.928300

8771.445809

11756.124484

17386.138328

28350.936317

26913.574472

17643.212689

12864.948702

10109.835418

8198.190499

6603.071805

5239.331033

4080.693588

3127.553222

2372.495067

1774.392271

1332.385860

991.790991

781.352940

618.752645

603.327674

613.344559

8873.056310

479287.600639

155043.434123

504486.934615

38742.505297

15414.629845

843.863246

309.097179

81.120315

3.887480

0.224280

322608374.332475

13130.964066

13130.964071

322608374.412100

0.224280

3.887480

81.120315

309.097179

843.863246

15414.629804

38742.505025

504486.929208

155043.433573

479287.599899

8873.056318

613.344559

603.327674

618.752645

781.352940

991.790992

1332.385860

1774.392272

2372.495068

3127.553222

4080.693589

5239.331034

6603.071806

8198.190500

10109.835419

12864.948704

17643.212692

26913.574483

24524.305897

17421.734820

13630.007896

11416.422645

9690.737380

8125.166822

6624.421659

5252.492125

4068.280580

3070.687800

2281.333252

1649.069523

1193.231028

850.534477

635.481279

504.834913

443.111001

521.868635

11640.913381

94763.481093

176499.081408

92565.679430

165621.276828

43923.204587

1381.291630

224.241657

11.549936

0.245059

125727442976.704330

47127939.555949

47127939.920539

125727442984.394958

0.245059

11.549936

224.241657

1381.291630

43923.203975

165621.274062

92565.678935

176499.080642

94763.481207

11640.913392

521.868635

443.111001

504.834913

635.481279

850.534477

1193.231028

1649.069524

2281.333253

3070.687801

4068.280581

5252.492126

6624.421660

8125.166823

9690.737381

11416.422647

13630.007898

17421.734823

24524.305906

21824.060862

16757.493597

14154.811980

12537.366480

11215.222088

9808.130827

8309.390402

6801.331140

5379.487322

4135.170696

3067.327626

2216.517635

1551.345837

1070.337859

749.024411

521.266202

419.788840

340.816777

378.105323

2652.437627

2771336.837893

25856.855403

245117.274761

41619.294040

311802.863204

24080.219714

242553.069989

2.745301

36282386543.370880

22924983.933752

22924983.972341

36282386541.202866

2.745301

242553.077832

24080.219559

311802.861183

41619.293949

245117.273375

25856.855465

2771336.837981

2652.437627

378.105323

340.816777

419.788840

521.266202

749.024411

1070.337859

1551.345837

2216.517635

3067.327627

4135.170697

5379.487323

6801.331141

8309.390403

9808.130829

11215.222089

12537.366482

14154.811982

16757.493600

21824.060868

19061.939583

15953.468506

14371.160536

13474.408018

12597.377291

11524.137559

10178.615680

8667.911694

7119.530034

5628.320044

4281.753926

3128.747708

2187.658892

1504.774784

990.647196

695.611533

465.656892

377.327036

295.659859

270.785864

310.166493

3437.647790

120899.712088

3095.659571

85801.678558

3215.990461

59021.402417

271.143441

26.709805

18272782964.228764

18272782959.629257

26.709805

271.143441

59021.402388

3215.990473

85801.679005

3095.659586

120899.711811

3437.647799

310.166493

270.785864

295.659859

377.327036

465.656892

695.611533

990.647196

1504.774784

2187.658893

3128.747708

4281.753928

5628.320045

7119.530036

8667.911696

10178.615682

11524.137561

12597.377293

13474.408020

14371.160538

15953.468509

19061.939587

16653.524726

15006.948159

14410.571859

14116.213028

13768.486557

13082.921757

12056.949681

10725.666959

9214.325275

7603.229993

6030.848552

4529.967541

3289.558699

2233.424576

1538.233140

992.314923

712.012816

488.065033

415.262950

405.246419

381.823525

201.207519

180.691045

161.213744

105.341907

339.127342

793.744948

481.325730

38.517530

0.743602

0.743602

38.517530

481.325730

793.744949

339.127342

105.341907

161.213744

180.691045

201.207519

381.823525

405.246419

415.262950

488.065033

712.012816

992.314924

1538.233140

2233.424576

3289.558700

4529.967543

6030.848553

7603.229995

9214.325277

10725.666961

12056.949683

13082.921759

13768.486559

14116.213031

14410.571861

15006.948161

16653.524729

14577.470660

14121.700128

14226.587909

14518.599628

14603.613983

14373.057725

13739.309273

12778.552174

11489.365092

10006.134579

8290.937855

6625.547577

4918.203435

3584.539494

2401.760372

1676.267685

1101.593868

816.508008

632.058084

564.467616

539.600216

812.191067

2202.608525

850.711811

305.659193

309.475267

421.065328

62.658425

25.145991

336.856286

336.856286

25.145991

62.658425

421.065328

309.475267

305.659193

850.711811

2202.608526

812.191067

539.600216

564.467616

632.058084

816.508008

1101.593868

1676.267685

2401.760373

3584.539495

4918.203437

6625.547579

8290.937857

10006.134582

11489.365095

12778.552177

13739.309276

14373.057728

14603.613985

14518.599631

14226.587911

14121.700130

14577.470661

12950.186017

13242.680918

13950.530151

14636.569033

15128.940595

15275.001863

15105.691704

14575.071298

13755.399918

12515.445012

11055.803548

9172.662093

7384.091283

5441.393464

3983.760435

2679.136890

1878.601736

1286.477158

961.633299

769.678993

760.233025

1027.630420

1112.193183

1156.084931

749.874196

693.891690

310.154208

389.107134

3462.085012

2039.427755

2039.427756

3462.085019

389.107134

310.154208

693.891691

749.874196

1156.084931

1112.193183

1027.630420

760.233025

769.678993

961.633299

1286.477158

1878.601736

2679.136891

3983.760435

5441.393466

7384.091286

9172.662096

11055.803552

12515.445016

13755.399922

14575.071301

15105.691707

15275.001866

15128.940597

14636.569035

13950.530152

13242.680920

12950.186018

11617.228128

12489.694838

13560.630959

14576.377053

15328.902959

15817.223868

16024.533432

15998.043206

15619.523658

14944.173589

13691.715741

12181.021287

10071.717131

8093.918995

5932.788475

4290.334786

2884.675505

1971.168178

1343.152521

995.429615

839.593280

739.759117

773.781890

738.557342

915.759676

889.851333

1404.061825

5436.628061

18057.523127

18438.495090

18438.495104

18057.523227

5436.628076

1404.061825

889.851334

915.759676

738.557342

773.781890

739.759117

839.593280

995.429615

1343.152520

1971.168178

2884.675505

4290.334787

5932.788476

8093.918997

10071.717134

12181.021292

13691.715746

14944.173595

15619.523663

15998.043210

16024.533436

15817.223871

15328.902962

14576.377054

13560.630961

12489.694839

11617.228128

10584.921215

11794.544698

13166.711514

14365.063639

15306.239857

16005.053588

16520.161519

16836.676183

16947.945180

16652.672482

15999.245447

14630.887493

12942.511523

10608.231301

8369.167877

6042.468915

4201.750550

2743.756235

1800.270903

1218.640144

864.624062

696.799847

592.803225

629.805589

704.214892

1151.139908

2687.885776

7660.958811

162225.281874

105050.435648

105050.435897

162225.282808

7660.958856

2687.885784

1151.139909

704.214892

629.805589

592.803225

696.799847

864.624062

1218.640144

1800.270903

2743.756234

4201.750550

6042.468916

8369.167879

10608.231305

12942.511528

14630.887499

15999.245454

16652.672488

16947.945186

16836.676188

16520.161523

16005.053590

15306.239859

14365.063640

13166.711515

11794.544699

10584.921215

9697.426731

11223.034310

12782.313089

14098.886515

15124.576480

15913.752795

16566.466620

17089.681085

17438.747142

17545.826418

17195.692073

16401.988262

14871.512140

12928.170430

10435.100523

7951.940009

5558.548797

3683.826103

2349.117531

1505.536309

1026.135405

745.346330

631.828753

593.270063

708.859128

1011.828544

1821.171281

5834.730834

51513.216548

188146.608160

188146.607701

51513.217052

5834.730868

1821.171284

1011.828545

708.859128

593.270063

631.828753

745.346330

1026.135405

1505.536308

2349.117531

3683.826103

5558.548798

7951.940011

10435.100526

12928.170435

14871.512146

16401.988269

17195.692080

17545.826425

17438.747148

17089.681090

16566.466623

15913.752798

15124.576482

14098.886516

12782.313090

11223.034311

9697.426731

8944.828763

10729.932937

12474.142955

13853.885325

14820.559588

15575.588297

16180.610874

16735.788544

17169.585951

17442.089589

17422.259691

16960.976880

15974.497926

14332.359679

12176.411888

9626.911853

7066.821455

4817.419036

3122.379110

2019.236344

1340.222467

976.564349

775.557117

728.185402

777.036315

1004.895146

1384.556309

1934.073582

2944.234242

3261.705833

3261.705838

2944.234247

1934.073583

1384.556310

1004.895146

777.036315

728.185402

775.557117

976.564349

1340.222467

2019.236344

3122.379110

4817.419036

7066.821456

9626.911855

12176.411892

14332.359684

15974.497933

16960.976887

17422.259698

17442.089595

17169.585956

16735.788549

16180.610877

15575.588300

14820.559590

13853.885326

12474.142956

10729.932937

8944.828764

8170.841764

10368.147966

12337.893385

13608.392829

14403.929841

14911.347259

15413.646716

15864.734398

16326.736336

16664.868833

16878.517747

16770.550071

16282.807012

15194.173211

13545.907148

11303.740242

8838.436443

6382.500908

4395.093796

2922.310541

2009.238096

1433.070310

1140.484339

978.628065

980.779456

1042.564018

1271.947404

1612.273628

1973.549845

2248.406374

2248.406374

1973.549845

1612.273628

1271.947404

1042.564018

980.779456

978.628065

1140.484339

1433.070310

2009.238096

2922.310541

4395.093796

6382.500909

8838.436445

11303.740245

13545.907152

15194.173216

16282.807018

16770.550077

16878.517753

16664.868838

16326.736341

15864.734401

15413.646719

14911.347261

14403.929843

13608.392830

12337.893386

10368.147967

8170.841764

7392.742757

10223.734579

12350.046155

13333.901745

13603.774830

13925.821027

14272.048939

14732.881744

15180.305287

15679.535000

16081.486695

16423.224085

16440.256966

16137.587656

15139.114376

13626.810304

11389.970796

9040.695909

6626.113967

4755.433248

3291.870332

2388.978151

1748.657096

1415.560109

1165.848138

1092.263671

1043.985796

1098.588355

1153.058081

1215.688489

1215.688489

1153.058081

1098.588355

1043.985796

1092.263671

1165.848138

1415.560109

1748.657097

2388.978151

3291.870333

4755.433249

6626.113969

9040.695911

11389.970799

13626.810309

15139.114381

16137.587662

16440.256972

16423.224091

16081.486700

15679.535005

15180.305291

14732.881747

14272.048941

13925.821028

13603.774831

13333.901745

12350.046155

10223.734579

7392.742757

6377.441854

10492.541139

12507.232289

12282.105095

12332.048999

12555.991675

13001.856330

13513.535872

14151.566412

14838.161984

15660.303569

16485.244871

17370.766644

17982.300252

18315.890066

17735.984654

16471.891370

13984.468339

11249.267778

8143.714376

5725.574027

3737.114058

2519.573134

1651.849647

1190.170396

863.807388

706.300141

591.431871

546.343737

517.654973

517.654973

546.343737

591.431871

706.300141

863.807388

1190.170396

1651.849647

2519.573134

3737.114059

5725.574030

8143.714380

11249.267785

13984.468347

16471.891379

17735.984663

18315.890075

17982.300260

17370.766651

16485.244877

15660.303573

14838.161988

14151.566414

13513.535874

13001.856331

12555.991676

12332.048999

12282.105096

12507.232289

10492.541139

6377.441854

5733.095812

11499.686141

10409.202630

10272.110879

10567.107477

11120.118978

11778.404751

12567.404614

13482.120468

14618.803296

15995.761343

17743.997380

19812.096303

22232.584190

24527.536236

26189.658736

25797.210847

23097.420608

17930.700816

12445.069608

7542.316234

4346.666876

2356.295957

1340.004950

763.706561

483.638206

317.650405

237.276384

188.904503

170.839330

170.839330

188.904503

237.276384

317.650405

483.638206

763.706561

1340.004951

2356.295958

4346.666878

7542.316238

12445.069617

17930.700831

23097.420628

25797.210870

26189.658758

24527.536255

22232.584204

19812.096312

17743.997386

15995.761348

14618.803299

13482.120470

12567.404615

11778.404752

11120.118979

10567.107477

10272.110879

10409.202630

11499.686141

5733.095813

3598.111792

5770.709617

6582.158593

7824.007420

8877.350602

9923.813947

10981.018168

12166.571199

13579.943232

15352.825993

17662.101037

20718.246599

24655.974743

29419.631283

33936.657972

36474.772114

34517.963941

28438.364522

19927.058908

12183.668836

6432.629094

3078.453834

1414.293884

654.810669

323.869168

168.061323

97.825201

61.545756

45.283292

38.091785

38.091785

45.283292

61.545756

97.825201

168.061323

323.869168

654.810669

1414.293884

3078.453835

6432.629097

12183.668843

19927.058918

28438.364539

34517.963969

36474.772148

33936.658004

29419.631307

24655.974759

20718.246608

17662.101042

15352.825996

13579.943234

12166.571200

10981.018169

9923.813948

8877.350603

7824.007421

6582.158593

5770.709618

3598.111792

