AXIS X

0.000000 0.001000 0.002000 0.003000 0.004000 0.005000 0.006000 0.007000 0.008000 0.009000 0.010000 0.011000 0.012000 0.013000 0.014000 0.015000 0.016000 0.017000 0.018000 0.019000 0.020000 0.021000 0.022000 0.023000 0.024000 0.025000 0.026000 0.027000 0.028000 0.029000 

AXIS Y

0.000000 0.001000 0.002000 0.003000 0.004000 0.005000 0.006000 0.007000 0.008000 0.009000 0.010000 0.011000 0.012000 0.013000 0.014000 0.015000 0.016000 0.017000 0.018000 0.019000 0.020000 0.021000 0.022000 0.023000 0.024000 0.025000 0.026000 0.027000 0.028000 0.029000 



DATA
3141.592654

3141.592654

3141.592654

3141.592654

3141.592654

3141.592654

3141.592654

3141.592654

3141.592654

3141.592654

3141.592654

3141.592654

3141.592654

3141.592654

3141.592654

3141.592654

3141.592654

3141.592654

3141.592654

3141.592654

3141.592654

3141.592654

3141.592654

3141.592654

3141.592654

3141.592654

3141.592654

3141.592654

3141.592654

3141.592654

3141.592654

3141.592654

3141.592654

3141.592654

3141.592654

3141.592654

3141.592654

3141.592654

3141.592654

3141.592654

3141.592654

3141.592654

3141.592654

3141.592654

3141.592654

3141.592654

3141.592654

3141.592654

3141.592654

3141.592654

3141.592654

3141.592654

3141.592654

3141.592654

3141.592654

3141.592654

3141.592654

3141.592654

3141.592654

3141.592654

3141.592654

3141.592654

3141.592654

3141.592654

3141.592654

3141.592654

3141.592654

3141.592654

3141.592654

3141.592654

3141.592654

3141.592654

3141.592654

3141.592654

3141.592654

3141.592654

3141.592654

3141.592654

3141.592654

3141.592654

3141.592654

3141.592654

3141.592654

3141.592654

3141.592654

3141.592654

3141.592654

3141.592654

3141.592654

3141.592654

3141.592654

3141.592654

3141.592654

3141.592654

3141.592654

3141.592654

3141.592654

3141.592654

3141.592654

3141.592654

3141.592654

3141.592654

3141.592654

3141.592654

3141.592654

3141.592654

3141.592654

3141.592654

3141.592654

3141.592654

3141.592654

3141.592654

3141.592654

3141.592654

3141.592654

3141.592654

3141.592654

3141.592654

3141.592654

3141.592654

3141.592654

3141.592654

3141.592654

3141.592654

3141.592654

3141.592654

3141.592654

3141.592654

3141.592654

3141.592654

3141.592654

3141.592654

3141.592654

3141.592654

3141.592654

3141.592654

3141.592654

3141.592654

3141.592654

3141.592654

3141.592654

3141.592654

3141.592654

3141.592654

3141.592654

3141.592654

3141.592654

3141.592654

3141.592654

3141.592654

3141.592654

3141.592654

3141.592654

3141.592654

3141.592654

3141.592654

3141.592654

3141.592654

3141.592654

3141.592654

3141.592654

3141.592654

3141.592654

3141.592654

3141.592654

3141.592654

3141.592654

3141.592654

3141.592654

3141.592654

3141.592654

3141.592654

3141.592654

3141.592654

3141.592654

3141.592654

3141.592654

3141.592654

3141.592654

3141.592654

3141.592654

3141.592654

3141.592654

3141.592654

3141.592654

3141.592654

3141.592654

3141.592654

3141.592654

3141.592654

3141.592654

3141.592654

3141.592654

3141.592654

3141.592654

3141.592654

3141.592654

3141.592654

3141.592654

3141.592654

3141.592654

3141.592654

3141.592654

3141.592654

3141.592654

3141.592654

3141.592654

3141.592654

3141.592654

3141.592654

3141.592654

3141.592654

3141.592654

3141.592654

3141.592654

3141.592654

3141.592654

3141.592654

3141.592654

3141.592654

3141.592654

3141.592654

3141.592654

3141.592654

3141.592654

3141.592654

3141.592654

3141.592654

3141.592654

3141.592654

3141.592654

3141.592654

3141.592654

3141.592654

3141.592654

3141.592654

3141.592654

3141.592654

3141.592654

3141.592654

3141.592654

3141.592654

3141.592654

3141.592654

3141.592654

3141.592654

3141.592654

3141.592654

3141.592654

3141.592654

3141.592654

3141.592654

4541.915870

4682.411284

4975.537787

4975.537787

4682.411284

4541.915870

3141.592654

3141.592654

3141.592654

3141.592654

3141.592654

3141.592654

3141.592654

3141.592654

3141.592654

3141.592654

3141.592654

3141.592654

3141.592654

3141.592654

3141.592654

3141.592654

3141.592654

3141.592654

3141.592654

3141.592654

3141.592654

3141.592654

3141.592654

4542.824792

4864.538735

5256.944434

5683.208782

5683.208782

5256.944434

4864.538735

4542.824792

3141.592654

3141.592654

3141.592654

3141.592654

3141.592654

3141.592654

3141.592654

3141.592654

3141.592654

3141.592654

3141.592654

3141.592654

3141.592654

3141.592654

3141.592654

3141.592654

3141.592654

3141.592654

3141.592654

3141.592654

3141.592654

4528.765615

4851.818985

5239.354764

5595.789342

5905.331501

5905.331501

5595.789342

5239.354764

4851.818985

4528.765615

3141.592654

3141.592654

3141.592654

3141.592654

3141.592654

3141.592654

3141.592654

3141.592654

3141.592654

3141.592654

3141.592654

3141.592654

3141.592654

3141.592654

3141.592654

3141.592654

3141.592654

3141.592654

3141.592654

4502.212340

4758.010322

5075.468924

5364.877557

5585.226698

5924.472620

5924.472620

5585.226698

5364.877557

5075.468924

4758.010322

4502.212340

3141.592654

3141.592654

3141.592654

3141.592654

3141.592654

3141.592654

3141.592654

3141.592654

3141.592654

3141.592654

3141.592654

3141.592654

3141.592654

3141.592654

3141.592654

3141.592654

3141.592654

4444.967725

4631.016469

4864.017630

5110.590259

5332.552766

5716.372938

6474.017469

6474.017469

5716.372938

5332.552766

5110.590259

4864.017630

4631.016469

4444.967725

3141.592654

3141.592654

3141.592654

3141.592654

3141.592654

3141.592654

3141.592654

3141.592654

3141.592654

3141.592654

3141.592654

3141.592654

3141.592654

3141.592654

3141.592654

3141.592654

4524.971391

4685.894493

4882.528821

5051.696682

5376.988890

6118.822476

7597.022484

7597.022484

6118.822476

5376.988890

5051.696682

4882.528821

4685.894493

4524.971391

3141.592654

3141.592654

3141.592654

3141.592654

3141.592654

3141.592654

3141.592654

3141.592654

3141.592654

3141.592654

3141.592654

3141.592654

3141.592654

3141.592654

3141.592654

3141.592654

4587.618709

4733.110861

4848.976291

5013.511034

5488.750678

6539.397996

8623.965792

8623.965792

6539.397996

5488.750678

5013.511034

4848.976291

4733.110861

4587.618709

3141.592654

3141.592654

3141.592654

3141.592654

3141.592654

3141.592654

3141.592654

3141.592654

3141.592654

3141.592654

3141.592654

3141.592654

3141.592654

3141.592654

3141.592654

3141.592654

4610.939527

4729.700449

4808.394703

5006.026840

5577.072422

6797.155651

8706.715185

8706.715185

6797.155651

5577.072422

5006.026840

4808.394703

4729.700449

4610.939527

3141.592654

3141.592654

3141.592654

3141.592654

3141.592654

3141.592654

3141.592654

3141.592654

3141.592654

3141.592654

3141.592654

3141.592654

3141.592654

3141.592654

3141.592654

3141.592654

4590.087972

4706.788049

4798.034455

5013.090410

5620.419282

7009.188416

8545.173287

8545.173287

7009.188416

5620.419282

5013.090410

4798.034455

4706.788049

4590.087972

3141.592654

3141.592654

3141.592654

3141.592654

3141.592654

3141.592654

3141.592654

3141.592654

3141.592654

3141.592654

3141.592654

3141.592654

3141.592654

3141.592654

3141.592654

3141.592654

4508.609103

4705.295297

4839.479302

4961.334782

5505.949626

7102.681562

8376.105993

8376.105993

7102.681562

5505.949626

4961.334782

4839.479302

4705.295297

4508.609103

3141.592654

3141.592654

3141.592654

3141.592654

3141.592654

3141.592654

3141.592654

3141.592654

3141.592654

3141.592654

3141.592654

3141.592654

3141.592654

3141.592654

3141.592654

3141.592654

3141.592654

4868.906417

4862.316536

4739.756566

5298.099147

7292.261247

7627.368693

7627.368693

7292.261247

5298.099147

4739.756566

4862.316536

4868.906417

3141.592654

3141.592654

3141.592654

3141.592654

3141.592654

3141.592654

3141.592654

3141.592654

3141.592654

3141.592654

3141.592654

3141.592654

3141.592654

3141.592654

3141.592654

3141.592654

3141.592654

3141.592654

3141.592654

5093.911109

4368.645845

5201.875841

7428.265045

7346.094688

7346.094688

7428.265045

5201.875841

4368.645845

5093.911109

3141.592654

3141.592654

3141.592654

3141.592654

3141.592654

3141.592654

3141.592654

3141.592654

3141.592654

3141.592654

3141.592654

3141.592654

3141.592654

3141.592654

3141.592654

3141.592654

3141.592654

3141.592654

3141.592654

3141.592654

3141.592654

3961.132202

5037.287898

6599.553944

2671.992442

2671.992442

6599.553944

5037.287898

3961.132202

3141.592654

3141.592654

3141.592654

3141.592654

3141.592654

3141.592654

3141.592654

3141.592654

3141.592654

3141.592654

3141.592654

3141.592654

3141.592654

3141.592654

3141.592654

3141.592654

3141.592654

3141.592654

3141.592654

3141.592654

3141.592654

3141.592654

3141.592654

4541.181691

5830.998341

3690.031310

3690.031310

5830.998341

4541.181691

3141.592654

3141.592654

3141.592654

3141.592654

3141.592654

3141.592654

3141.592654

3141.592654

3141.592654

3141.592654

3141.592654

3141.592654

3141.592654

3141.592654

3141.592654

3141.592654

3141.592654

3141.592654

3141.592654

3141.592654

3141.592654

3141.592654

3141.592654

3141.592654

3141.592654

3141.592654

3141.592654

3141.592654

3141.592654

3141.592654

3141.592654

3141.592654

3141.592654

3141.592654

3141.592654

3141.592654

3141.592654

3141.592654

3141.592654

3141.592654

3141.592654

3141.592654

3141.592654

3141.592654

3141.592654

3141.592654

3141.592654

3141.592654

3141.592654

3141.592654

3141.592654

3141.592654

3141.592654

3141.592654

3141.592654

3141.592654

3141.592654

3141.592654

3141.592654

3141.592654

3141.592654

3141.592654

3141.592654

3141.592654

3141.592654

3141.592654

3141.592654

3141.592654

3141.592654

3141.592654

3141.592654

3141.592654

3141.592654

3141.592654

3141.592654

3141.592654

3141.592654

3141.592654

3141.592654

3141.592654

3141.592654

3141.592654

3141.592654

3141.592654

3141.592654

3141.592654

3141.592654

3141.592654

3141.592654

3141.592654

3141.592654

3141.592654

3141.592654

3141.592654

3141.592654

3141.592654

3141.592654

3141.592654

3141.592654

3141.592654

3141.592654

3141.592654

3141.592654

3141.592654

3141.592654

3141.592654

3141.592654

3141.592654

3141.592654

3141.592654

3141.592654

3141.592654

3141.592654

3141.592654

3141.592654

3141.592654

3141.592654

3141.592654

3141.592654

3141.592654

3141.592654

3141.592654

3141.592654

3141.592654

3141.592654

3141.592654

3141.592654

3141.592654

3141.592654

3141.592654

3141.592654

3141.592654

3141.592654

3141.592654

3141.592654

3141.592654

3141.592654

3141.592654

3141.592654

3141.592654

3141.592654

3141.592654

3141.592654

3141.592654

3141.592654

3141.592654

3141.592654

3141.592654

3141.592654

3141.592654

3141.592654

3141.592654

3141.592654

3141.592654

3141.592654

3141.592654

3141.592654

3141.592654

3141.592654

3141.592654

3141.592654

3141.592654

3141.592654

3141.592654

3141.592654

3141.592654

3141.592654

3141.592654

3141.592654

3141.592654

3141.592654

3141.592654

3141.592654

3141.592654

3141.592654

3141.592654

3141.592654

3141.592654

3141.592654

3141.592654

3141.592654

3141.592654

3141.592654

3141.592654

3141.592654

3141.592654

3141.592654

3141.592654

3141.592654

3141.592654

3141.592654

3141.592654

3141.592654

3141.592654

3141.592654

3141.592654

3141.592654

3141.592654

3141.592654

3141.592654

3141.592654

3141.592654

3141.592654

3141.592654

3141.592654

3141.592654

3141.592654

3141.592654

3141.592654

3141.592654

3141.592654

3141.592654

3141.592654

3141.592654

3141.592654

3141.592654

3141.592654

3141.592654

3141.592654

3141.592654

3141.592654

3141.592654

3141.592654

3141.592654

3141.592654

3141.592654

3141.592654

3141.592654

3141.592654

3141.592654

3141.592654

3141.592654

3141.592654

3141.592654

3141.592654

3141.592654

3141.592654

3141.592654

3141.592654

3141.592654

3141.592654

3141.592654

3141.592654

3141.592654

3141.592654

3141.592654

3141.592654

3141.592654

3141.592654

3141.592654

3141.592654

3141.592654

