AXIS X

0.000000 0.001000 0.002000 0.003000 0.004000 0.005000 0.006000 0.007000 0.008000 0.009000 0.010000 0.011000 0.012000 0.013000 0.014000 0.015000 0.016000 0.017000 0.018000 0.019000 0.020000 0.021000 0.022000 0.023000 0.024000 0.025000 0.026000 0.027000 0.028000 0.029000 

AXIS Y

0.000000 0.001000 0.002000 0.003000 0.004000 0.005000 0.006000 0.007000 0.008000 0.009000 0.010000 0.011000 0.012000 0.013000 0.014000 0.015000 0.016000 0.017000 0.018000 0.019000 0.020000 0.021000 0.022000 0.023000 0.024000 0.025000 0.026000 0.027000 0.028000 0.029000 



DATA
7233.784412

7233.784412

7233.784412

7233.784412

7233.784412

7233.784412

7233.784412

7233.784412

7233.784412

7233.784412

7233.784412

7233.784412

7233.784412

7233.784412

7233.784412

7233.784412

7233.784412

7233.784412

7233.784412

7233.784412

7233.784412

7233.784412

7233.784412

7233.784412

7233.784412

7233.784412

7233.784412

7233.784412

7233.784412

7233.784412

7233.784412

7233.784412

7233.784412

7233.784412

7233.784412

7233.784412

7233.784412

7233.784412

7233.784412

7233.784412

7233.784412

7233.784412

7233.784412

7233.784412

7233.784412

7233.784412

7233.784412

7233.784412

7233.784412

7233.784412

7233.784412

7233.784412

7233.784412

7233.784412

7233.784412

7233.784412

7233.784412

7233.784412

7233.784412

7233.784412

7233.784412

7233.784412

7233.784412

7233.784412

7233.784412

7233.784412

7233.784412

7233.784412

7233.784412

7233.784412

7233.784412

7233.784412

7233.784412

7233.784412

7233.784412

7233.784412

7233.784412

7233.784412

7233.784412

7233.784412

7233.784412

7233.784412

7233.784412

7233.784412

7233.784412

7233.784412

7233.784412

7233.784412

7233.784412

7233.784412

7233.784412

7233.784412

7233.784412

7233.784412

7233.784412

7233.784412

7233.784412

7233.784412

7233.784412

7233.784412

7233.784412

7233.784412

7233.784412

7233.784412

7233.784412

7233.784412

7233.784412

7233.784412

7233.784412

7233.784412

7233.784412

7233.784412

7233.784412

7233.784412

7233.784412

7233.784412

7233.784412

7233.784412

7233.784412

7233.784412

7233.784412

7233.784412

7233.784412

7233.784412

7233.784412

7233.784412

7233.784412

7233.784412

7233.784412

7233.784412

7233.784412

7233.784412

7233.784412

7233.784412

7233.784412

7233.784412

7233.784412

7233.784412

7233.784412

7233.784412

7233.784412

7233.784412

7233.784412

7233.784412

7233.784412

7233.784412

7233.784412

7233.784412

7233.784412

7233.784412

7233.784412

7233.784412

7233.784412

7233.784412

7233.784412

7233.784412

7233.784412

7233.784412

7233.784412

7233.784412

7233.784412

7233.784412

7233.784412

7233.784412

7233.784412

7233.784412

7233.784412

7233.784412

7233.784412

7233.784412

7233.784412

7233.784412

7233.784412

7233.784412

7233.784412

7233.784412

7233.784412

7233.784412

7233.784412

7233.784412

7233.784412

7233.784412

7233.784412

7233.784412

7233.784412

7233.784412

7233.784412

7233.784412

7233.784412

7233.784412

7233.784412

7233.784412

7233.784412

7233.784412

7233.784412

7233.784412

7233.784412

7233.784412

7233.784412

7233.784412

7233.784412

7233.784412

7233.784412

7233.784412

7233.784412

7233.784412

7233.784412

7233.784412

7233.784412

7233.784412

7233.784412

7233.784412

7233.784412

7233.784412

7233.784412

7233.784412

7233.784412

7233.784412

7233.784412

7233.784412

7233.784412

7233.784412

7233.784412

7233.784412

7233.784412

7233.784412

7233.784412

7233.784412

7233.784412

7233.784412

7233.784412

7233.784412

7233.784412

7233.784412

7233.784412

7233.784412

7233.784412

7233.784412

7233.784412

7233.784412

7233.784412

7233.784412

7233.784412

7233.784412

7233.784412

7233.784412

7233.784412

7233.784412

7233.784412

7233.784412

7233.784412

7233.784412

10458.147775

10781.650422

11456.599137

11456.599137

10781.650422

10458.147775

7233.784412

7233.784412

7233.784412

7233.784412

7233.784412

7233.784412

7233.784412

7233.784412

7233.784412

7233.784412

7233.784412

7233.784412

7233.784412

7233.784412

7233.784412

7233.784412

7233.784412

7233.784412

7233.784412

7233.784412

7233.784412

7233.784412

7233.784412

10460.240645

11201.014375

12104.561888

13086.071823

13086.071823

12104.561888

11201.014375

10460.240645

7233.784412

7233.784412

7233.784412

7233.784412

7233.784412

7233.784412

7233.784412

7233.784412

7233.784412

7233.784412

7233.784412

7233.784412

7233.784412

7233.784412

7233.784412

7233.784412

7233.784412

7233.784412

7233.784412

7233.784412

7233.784412

10427.868195

11171.726069

12064.060177

12884.781122

13597.528284

13597.528284

12884.781122

12064.060177

11171.726069

10427.868195

7233.784412

7233.784412

7233.784412

7233.784412

7233.784412

7233.784412

7233.784412

7233.784412

7233.784412

7233.784412

7233.784412

7233.784412

7233.784412

7233.784412

7233.784412

7233.784412

7233.784412

7233.784412

7233.784412

10366.727019

10955.723641

11686.699084

12353.087088

12860.459736

13641.602338

13641.602338

12860.459736

12353.087088

11686.699084

10955.723641

10366.727019

7233.784412

7233.784412

7233.784412

7233.784412

7233.784412

7233.784412

7233.784412

7233.784412

7233.784412

7233.784412

7233.784412

7233.784412

7233.784412

7233.784412

7233.784412

7233.784412

7233.784412

10234.916422

10663.309486

11199.814487

11767.568946

12278.656507

13162.435112

14906.976116

14906.976116

13162.435112

12278.656507

11767.568946

11199.814487

10663.309486

10234.916422

7233.784412

7233.784412

7233.784412

7233.784412

7233.784412

7233.784412

7233.784412

7233.784412

7233.784412

7233.784412

7233.784412

7233.784412

7233.784412

7233.784412

7233.784412

7233.784412

10419.131672

10789.670806

11242.438080

11631.961474

12380.974463

14089.109420

17492.790724

17492.790724

14089.109420

12380.974463

11631.961474

11242.438080

10789.670806

10419.131672

7233.784412

7233.784412

7233.784412

7233.784412

7233.784412

7233.784412

7233.784412

7233.784412

7233.784412

7233.784412

7233.784412

7233.784412

7233.784412

7233.784412

7233.784412

7233.784412

10563.382453

10898.390513

11165.180525

11544.035771

12638.315490

15057.520342

19857.415076

19857.415076

15057.520342

12638.315490

11544.035771

11165.180525

10898.390513

10563.382453

7233.784412

7233.784412

7233.784412

7233.784412

7233.784412

7233.784412

7233.784412

7233.784412

7233.784412

7233.784412

7233.784412

7233.784412

7233.784412

7233.784412

7233.784412

7233.784412

10617.080620

10890.537749

11071.737965

11526.802776

12841.683822

15651.029277

20047.952594

20047.952594

15651.029277

12841.683822

11526.802776

11071.737965

10890.537749

10617.080620

7233.784412

7233.784412

7233.784412

7233.784412

7233.784412

7233.784412

7233.784412

7233.784412

7233.784412

7233.784412

7233.784412

7233.784412

7233.784412

7233.784412

7233.784412

7233.784412

10569.068139

10837.779998

11047.882612

11543.067247

12941.493655

16139.252762

19675.988628

19675.988628

16139.252762

12941.493655

11543.067247

11047.882612

10837.779998

10569.068139

7233.784412

7233.784412

7233.784412

7233.784412

7233.784412

7233.784412

7233.784412

7233.784412

7233.784412

7233.784412

7233.784412

7233.784412

7233.784412

7233.784412

7233.784412

7233.784412

10381.456111

10834.342810

11143.312898

11423.895511

12677.917531

16354.528686

19286.696797

19286.696797

16354.528686

12677.917531

11423.895511

11143.312898

10834.342810

10381.456111

7233.784412

7233.784412

7233.784412

7233.784412

7233.784412

7233.784412

7233.784412

7233.784412

7233.784412

7233.784412

7233.784412

7233.784412

7233.784412

7233.784412

7233.784412

7233.784412

7233.784412

11211.071336

11195.897574

10913.692812

12199.324118

16791.052042

17562.665452

17562.665452

16791.052042

12199.324118

10913.692812

11195.897574

11211.071336

7233.784412

7233.784412

7233.784412

7233.784412

7233.784412

7233.784412

7233.784412

7233.784412

7233.784412

7233.784412

7233.784412

7233.784412

7233.784412

7233.784412

7233.784412

7233.784412

7233.784412

7233.784412

7233.784412

11729.163785

10059.178798

11977.761767

17104.212359

16915.008121

16915.008121

17104.212359

11977.761767

10059.178798

11729.163785

7233.784412

7233.784412

7233.784412

7233.784412

7233.784412

7233.784412

7233.784412

7233.784412

7233.784412

7233.784412

7233.784412

7233.784412

7233.784412

7233.784412

7233.784412

7233.784412

7233.784412

7233.784412

7233.784412

7233.784412

7233.784412

9120.843961

11598.784023

15196.034531

6152.489965

6152.489965

15196.034531

11598.784023

9120.843961

7233.784412

7233.784412

7233.784412

7233.784412

7233.784412

7233.784412

7233.784412

7233.784412

7233.784412

7233.784412

7233.784412

7233.784412

7233.784412

7233.784412

7233.784412

7233.784412

7233.784412

7233.784412

7233.784412

7233.784412

7233.784412

7233.784412

7233.784412

10456.457267

13426.369857

8496.611087

8496.611087

13426.369857

10456.457267

7233.784412

7233.784412

7233.784412

7233.784412

7233.784412

7233.784412

7233.784412

7233.784412

7233.784412

7233.784412

7233.784412

7233.784412

7233.784412

7233.784412

7233.784412

7233.784412

7233.784412

7233.784412

7233.784412

7233.784412

7233.784412

7233.784412

7233.784412

7233.784412

7233.784412

7233.784412

7233.784412

7233.784412

7233.784412

7233.784412

7233.784412

7233.784412

7233.784412

7233.784412

7233.784412

7233.784412

7233.784412

7233.784412

7233.784412

7233.784412

7233.784412

7233.784412

7233.784412

7233.784412

7233.784412

7233.784412

7233.784412

7233.784412

7233.784412

7233.784412

7233.784412

7233.784412

7233.784412

7233.784412

7233.784412

7233.784412

7233.784412

7233.784412

7233.784412

7233.784412

7233.784412

7233.784412

7233.784412

7233.784412

7233.784412

7233.784412

7233.784412

7233.784412

7233.784412

7233.784412

7233.784412

7233.784412

7233.784412

7233.784412

7233.784412

7233.784412

7233.784412

7233.784412

7233.784412

7233.784412

7233.784412

7233.784412

7233.784412

7233.784412

7233.784412

7233.784412

7233.784412

7233.784412

7233.784412

7233.784412

7233.784412

7233.784412

7233.784412

7233.784412

7233.784412

7233.784412

7233.784412

7233.784412

7233.784412

7233.784412

7233.784412

7233.784412

7233.784412

7233.784412

7233.784412

7233.784412

7233.784412

7233.784412

7233.784412

7233.784412

7233.784412

7233.784412

7233.784412

7233.784412

7233.784412

7233.784412

7233.784412

7233.784412

7233.784412

7233.784412

7233.784412

7233.784412

7233.784412

7233.784412

7233.784412

7233.784412

7233.784412

7233.784412

7233.784412

7233.784412

7233.784412

7233.784412

7233.784412

7233.784412

7233.784412

7233.784412

7233.784412

7233.784412

7233.784412

7233.784412

7233.784412

7233.784412

7233.784412

7233.784412

7233.784412

7233.784412

7233.784412

7233.784412

7233.784412

7233.784412

7233.784412

7233.784412

7233.784412

7233.784412

7233.784412

7233.784412

7233.784412

7233.784412

7233.784412

7233.784412

7233.784412

7233.784412

7233.784412

7233.784412

7233.784412

7233.784412

7233.784412

7233.784412

7233.784412

7233.784412

7233.784412

7233.784412

7233.784412

7233.784412

7233.784412

7233.784412

7233.784412

7233.784412

7233.784412

7233.784412

7233.784412

7233.784412

7233.784412

7233.784412

7233.784412

7233.784412

7233.784412

7233.784412

7233.784412

7233.784412

7233.784412

7233.784412

7233.784412

7233.784412

7233.784412

7233.784412

7233.784412

7233.784412

7233.784412

7233.784412

7233.784412

7233.784412

7233.784412

7233.784412

7233.784412

7233.784412

7233.784412

7233.784412

7233.784412

7233.784412

7233.784412

7233.784412

7233.784412

7233.784412

7233.784412

7233.784412

7233.784412

7233.784412

7233.784412

7233.784412

7233.784412

7233.784412

7233.784412

7233.784412

7233.784412

7233.784412

7233.784412

7233.784412

7233.784412

7233.784412

7233.784412

7233.784412

7233.784412

7233.784412

7233.784412

7233.784412

7233.784412

7233.784412

7233.784412

7233.784412

7233.784412

7233.784412

7233.784412

7233.784412

7233.784412

7233.784412

7233.784412

7233.784412

7233.784412

7233.784412

7233.784412

7233.784412

