AXIS X

0.000000 0.001000 0.002000 0.003000 0.004000 0.005000 0.006000 0.007000 0.008000 0.009000 0.010000 0.011000 0.012000 0.013000 0.014000 0.015000 0.016000 0.017000 0.018000 0.019000 0.020000 0.021000 0.022000 0.023000 0.024000 0.025000 0.026000 0.027000 0.028000 0.029000 

AXIS Y

0.000000 0.001000 0.002000 0.003000 0.004000 0.005000 0.006000 0.007000 0.008000 0.009000 0.010000 0.011000 0.012000 0.013000 0.014000 0.015000 0.016000 0.017000 0.018000 0.019000 0.020000 0.021000 0.022000 0.023000 0.024000 0.025000 0.026000 0.027000 0.028000 0.029000 



DATA
11512.925465

11512.925465

11512.925465

11512.925465

11512.925465

11512.925465

11512.925465

11512.925465

11512.925465

11512.925465

11512.925465

11512.925465

11512.925465

11512.925465

11512.925465

11512.925465

11512.925465

11512.925465

11512.925465

11512.925465

11512.925465

11512.925465

11512.925465

11512.925465

11512.925465

11512.925465

11512.925465

11512.925465

11512.925465

11512.925465

11512.925465

11512.925465

11512.925465

11512.925465

11512.925465

11512.925465

11512.925465

11512.925465

11512.925465

11512.925465

11512.925465

11512.925465

11512.925465

11512.925465

11512.925465

11512.925465

11512.925465

11512.925465

11512.925465

11512.925465

11512.925465

11512.925465

11512.925465

11512.925465

11512.925465

11512.925465

11512.925465

11512.925465

11512.925465

11512.925465

11512.925465

11512.925465

11512.925465

11512.925465

11512.925465

11512.925465

11512.925465

11512.925465

11512.925465

11512.925465

11512.925465

11512.925465

11512.925465

11512.925465

11512.925465

11512.925465

11512.925465

11512.925465

11512.925465

11512.925465

11512.925465

11512.925465

11512.925465

11512.925465

11512.925465

11512.925465

11512.925465

11512.925465

11512.925465

11512.925465

11512.925465

11512.925465

11512.925465

11512.925465

11512.925465

11512.925465

11512.925465

11512.925465

11512.925465

11512.925465

11512.925465

11512.925465

11512.925465

11512.925465

11512.925465

11512.925465

11512.925465

11512.925465

11512.925465

11512.925465

11512.925465

11512.925465

11512.925465

11512.925465

11512.925465

11512.925465

11512.925465

11512.925465

11512.925465

11512.925465

11512.925465

11512.925465

11512.925465

11512.925465

11512.925465

11512.925465

11512.925465

11512.925465

11512.925465

11512.925465

11512.925465

11512.925465

11512.925465

11512.925465

11512.925465

11512.925465

11512.925465

11512.925465

11512.925465

11512.925465

11512.925465

11512.925465

11512.925465

11512.925465

11512.925465

11512.925465

11512.925465

11512.925465

11512.925465

11512.925465

11512.925465

11512.925465

11512.925465

11512.925465

11512.925465

11512.925465

11512.925465

11512.925465

11512.925465

11512.925465

11512.925465

11512.925465

11512.925465

11512.925465

11512.925465

11512.925465

11512.925465

11512.925465

11512.925465

11512.925465

11512.925465

11512.925465

11512.925465

11512.925465

11512.925465

11512.925465

11512.925465

11512.925465

11512.925465

11512.925465

11512.925465

11512.925465

11512.925465

11512.925465

11512.925465

11512.925465

11512.925465

11512.925465

11512.925465

11512.925465

11512.925465

11512.925465

11512.925465

11512.925465

11512.925465

11512.925465

11512.925465

11512.925465

11512.925465

11512.925465

11512.925465

11512.925465

11512.925465

11512.925465

11512.925465

11512.925465

11512.925465

11512.925465

11512.925465

11512.925465

11512.925465

11512.925465

11512.925465

11512.925465

11512.925465

11512.925465

11512.925465

11512.925465

11512.925465

11512.925465

11512.925465

11512.925465

11512.925465

11512.925465

11512.925465

11512.925465

11512.925465

11512.925465

11512.925465

11512.925465

11512.925465

11512.925465

11512.925465

11512.925465

11512.925465

11512.925465

11512.925465

11512.925465

11512.925465

11512.925465

11512.925465

11512.925465

11512.925465

11512.925465

11512.925465

11512.925465

11512.925465

11512.925465

11512.925465

11512.925465

11512.925465

11512.925465

833485.004755

216266.769259

14547.263774

14547.263774

216266.769259

833485.004754

11512.925465

11512.925465

11512.925465

11512.925465

11512.925465

11512.925465

11512.925465

11512.925465

11512.925465

11512.925465

11512.925465

11512.925465

11512.925465

11512.925465

11512.925465

11512.925465

11512.925465

11512.925465

11512.925465

11512.925465

11512.925465

11512.925465

11512.925465

99080.756578

48831.893109

48138.456379

44450.000608

44450.000608

48138.456379

48831.893109

99080.756578

11512.925465

11512.925465

11512.925465

11512.925465

11512.925465

11512.925465

11512.925465

11512.925465

11512.925465

11512.925465

11512.925465

11512.925465

11512.925465

11512.925465

11512.925465

11512.925465

11512.925465

11512.925465

11512.925465

11512.925465

11512.925465

27071.318109

20222.917633

21512.302025

34248.887909

37431.567802

37431.567802

34248.887909

21512.302025

20222.917633

27071.318110

11512.925465

11512.925465

11512.925465

11512.925465

11512.925465

11512.925465

11512.925465

11512.925465

11512.925465

11512.925465

11512.925465

11512.925465

11512.925465

11512.925465

11512.925465

11512.925465

11512.925465

11512.925465

11512.925465

231928.507136

28627.014274

17879.339770

25099.903769

47081.442071

29263.857402

29263.857402

47081.442071

25099.903769

17879.339770

28627.014274

231928.507136

11512.925465

11512.925465

11512.925465

11512.925465

11512.925465

11512.925465

11512.925465

11512.925465

11512.925465

11512.925465

11512.925465

11512.925465

11512.925465

11512.925465

11512.925465

11512.925465

11512.925465

526363.968406

73599.922383

32749.474137

24068.115989

34502.967247

41675.359263

20949.345580

20949.345580

41675.359263

34502.967247

24068.115989

32749.474137

73599.922383

526363.968406

11512.925465

11512.925465

11512.925465

11512.925465

11512.925465

11512.925465

11512.925465

11512.925465

11512.925465

11512.925465

11512.925465

11512.925465

11512.925465

11512.925465

11512.925465

11512.925465

53592.397364

45041.036345

30234.222712

25590.770679

31789.333132

34149.113516

16552.912300

16552.912300

34149.113516

31789.333132

25590.770679

30234.222712

45041.036345

53592.397364

11512.925465

11512.925465

11512.925465

11512.925465

11512.925465

11512.925465

11512.925465

11512.925465

11512.925465

11512.925465

11512.925465

11512.925465

11512.925465

11512.925465

11512.925465

11512.925465

37882.926027

37518.907304

36144.416259

28980.496419

27509.774090

21228.621501

16214.886135

16214.886135

21228.621501

27509.774090

28980.496419

36144.416259

37518.907304

37882.926026

11512.925465

11512.925465

11512.925465

11512.925465

11512.925465

11512.925465

11512.925465

11512.925465

11512.925465

11512.925465

11512.925465

11512.925465

11512.925465

11512.925465

11512.925465

11512.925465

37539.646621

42673.778424

43542.232549

33951.140553

24699.598788

14351.645240

18678.615852

18678.615852

14351.645240

24699.598788

33951.140553

43542.232549

42673.778424

37539.646621

11512.925465

11512.925465

11512.925465

11512.925465

11512.925465

11512.925465

11512.925465

11512.925465

11512.925465

11512.925465

11512.925465

11512.925465

11512.925465

11512.925465

11512.925465

11512.925465

36677.165536

41405.568014

48558.189780

41168.079054

22567.088042

12415.303888

25193.079935

25193.079935

12415.303888

22567.088042

41168.079054

48558.189780

41405.568014

36677.165536

11512.925465

11512.925465

11512.925465

11512.925465

11512.925465

11512.925465

11512.925465

11512.925465

11512.925465

11512.925465

11512.925465

11512.925465

11512.925465

11512.925465

11512.925465

11512.925465

27797.651761

40304.891872

58406.461459

42642.432908

16089.602834

15547.234818

31669.386606

31669.386606

15547.234818

16089.602834

42642.432908

58406.461459

40304.891872

27797.651761

11512.925465

11512.925465

11512.925465

11512.925465

11512.925465

11512.925465

11512.925465

11512.925465

11512.925465

11512.925465

11512.925465

11512.925465

11512.925465

11512.925465

11512.925465

11512.925465

11512.925465

30259.790169

74151.194917

35912.829003

13180.341330

24938.033718

30862.121534

30862.121534

24938.033718

13180.341330

35912.829003

74151.194916

30259.790169

11512.925465

11512.925465

11512.925465

11512.925465

11512.925465

11512.925465

11512.925465

11512.925465

11512.925465

11512.925465

11512.925465

11512.925465

11512.925465

11512.925465

11512.925465

11512.925465

11512.925465

11512.925465

11512.925465

59468.747380

34656.349547

22726.601078

14706.032555

29169.815301

29169.815301

14706.032555

22726.601078

34656.349547

59468.747380

11512.925465

11512.925465

11512.925465

11512.925465

11512.925465

11512.925465

11512.925465

11512.925465

11512.925465

11512.925465

11512.925465

11512.925465

11512.925465

11512.925465

11512.925465

11512.925465

11512.925465

11512.925465

11512.925465

11512.925465

11512.925465

26638.940243

48569.814669

7453.844751

8307.935812

8307.935812

7453.844751

48569.814669

26638.940243

11512.925465

11512.925465

11512.925465

11512.925465

11512.925465

11512.925465

11512.925465

11512.925465

11512.925465

11512.925465

11512.925465

11512.925465

11512.925465

11512.925465

11512.925465

11512.925465

11512.925465

11512.925465

11512.925465

11512.925465

11512.925465

11512.925465

11512.925465

102413.091392

69301.084372

9651.474635

9651.474635

69301.084371

102413.091392

11512.925465

11512.925465

11512.925465

11512.925465

11512.925465

11512.925465

11512.925465

11512.925465

11512.925465

11512.925465

11512.925465

11512.925465

11512.925465

11512.925465

11512.925465

11512.925465

11512.925465

11512.925465

11512.925465

11512.925465

11512.925465

11512.925465

11512.925465

11512.925465

11512.925465

11512.925465

11512.925465

11512.925465

11512.925465

11512.925465

11512.925465

11512.925465

11512.925465

11512.925465

11512.925465

11512.925465

11512.925465

11512.925465

11512.925465

11512.925465

11512.925465

11512.925465

11512.925465

11512.925465

11512.925465

11512.925465

11512.925465

11512.925465

11512.925465

11512.925465

11512.925465

11512.925465

11512.925465

11512.925465

11512.925465

11512.925465

11512.925465

11512.925465

11512.925465

11512.925465

11512.925465

11512.925465

11512.925465

11512.925465

11512.925465

11512.925465

11512.925465

11512.925465

11512.925465

11512.925465

11512.925465

11512.925465

11512.925465

11512.925465

11512.925465

11512.925465

11512.925465

11512.925465

11512.925465

11512.925465

11512.925465

11512.925465

11512.925465

11512.925465

11512.925465

11512.925465

11512.925465

11512.925465

11512.925465

11512.925465

11512.925465

11512.925465

11512.925465

11512.925465

11512.925465

11512.925465

11512.925465

11512.925465

11512.925465

11512.925465

11512.925465

11512.925465

11512.925465

11512.925465

11512.925465

11512.925465

11512.925465

11512.925465

11512.925465

11512.925465

11512.925465

11512.925465

11512.925465

11512.925465

11512.925465

11512.925465

11512.925465

11512.925465

11512.925465

11512.925465

11512.925465

11512.925465

11512.925465

11512.925465

11512.925465

11512.925465

11512.925465

11512.925465

11512.925465

11512.925465

11512.925465

11512.925465

11512.925465

11512.925465

11512.925465

11512.925465

11512.925465

11512.925465

11512.925465

11512.925465

11512.925465

11512.925465

11512.925465

11512.925465

11512.925465

11512.925465

11512.925465

11512.925465

11512.925465

11512.925465

11512.925465

11512.925465

11512.925465

11512.925465

11512.925465

11512.925465

11512.925465

11512.925465

11512.925465

11512.925465

11512.925465

11512.925465

11512.925465

11512.925465

11512.925465

11512.925465

11512.925465

11512.925465

11512.925465

11512.925465

11512.925465

11512.925465

11512.925465

11512.925465

11512.925465

11512.925465

11512.925465

11512.925465

11512.925465

11512.925465

11512.925465

11512.925465

11512.925465

11512.925465

11512.925465

11512.925465

11512.925465

11512.925465

11512.925465

11512.925465

11512.925465

11512.925465

11512.925465

11512.925465

11512.925465

11512.925465

11512.925465

11512.925465

11512.925465

11512.925465

11512.925465

11512.925465

11512.925465

11512.925465

11512.925465

11512.925465

11512.925465

11512.925465

11512.925465

11512.925465

11512.925465

11512.925465

11512.925465

11512.925465

11512.925465

11512.925465

11512.925465

11512.925465

11512.925465

11512.925465

11512.925465

11512.925465

11512.925465

11512.925465

11512.925465

11512.925465

11512.925465

11512.925465

11512.925465

11512.925465

11512.925465

11512.925465

11512.925465

11512.925465

11512.925465

11512.925465

11512.925465

11512.925465

11512.925465

11512.925465

11512.925465

11512.925465

11512.925465

11512.925465

11512.925465

11512.925465

11512.925465

11512.925465

11512.925465

11512.925465

11512.925465

11512.925465

