AXIS X

0.000000 0.001000 0.002000 0.003000 0.004000 0.005000 0.006000 0.007000 0.008000 0.009000 0.010000 0.011000 0.012000 0.013000 0.014000 0.015000 0.016000 0.017000 0.018000 0.019000 0.020000 0.021000 0.022000 0.023000 0.024000 0.025000 0.026000 0.027000 0.028000 0.029000 

AXIS Y

0.000000 0.001000 0.002000 0.003000 0.004000 0.005000 0.006000 0.007000 0.008000 0.009000 0.010000 0.011000 0.012000 0.013000 0.014000 0.015000 0.016000 0.017000 0.018000 0.019000 0.020000 0.021000 0.022000 0.023000 0.024000 0.025000 0.026000 0.027000 0.028000 0.029000 



DATA
1884.955592

1884.955592

1884.955592

1884.955592

1884.955592

1884.955592

1884.955592

1884.955592

1884.955592

1884.955592

1884.955592

1884.955592

1884.955592

1884.955592

1884.955592

1884.955592

1884.955592

1884.955592

1884.955592

1884.955592

1884.955592

1884.955592

1884.955592

1884.955592

1884.955592

1884.955592

1884.955592

1884.955592

1884.955592

1884.955592

1884.955592

1884.955592

1884.955592

1884.955592

1884.955592

1884.955592

1884.955592

1884.955592

1884.955592

1884.955592

1884.955592

1884.955592

1884.955592

1884.955592

1884.955592

1884.955592

1884.955592

1884.955592

1884.955592

1884.955592

1884.955592

1884.955592

1884.955592

1884.955592

1884.955592

1884.955592

1884.955592

1884.955592

1884.955592

1884.955592

1884.955592

1884.955592

1884.955592

1884.955592

1884.955592

1884.955592

1884.955592

1884.955592

1884.955592

1884.955592

1884.955592

1884.955592

1884.955592

1884.955592

1884.955592

1884.955592

1884.955592

1884.955592

1884.955592

1884.955592

1884.955592

1884.955592

1884.955592

1884.955592

1884.955592

1884.955592

1884.955592

1884.955592

1884.955592

1884.955592

1884.955592

1884.955592

1884.955592

1884.955592

1884.955592

1884.955592

1884.955592

1884.955592

1884.955592

1884.955592

1884.955592

1884.955592

1884.955592

1884.955592

1884.955592

1884.955592

1884.955592

1884.955592

1884.955592

1884.955592

1884.955592

1884.955592

1884.955592

1884.955592

1884.955592

1884.955592

1884.955592

1884.955592

1884.955592

1884.955592

1884.955592

1884.955592

1884.955592

1884.955592

1884.955592

1884.955592

1884.955592

1884.955592

1884.955592

1884.955592

1884.955592

1884.955592

1884.955592

1884.955592

1884.955592

1884.955592

1884.955592

1884.955592

1884.955592

1884.955592

1884.955592

1884.955592

1884.955592

1884.955592

1884.955592

1884.955592

1884.955592

1884.955592

1884.955592

1884.955592

1884.955592

1884.955592

1884.955592

1884.955592

1884.955592

1884.955592

1884.955592

1884.955592

1884.955592

1884.955592

1884.955592

1884.955592

1884.955592

1884.955592

1884.955592

1884.955592

1884.955592

1884.955592

1884.955592

1884.955592

1884.955592

1884.955592

1884.955592

1884.955592

1884.955592

1884.955592

1884.955592

1884.955592

1884.955592

1884.955592

1884.955592

1884.955592

1884.955592

1884.955592

1884.955592

1884.955592

1884.955592

1884.955592

1884.955592

1884.955592

1884.955592

1884.955592

1884.955592

1884.955592

1884.955592

1884.955592

1884.955592

1884.955592

1884.955592

1884.955592

1884.955592

1884.955592

1884.955592

1884.955592

1884.955592

1884.955592

1884.955592

1884.955592

1884.955592

1884.955592

1884.955592

1884.955592

1884.955592

1884.955592

1884.955592

1884.955592

1884.955592

1884.955592

1884.955592

1884.955592

1884.955592

1884.955592

1884.955592

1884.955592

1884.955592

1884.955592

1884.955592

1884.955592

1884.955592

1884.955592

1884.955592

1884.955592

1884.955592

1884.955592

1884.955592

1884.955592

1884.955592

1884.955592

1884.955592

1884.955592

1884.955592

1884.955592

1884.955592

1884.955592

1884.955592

1884.955592

1884.955592

1884.955592

1884.955592

1884.955592

1884.955592

1884.955592

2556.999953

2556.493219

3892.334067

3892.334067

2556.493219

2556.999953

1884.955592

1884.955592

1884.955592

1884.955592

1884.955592

1884.955592

1884.955592

1884.955592

1884.955592

1884.955592

1884.955592

1884.955592

1884.955592

1884.955592

1884.955592

1884.955592

1884.955592

1884.955592

1884.955592

1884.955592

1884.955592

1884.955592

1884.955592

3395.509634

3239.523048

4191.328993

10511.897026

10511.897026

4191.328993

3239.523048

3395.509634

1884.955592

1884.955592

1884.955592

1884.955592

1884.955592

1884.955592

1884.955592

1884.955592

1884.955592

1884.955592

1884.955592

1884.955592

1884.955592

1884.955592

1884.955592

1884.955592

1884.955592

1884.955592

1884.955592

1884.955592

1884.955592

4588.844147

6319.245508

9285.286706

9319.054753

7704.077465

7704.077465

9319.054753

9285.286706

6319.245508

4588.844147

1884.955592

1884.955592

1884.955592

1884.955592

1884.955592

1884.955592

1884.955592

1884.955592

1884.955592

1884.955592

1884.955592

1884.955592

1884.955592

1884.955592

1884.955592

1884.955592

1884.955592

1884.955592

1884.955592

3096.514940

4620.194026

9169.394147

12315.278643

6666.528313

5397.193490

5397.193490

6666.528313

12315.278643

9169.394147

4620.194026

3096.514940

1884.955592

1884.955592

1884.955592

1884.955592

1884.955592

1884.955592

1884.955592

1884.955592

1884.955592

1884.955592

1884.955592

1884.955592

1884.955592

1884.955592

1884.955592

1884.955592

1884.955592

2521.655454

3117.317452

4314.788340

6473.862319

6213.871066

5643.260273

7682.415347

7682.415347

5643.260273

6213.871066

6473.862319

4314.788340

3117.317452

2521.655454

1884.955592

1884.955592

1884.955592

1884.955592

1884.955592

1884.955592

1884.955592

1884.955592

1884.955592

1884.955592

1884.955592

1884.955592

1884.955592

1884.955592

1884.955592

1884.955592

3401.615859

3940.471274

4925.333041

5269.734836

5429.385557

6944.472587

5966.402682

5966.402682

6944.472587

5429.385557

5269.734836

4925.333041

3940.471274

3401.615859

1884.955592

1884.955592

1884.955592

1884.955592

1884.955592

1884.955592

1884.955592

1884.955592

1884.955592

1884.955592

1884.955592

1884.955592

1884.955592

1884.955592

1884.955592

1884.955592

3431.377031

4399.995837

4541.558406

4482.529756

5331.910905

9734.438778

5571.281452

5571.281452

9734.438778

5331.910905

4482.529756

4541.558406

4399.995837

3431.377031

1884.955592

1884.955592

1884.955592

1884.955592

1884.955592

1884.955592

1884.955592

1884.955592

1884.955592

1884.955592

1884.955592

1884.955592

1884.955592

1884.955592

1884.955592

1884.955592

3111.915429

3697.522276

3793.681659

3930.281614

4738.239057

8767.975724

5460.659483

5460.659483

8767.975724

4738.239057

3930.281614

3793.681659

3697.522276

3111.915429

1884.955592

1884.955592

1884.955592

1884.955592

1884.955592

1884.955592

1884.955592

1884.955592

1884.955592

1884.955592

1884.955592

1884.955592

1884.955592

1884.955592

1884.955592

1884.955592

2824.961438

3329.409070

3587.276443

3558.498231

4098.007687

6076.268126

4840.884265

4840.884265

6076.268126

4098.007687

3558.498231

3587.276443

3329.409070

2824.961438

1884.955592

1884.955592

1884.955592

1884.955592

1884.955592

1884.955592

1884.955592

1884.955592

1884.955592

1884.955592

1884.955592

1884.955592

1884.955592

1884.955592

1884.955592

1884.955592

2483.495209

3462.954922

3528.036986

3311.254074

4301.022112

7759.965845

3328.247559

3328.247559

7759.965845

4301.022112

3311.254074

3528.036986

3462.954922

2483.495209

1884.955592

1884.955592

1884.955592

1884.955592

1884.955592

1884.955592

1884.955592

1884.955592

1884.955592

1884.955592

1884.955592

1884.955592

1884.955592

1884.955592

1884.955592

1884.955592

1884.955592

3953.874093

3273.767880

3397.421805

6506.595522

11838.339074

2967.918824

2967.918824

11838.339074

6506.595522

3397.421805

3273.767880

3953.874093

1884.955592

1884.955592

1884.955592

1884.955592

1884.955592

1884.955592

1884.955592

1884.955592

1884.955592

1884.955592

1884.955592

1884.955592

1884.955592

1884.955592

1884.955592

1884.955592

1884.955592

1884.955592

1884.955592

2977.986180

3228.812119

4911.920264

3750.111450

3592.394843

3592.394843

3750.111450

4911.920264

3228.812119

2977.986180

1884.955592

1884.955592

1884.955592

1884.955592

1884.955592

1884.955592

1884.955592

1884.955592

1884.955592

1884.955592

1884.955592

1884.955592

1884.955592

1884.955592

1884.955592

1884.955592

1884.955592

1884.955592

1884.955592

1884.955592

1884.955592

2855.248796

4129.091249

3640.394215

486.533959

486.533959

3640.394215

4129.091249

2855.248796

1884.955592

1884.955592

1884.955592

1884.955592

1884.955592

1884.955592

1884.955592

1884.955592

1884.955592

1884.955592

1884.955592

1884.955592

1884.955592

1884.955592

1884.955592

1884.955592

1884.955592

1884.955592

1884.955592

1884.955592

1884.955592

1884.955592

1884.955592

3815.892430

3233.668207

4592.516498

4592.516498

3233.668207

3815.892430

1884.955592

1884.955592

1884.955592

1884.955592

1884.955592

1884.955592

1884.955592

1884.955592

1884.955592

1884.955592

1884.955592

1884.955592

1884.955592

1884.955592

1884.955592

1884.955592

1884.955592

1884.955592

1884.955592

1884.955592

1884.955592

1884.955592

1884.955592

1884.955592

1884.955592

1884.955592

1884.955592

1884.955592

1884.955592

1884.955592

1884.955592

1884.955592

1884.955592

1884.955592

1884.955592

1884.955592

1884.955592

1884.955592

1884.955592

1884.955592

1884.955592

1884.955592

1884.955592

1884.955592

1884.955592

1884.955592

1884.955592

1884.955592

1884.955592

1884.955592

1884.955592

1884.955592

1884.955592

1884.955592

1884.955592

1884.955592

1884.955592

1884.955592

1884.955592

1884.955592

1884.955592

1884.955592

1884.955592

1884.955592

1884.955592

1884.955592

1884.955592

1884.955592

1884.955592

1884.955592

1884.955592

1884.955592

1884.955592

1884.955592

1884.955592

1884.955592

1884.955592

1884.955592

1884.955592

1884.955592

1884.955592

1884.955592

1884.955592

1884.955592

1884.955592

1884.955592

1884.955592

1884.955592

1884.955592

1884.955592

1884.955592

1884.955592

1884.955592

1884.955592

1884.955592

1884.955592

1884.955592

1884.955592

1884.955592

1884.955592

1884.955592

1884.955592

1884.955592

1884.955592

1884.955592

1884.955592

1884.955592

1884.955592

1884.955592

1884.955592

1884.955592

1884.955592

1884.955592

1884.955592

1884.955592

1884.955592

1884.955592

1884.955592

1884.955592

1884.955592

1884.955592

1884.955592

1884.955592

1884.955592

1884.955592

1884.955592

1884.955592

1884.955592

1884.955592

1884.955592

1884.955592

1884.955592

1884.955592

1884.955592

1884.955592

1884.955592

1884.955592

1884.955592

1884.955592

1884.955592

1884.955592

1884.955592

1884.955592

1884.955592

1884.955592

1884.955592

1884.955592

1884.955592

1884.955592

1884.955592

1884.955592

1884.955592

1884.955592

1884.955592

1884.955592

1884.955592

1884.955592

1884.955592

1884.955592

1884.955592

1884.955592

1884.955592

1884.955592

1884.955592

1884.955592

1884.955592

1884.955592

1884.955592

1884.955592

1884.955592

1884.955592

1884.955592

1884.955592

1884.955592

1884.955592

1884.955592

1884.955592

1884.955592

1884.955592

1884.955592

1884.955592

1884.955592

1884.955592

1884.955592

1884.955592

1884.955592

1884.955592

1884.955592

1884.955592

1884.955592

1884.955592

1884.955592

1884.955592

1884.955592

1884.955592

1884.955592

1884.955592

1884.955592

1884.955592

1884.955592

1884.955592

1884.955592

1884.955592

1884.955592

1884.955592

1884.955592

1884.955592

1884.955592

1884.955592

1884.955592

1884.955592

1884.955592

1884.955592

1884.955592

1884.955592

1884.955592

1884.955592

1884.955592

1884.955592

1884.955592

1884.955592

1884.955592

1884.955592

1884.955592

1884.955592

1884.955592

1884.955592

1884.955592

1884.955592

1884.955592

1884.955592

1884.955592

1884.955592

1884.955592

1884.955592

1884.955592

1884.955592

1884.955592

1884.955592

1884.955592

1884.955592

1884.955592

1884.955592

1884.955592

1884.955592

1884.955592

1884.955592

1884.955592

1884.955592

1884.955592

1884.955592

1884.955592

