AXIS X

0.000000 0.001000 0.002000 0.003000 0.004000 0.005000 0.006000 0.007000 0.008000 0.009000 0.010000 0.011000 0.012000 0.013000 0.014000 0.015000 0.016000 0.017000 0.018000 0.019000 0.020000 0.021000 0.022000 0.023000 0.024000 0.025000 0.026000 0.027000 0.028000 0.029000 

AXIS Y

0.000000 0.001000 0.002000 0.003000 0.004000 0.005000 0.006000 0.007000 0.008000 0.009000 0.010000 0.011000 0.012000 0.013000 0.014000 0.015000 0.016000 0.017000 0.018000 0.019000 0.020000 0.021000 0.022000 0.023000 0.024000 0.025000 0.026000 0.027000 0.028000 0.029000 



DATA
4340.270647

4340.270647

4340.270647

4340.270647

4340.270647

4340.270647

4340.270647

4340.270647

4340.270647

4340.270647

4340.270647

4340.270647

4340.270647

4340.270647

4340.270647

4340.270647

4340.270647

4340.270647

4340.270647

4340.270647

4340.270647

4340.270647

4340.270647

4340.270647

4340.270647

4340.270647

4340.270647

4340.270647

4340.270647

4340.270647

4340.270647

4340.270647

4340.270647

4340.270647

4340.270647

4340.270647

4340.270647

4340.270647

4340.270647

4340.270647

4340.270647

4340.270647

4340.270647

4340.270647

4340.270647

4340.270647

4340.270647

4340.270647

4340.270647

4340.270647

4340.270647

4340.270647

4340.270647

4340.270647

4340.270647

4340.270647

4340.270647

4340.270647

4340.270647

4340.270647

4340.270647

4340.270647

4340.270647

4340.270647

4340.270647

4340.270647

4340.270647

4340.270647

4340.270647

4340.270647

4340.270647

4340.270647

4340.270647

4340.270647

4340.270647

4340.270647

4340.270647

4340.270647

4340.270647

4340.270647

4340.270647

4340.270647

4340.270647

4340.270647

4340.270647

4340.270647

4340.270647

4340.270647

4340.270647

4340.270647

4340.270647

4340.270647

4340.270647

4340.270647

4340.270647

4340.270647

4340.270647

4340.270647

4340.270647

4340.270647

4340.270647

4340.270647

4340.270647

4340.270647

4340.270647

4340.270647

4340.270647

4340.270647

4340.270647

4340.270647

4340.270647

4340.270647

4340.270647

4340.270647

4340.270647

4340.270647

4340.270647

4340.270647

4340.270647

4340.270647

4340.270647

4340.270647

4340.270647

4340.270647

4340.270647

4340.270647

4340.270647

4340.270647

4340.270647

4340.270647

4340.270647

4340.270647

4340.270647

4340.270647

4340.270647

4340.270647

4340.270647

4340.270647

4340.270647

4340.270647

4340.270647

4340.270647

4340.270647

4340.270647

4340.270647

4340.270647

4340.270647

4340.270647

4340.270647

4340.270647

4340.270647

4340.270647

4340.270647

4340.270647

4340.270647

4340.270647

4340.270647

4340.270647

4340.270647

4340.270647

4340.270647

4340.270647

4340.270647

4340.270647

4340.270647

4340.270647

4340.270647

4340.270647

4340.270647

4340.270647

4340.270647

4340.270647

4340.270647

4340.270647

4340.270647

4340.270647

4340.270647

4340.270647

4340.270647

4340.270647

4340.270647

4340.270647

4340.270647

4340.270647

4340.270647

4340.270647

4340.270647

4340.270647

4340.270647

4340.270647

4340.270647

4340.270647

4340.270647

4340.270647

4340.270647

4340.270647

4340.270647

4340.270647

4340.270647

4340.270647

4340.270647

4340.270647

4340.270647

4340.270647

4340.270647

4340.270647

4340.270647

4340.270647

4340.270647

4340.270647

4340.270647

4340.270647

4340.270647

4340.270647

4340.270647

4340.270647

4340.270647

4340.270647

4340.270647

4340.270647

4340.270647

4340.270647

4340.270647

4340.270647

4340.270647

4340.270647

4340.270647

4340.270647

4340.270647

4340.270647

4340.270647

4340.270647

4340.270647

4340.270647

4340.270647

4340.270647

4340.270647

4340.270647

4340.270647

4340.270647

4340.270647

4340.270647

4340.270647

4340.270647

4340.270647

4340.270647

4340.270647

4340.270647

4340.270647

4340.270647

4340.270647

4340.270647

5887.709975

5886.543178

8962.430399

8962.430399

5886.543178

5887.709975

4340.270647

4340.270647

4340.270647

4340.270647

4340.270647

4340.270647

4340.270647

4340.270647

4340.270647

4340.270647

4340.270647

4340.270647

4340.270647

4340.270647

4340.270647

4340.270647

4340.270647

4340.270647

4340.270647

4340.270647

4340.270647

4340.270647

4340.270647

7818.449865

7459.277478

9650.891660

24204.537391

24204.537391

9650.891660

7459.277478

7818.449865

4340.270647

4340.270647

4340.270647

4340.270647

4340.270647

4340.270647

4340.270647

4340.270647

4340.270647

4340.270647

4340.270647

4340.270647

4340.270647

4340.270647

4340.270647

4340.270647

4340.270647

4340.270647

4340.270647

4340.270647

4340.270647

10566.204126

14550.600505

21380.162754

21457.916556

17739.293927

17739.293927

21457.916556

21380.162754

14550.600505

10566.204126

4340.270647

4340.270647

4340.270647

4340.270647

4340.270647

4340.270647

4340.270647

4340.270647

4340.270647

4340.270647

4340.270647

4340.270647

4340.270647

4340.270647

4340.270647

4340.270647

4340.270647

4340.270647

4340.270647

7129.989140

10638.389890

21113.310274

28356.977019

15350.248715

12427.497273

12427.497273

15350.248715

28356.977019

21113.310274

10638.389890

7129.989140

4340.270647

4340.270647

4340.270647

4340.270647

4340.270647

4340.270647

4340.270647

4340.270647

4340.270647

4340.270647

4340.270647

4340.270647

4340.270647

4340.270647

4340.270647

4340.270647

4340.270647

5806.326258

7177.888695

9935.167310

14906.618869

14307.966887

12994.086981

17689.415056

17689.415056

12994.086981

14307.966887

14906.618869

9935.167310

7177.888695

5806.326258

4340.270647

4340.270647

4340.270647

4340.270647

4340.270647

4340.270647

4340.270647

4340.270647

4340.270647

4340.270647

4340.270647

4340.270647

4340.270647

4340.270647

4340.270647

4340.270647

7832.509969

9073.270415

11340.998439

12134.012876

12501.622248

15990.239058

13738.149874

13738.149874

15990.239058

12501.622248

12134.012876

11340.998439

9073.270415

7832.509969

4340.270647

4340.270647

4340.270647

4340.270647

4340.270647

4340.270647

4340.270647

4340.270647

4340.270647

4340.270647

4340.270647

4340.270647

4340.270647

4340.270647

4340.270647

4340.270647

7901.037599

10131.364823

10457.324685

10321.406196

12277.178567

22414.373619

12828.349620

12828.349620

22414.373619

12277.178567

10321.406196

10457.324685

10131.364823

7901.037599

4340.270647

4340.270647

4340.270647

4340.270647

4340.270647

4340.270647

4340.270647

4340.270647

4340.270647

4340.270647

4340.270647

4340.270647

4340.270647

4340.270647

4340.270647

4340.270647

7165.450078

8513.859674

8735.274835

9049.807855

10910.198619

20189.010198

12573.633124

12573.633124

20189.010198

10910.198619

9049.807855

8735.274835

8513.859674

7165.450078

4340.270647

4340.270647

4340.270647

4340.270647

4340.270647

4340.270647

4340.270647

4340.270647

4340.270647

4340.270647

4340.270647

4340.270647

4340.270647

4340.270647

4340.270647

4340.270647

6504.714095

7666.247694

8260.009263

8193.744981

9436.011412

13991.124407

11146.547945

11146.547945

13991.124407

9436.011412

8193.744981

8260.009263

7666.247694

6504.714095

4340.270647

4340.270647

4340.270647

4340.270647

4340.270647

4340.270647

4340.270647

4340.270647

4340.270647

4340.270647

4340.270647

4340.270647

4340.270647

4340.270647

4340.270647

4340.270647

5718.459046

7973.748381

8123.605371

7624.444270

9903.469401

17867.981676

7663.573215

7663.573215

17867.981676

9903.469401

7624.444270

8123.605371

7973.748381

5718.459046

4340.270647

4340.270647

4340.270647

4340.270647

4340.270647

4340.270647

4340.270647

4340.270647

4340.270647

4340.270647

4340.270647

4340.270647

4340.270647

4340.270647

4340.270647

4340.270647

4340.270647

9104.131546

7538.129119

7822.852803

14981.989855

27258.783078

6833.885642

6833.885642

27258.783078

14981.989855

7822.852803

7538.129119

9104.131546

4340.270647

4340.270647

4340.270647

4340.270647

4340.270647

4340.270647

4340.270647

4340.270647

4340.270647

4340.270647

4340.270647

4340.270647

4340.270647

4340.270647

4340.270647

4340.270647

4340.270647

4340.270647

4340.270647

6857.066586

7434.614654

11310.114378

8634.950723

8271.794813

8271.794813

8634.950723

11310.114378

7434.614654

6857.066586

4340.270647

4340.270647

4340.270647

4340.270647

4340.270647

4340.270647

4340.270647

4340.270647

4340.270647

4340.270647

4340.270647

4340.270647

4340.270647

4340.270647

4340.270647

4340.270647

4340.270647

4340.270647

4340.270647

4340.270647

4340.270647

6574.453313

9507.583956

8382.317452

1120.285842

1120.285842

8382.317452

9507.583956

6574.453313

4340.270647

4340.270647

4340.270647

4340.270647

4340.270647

4340.270647

4340.270647

4340.270647

4340.270647

4340.270647

4340.270647

4340.270647

4340.270647

4340.270647

4340.270647

4340.270647

4340.270647

4340.270647

4340.270647

4340.270647

4340.270647

4340.270647

4340.270647

8786.417026

7445.796208

10574.660028

10574.660028

7445.796208

8786.417026

4340.270647

4340.270647

4340.270647

4340.270647

4340.270647

4340.270647

4340.270647

4340.270647

4340.270647

4340.270647

4340.270647

4340.270647

4340.270647

4340.270647

4340.270647

4340.270647

4340.270647

4340.270647

4340.270647

4340.270647

4340.270647

4340.270647

4340.270647

4340.270647

4340.270647

4340.270647

4340.270647

4340.270647

4340.270647

4340.270647

4340.270647

4340.270647

4340.270647

4340.270647

4340.270647

4340.270647

4340.270647

4340.270647

4340.270647

4340.270647

4340.270647

4340.270647

4340.270647

4340.270647

4340.270647

4340.270647

4340.270647

4340.270647

4340.270647

4340.270647

4340.270647

4340.270647

4340.270647

4340.270647

4340.270647

4340.270647

4340.270647

4340.270647

4340.270647

4340.270647

4340.270647

4340.270647

4340.270647

4340.270647

4340.270647

4340.270647

4340.270647

4340.270647

4340.270647

4340.270647

4340.270647

4340.270647

4340.270647

4340.270647

4340.270647

4340.270647

4340.270647

4340.270647

4340.270647

4340.270647

4340.270647

4340.270647

4340.270647

4340.270647

4340.270647

4340.270647

4340.270647

4340.270647

4340.270647

4340.270647

4340.270647

4340.270647

4340.270647

4340.270647

4340.270647

4340.270647

4340.270647

4340.270647

4340.270647

4340.270647

4340.270647

4340.270647

4340.270647

4340.270647

4340.270647

4340.270647

4340.270647

4340.270647

4340.270647

4340.270647

4340.270647

4340.270647

4340.270647

4340.270647

4340.270647

4340.270647

4340.270647

4340.270647

4340.270647

4340.270647

4340.270647

4340.270647

4340.270647

4340.270647

4340.270647

4340.270647

4340.270647

4340.270647

4340.270647

4340.270647

4340.270647

4340.270647

4340.270647

4340.270647

4340.270647

4340.270647

4340.270647

4340.270647

4340.270647

4340.270647

4340.270647

4340.270647

4340.270647

4340.270647

4340.270647

4340.270647

4340.270647

4340.270647

4340.270647

4340.270647

4340.270647

4340.270647

4340.270647

4340.270647

4340.270647

4340.270647

4340.270647

4340.270647

4340.270647

4340.270647

4340.270647

4340.270647

4340.270647

4340.270647

4340.270647

4340.270647

4340.270647

4340.270647

4340.270647

4340.270647

4340.270647

4340.270647

4340.270647

4340.270647

4340.270647

4340.270647

4340.270647

4340.270647

4340.270647

4340.270647

4340.270647

4340.270647

4340.270647

4340.270647

4340.270647

4340.270647

4340.270647

4340.270647

4340.270647

4340.270647

4340.270647

4340.270647

4340.270647

4340.270647

4340.270647

4340.270647

4340.270647

4340.270647

4340.270647

4340.270647

4340.270647

4340.270647

4340.270647

4340.270647

4340.270647

4340.270647

4340.270647

4340.270647

4340.270647

4340.270647

4340.270647

4340.270647

4340.270647

4340.270647

4340.270647

4340.270647

4340.270647

4340.270647

4340.270647

4340.270647

4340.270647

4340.270647

4340.270647

4340.270647

4340.270647

4340.270647

4340.270647

4340.270647

4340.270647

4340.270647

4340.270647

4340.270647

4340.270647

4340.270647

4340.270647

4340.270647

4340.270647

4340.270647

4340.270647

4340.270647

4340.270647

4340.270647

4340.270647

4340.270647

4340.270647

4340.270647

4340.270647

4340.270647

4340.270647

4340.270647

4340.270647

4340.270647

