AXIS X

0.000000 0.000500 0.001000 0.001500 0.002000 0.002500 0.003000 0.003500 0.004000 0.004500 0.005000 0.005500 0.006000 0.006500 0.007000 0.007500 0.008000 0.008500 0.009000 0.009500 0.010000 0.010500 0.011000 0.011500 0.012000 0.012500 0.013000 0.013500 0.014000 0.014500 0.015000 0.015500 0.016000 0.016500 0.017000 0.017500 0.018000 0.018500 0.019000 0.019500 0.020000 0.020500 0.021000 0.021500 0.022000 0.022500 0.023000 0.023500 0.024000 0.024500 0.025000 0.025500 0.026000 0.026500 0.027000 0.027500 0.028000 0.028500 0.029000 0.029500 

AXIS Y

0.000000 0.000500 0.001000 0.001500 0.002000 0.002500 0.003000 0.003500 0.004000 0.004500 0.005000 0.005500 0.006000 0.006500 0.007000 0.007500 0.008000 0.008500 0.009000 0.009500 0.010000 0.010500 0.011000 0.011500 0.012000 0.012500 0.013000 0.013500 0.014000 0.014500 0.015000 0.015500 0.016000 0.016500 0.017000 0.017500 0.018000 0.018500 0.019000 0.019500 0.020000 0.020500 0.021000 0.021500 0.022000 0.022500 0.023000 0.023500 0.024000 0.024500 0.025000 0.025500 0.026000 0.026500 0.027000 0.027500 0.028000 0.028500 0.029000 0.029500 



DATA
2670.286120

2670.286442

2670.420590

2670.823402

2671.674475

2673.062017

2674.968953

2677.251554

2679.703754

2682.067719

2684.153342

2685.837931

2687.186090

2688.393823

2689.871145

2692.110244

2695.733436

2701.313209

2709.421368

2720.452809

2734.689157

2752.159893

2772.649003

2795.632400

2820.053429

2844.664037

2867.188652

2886.118002

2900.673433

2905.638721

2905.638721

2900.673433

2886.118002

2867.188652

2844.664037

2820.053429

2795.632400

2772.649003

2752.159893

2734.689157

2720.452809

2709.421368

2701.313209

2695.733436

2692.110244

2689.871145

2688.393823

2687.186090

2685.837931

2684.153342

2682.067719

2679.703754

2677.251554

2674.968953

2673.062017

2671.674475

2670.823402

2670.420590

2670.286442

2670.286120

2670.298133

2670.459713

2671.005466

2671.841112

2672.881512

2674.106598

2675.464139

2676.930370

2678.492685

2680.147666

2681.915915

2683.849150

2686.027909

2688.577591

2691.637927

2695.389877

2699.988669

2705.612330

2712.361015

2720.350726

2729.574743

2740.051525

2751.610975

2764.109908

2777.114108

2790.282434

2802.635710

2814.294133

2820.084270

2816.057029

2816.057029

2820.084270

2814.294133

2802.635710

2790.282434

2777.114108

2764.109908

2751.610975

2740.051525

2729.574743

2720.350726

2712.361015

2705.612330

2699.988669

2695.389877

2691.637927

2688.577591

2686.027909

2683.849150

2681.915915

2680.147666

2678.492685

2676.930370

2675.464139

2674.106598

2672.881512

2671.841112

2671.005466

2670.459713

2670.298133

2670.392861

2670.930763

2671.826523

2673.049014

2674.335922

2675.552301

2676.645161

2677.664791

2678.733205

2680.026381

2681.710692

2683.930563

2686.758851

2690.192318

2694.141159

2698.440738

2702.894559

2707.291876

2711.496204

2715.423883

2719.139225

2722.718929

2726.340936

2730.013856

2733.780575

2737.268583

2740.341629

2741.462819

2740.043004

2738.452630

2738.452630

2740.043004

2741.462819

2740.341629

2737.268583

2733.780575

2730.013856

2726.340936

2722.718929

2719.139225

2715.423883

2711.496204

2707.291876

2702.894559

2698.440738

2694.141159

2690.192318

2686.758851

2683.930563

2681.710692

2680.026381

2678.733205

2677.664791

2676.645161

2675.552301

2674.335922

2673.049014

2671.826523

2670.930763

2670.392861

2670.731192

2671.662843

2672.823698

2674.251950

2675.723101

2677.036192

2678.133108

2679.061048

2679.982937

2681.100590

2682.631963

2684.718964

2687.418157

2690.638746

2694.174201

2697.712602

2700.922701

2703.535262

2705.420732

2706.652443

2707.442194

2708.104444

2708.812370

2709.593879

2710.064039

2709.782189

2707.958821

2704.714068

2700.885794

2698.243348

2698.243348

2700.885794

2704.714068

2707.958821

2709.782189

2710.064039

2709.593879

2708.812370

2708.104444

2707.442194

2706.652443

2705.420732

2703.535262

2700.922701

2697.712602

2694.174201

2690.638746

2687.418157

2684.718964

2682.631963

2681.100590

2679.982937

2679.061048

2678.133108

2677.036192

2675.723101

2674.251950

2672.823698

2671.662843

2670.731192

2671.352541

2672.509727

2673.917730

2675.444165

2677.029626

2678.503839

2679.766576

2680.816175

2681.720869

2682.621549

2683.654942

2684.949845

2686.542592

2688.399261

2690.376210

2692.301918

2694.014932

2695.472016

2696.787448

2698.227287

2700.131352

2702.717322

2705.966622

2709.408443

2712.306141

2713.627134

2712.864085

2709.853344

2705.632721

2700.967665

2700.967665

2705.632721

2709.853344

2712.864085

2713.627134

2712.306141

2709.408443

2705.966622

2702.717322

2700.131352

2698.227287

2696.787448

2695.472016

2694.014932

2692.301918

2690.376210

2688.399261

2686.542592

2684.949845

2683.654942

2682.621549

2681.720869

2680.816175

2679.766576

2678.503839

2677.029626

2675.444165

2673.917730

2672.509727

2671.352541

2672.312866

2673.469939

2674.999901

2676.647078

2678.333492

2679.971965

2681.418175

2682.563230

2683.356691

2683.796823

2683.956232

2683.925400

2683.838017

2683.806495

2683.970814

2684.471867

2685.520553

2687.382080

2690.375757

2694.785793

2700.733813

2708.066157

2716.223382

2724.344257

2731.287789

2736.131848

2738.093474

2737.173994

2733.426161

2727.514592

2727.514592

2733.426161

2737.173994

2738.093474

2736.131848

2731.287789

2724.344257

2716.223382

2708.066157

2700.733813

2694.785793

2690.375757

2687.382080

2685.520553

2684.471867

2683.970814

2683.806495

2683.838017

2683.925400

2683.956232

2683.796823

2683.356691

2682.563230

2681.418175

2679.971965

2678.333492

2676.647078

2674.999901

2673.469939

2672.312866

2673.528391

2674.567672

2676.161351

2677.915312

2679.719305

2681.436371

2682.893345

2683.891892

2684.282616

2684.013397

2683.125371

2681.791525

2680.263208

2678.903619

2678.123651

2678.405986

2680.229646

2684.034738

2690.100613

2698.444280

2708.724697

2720.211872

2731.898542

2742.630657

2751.447668

2757.602845

2760.874658

2761.100443

2758.422833

2752.609210

2752.609210

2758.422833

2761.100443

2760.874658

2757.602845

2751.447668

2742.630657

2731.898542

2720.211872

2708.724697

2698.444280

2690.100613

2684.034738

2680.229646

2678.405986

2678.123651

2678.903619

2680.263208

2681.791525

2683.125371

2684.013397

2684.282616

2683.891892

2682.893345

2681.436371

2679.719305

2677.915312

2676.161351

2674.567672

2673.528391

2674.933260

2675.847342

2677.499149

2679.369047

2681.206195

2682.811574

2683.946410

2684.408177

2684.086441

2683.000323

2681.325281

2679.346029

2677.478725

2676.202883

2676.079606

2677.660852

2681.448506

2687.754182

2696.601087

2707.612155

2720.012772

2732.724673

2744.581676

2754.607297

2762.181944

2767.189078

2769.758979

2770.204510

2768.473639

2764.029721

2764.029721

2768.473639

2770.204510

2769.758979

2767.189078

2762.181944

2754.607297

2744.581676

2732.724673

2720.012772

2707.612155

2696.601087

2687.754182

2681.448506

2677.660852

2676.079606

2676.202883

2677.478725

2679.346029

2681.325281

2683.000323

2684.086441

2684.408177

2683.946410

2682.811574

2681.206195

2679.369047

2677.499149

2675.847342

2674.933260

2676.464444

2677.329589

2679.078930

2681.005386

2682.718091

2683.905690

2684.340717

2683.920669

2682.726974

2681.022092

2679.173572

2677.623629

2676.803769

2677.161266

2679.092325

2682.950211

2688.938140

2697.059873

2707.012324

2718.198558

2729.757834

2740.762991

2750.381296

2758.089601

2763.720165

2767.408615

2769.453059

2770.046040

2769.093760

2765.709386

2765.709386

2769.093760

2770.046040

2769.453059

2767.408615

2763.720165

2758.089601

2750.381296

2740.762991

2729.757834

2718.198558

2707.012324

2697.059873

2688.938140

2682.950211

2679.092325

2677.161266

2676.803769

2677.623629

2679.173572

2681.022092

2682.726974

2683.920669

2684.340717

2683.905690

2682.718091

2681.005386

2679.078930

2677.329589

2676.464444

2678.120749

2679.009182

2680.832110

2682.682328

2684.014707

2684.490432

2683.965661

2682.560336

2680.651479

2678.770524

2677.487329

2677.261226

2678.437097

2681.194986

2685.621843

2691.659966

2699.144454

2707.738973

2717.004734

2726.401954

2735.456843

2743.778075

2751.195799

2757.632403

2763.091972

2767.469038

2770.555065

2772.019532

2771.401547

2767.789212

2767.789212

2771.401547

2772.019532

2770.555065

2767.469038

2763.091972

2757.632403

2751.195799

2743.778075

2735.456843

2726.401954

2717.004734

2707.738973

2699.144454

2691.659966

2685.621843

2681.194986

2678.437097

2677.261226

2677.487329

2678.770524

2680.651479

2682.560336

2683.965661

2684.490432

2684.014707

2682.682328

2680.832110

2679.009182

2678.120749

2679.936607

2680.819616

2682.576045

2684.103862

2684.800820

2684.390129

2682.921563

2680.773531

2678.574193

2677.041632

2676.767070

2678.134445

2681.248270

2686.039071

2692.251960

2699.552719

2707.486189

2715.606925

2723.489197

2730.935197

2737.938135

2744.786091

2751.770472

2759.092839

2766.502731

2773.345251

2778.601470

2781.264760

2780.564768

2775.959208

2775.959208

2780.564768

2781.264760

2778.601470

2773.345251

2766.502731

2759.092839

2751.770472

2744.786091

2737.938135

2730.935197

2723.489197

2715.606925

2707.486189

2699.552719

2692.251960

2686.039071

2681.248270

2678.134445

2676.767070

2677.041632

2678.574193

2680.773531

2682.921563

2684.390129

2684.800820

2684.103862

2682.576045

2680.819616

2679.936607

2681.957332

2682.630131

2684.038316

2684.961245

2684.848951

2683.603646

2681.493155

2679.081509

2677.094974

2676.207391

2676.898625

2679.340417

2683.491228

2689.105585

2695.875746

2703.369250

2711.156452

2718.779014

2726.003312

2732.809013

2739.593201

2746.873289

2755.201542

2764.634166

2774.657803

2784.048044

2791.269024

2794.900760

2794.059891

2788.405916

2788.405916

2794.059891

2794.900760

2791.269024

2784.048044

2774.657803

2764.634166

2755.201542

2746.873289

2739.593201

2732.809013

2726.003312

2718.779014

2711.156452

2703.369250

2695.875746

2689.105585

2683.491228

2679.340417

2676.898625

2676.207391

2677.094974

2679.081509

2681.493155

2683.603646

2684.848951

2684.961245

2684.038316

2682.630131

2681.957332

2684.151164

2684.261410

2684.973945

2685.071210

2684.153180

2682.327327

2680.014852

2677.811051

2676.322149

2676.032970

2677.182957

2679.826527

2683.849781

2689.129436

2695.454609

2702.608282

2710.228884

2718.017654

2725.709178

2733.404214

2741.394865

2750.268984

2760.377385

2771.724797

2783.560860

2794.563844

2803.097503

2807.671118

2807.355344

2801.585204

2801.585204

2807.355344

2807.671118

2803.097503

2794.563844

2783.560860

2771.724797

2760.377385

2750.268984

2741.394865

2733.404214

2725.709178

2718.017654

2710.228884

2702.608282

2695.454609

2689.129436

2683.849781

2679.826527

2677.182957

2676.032970

2676.322149

2677.811051

2680.014852

2682.327327

2684.153180

2685.071210

2684.973945

2684.261410

2684.151164

2686.374727

2685.533546

2685.282740

2684.503503

2682.963532

2680.896170

2678.737555

2676.950201

2675.924892

2675.890425

2676.948469

2679.087576

2682.340930

2686.732131

2692.337363

2699.065874

2706.758011

2715.054130

2723.739790

2732.665595

2742.087395

2752.289791

2763.636673

2776.013664

2788.843940

2800.980882

2810.944434

2817.315387

2818.723638

2814.125070

2814.125070

2818.723638

2817.315387

2810.944434

2800.980882

2788.843940

2776.013664

2763.636673

2752.289791

2742.087395

2732.665595

2723.739790

2715.054130

2706.758011

2699.065874

2692.337363

2686.732131

2682.340930

2679.087576

2676.948469

2675.890425

2675.924892

2676.950201

2678.737555

2680.896170

2682.963532

2684.503503

2685.282740

2685.533546

2686.374727

2688.333710

2686.335266

2685.072971

2683.583290

2681.709913

2679.671880

2677.779177

2676.317692

2675.482466

2675.393814

2676.088614

2677.640994

2680.148088

2683.823752

2688.803526

2695.173016

2702.736731

2711.250812

2720.327888

2729.872077

2739.877736

2750.716329

2762.616309

2775.699144

2789.547255

2803.259312

2815.572482

2824.792521

2829.166365

2826.098444

2826.098444

2829.166365

2824.792521

2815.572482

2803.259312

2789.547255

2775.699144

2762.616309

2750.716329

2739.877736

2729.872077

2720.327888

2711.250812

2702.736731

2695.173016

2688.803526

2683.823752

2680.148088

2677.640994

2676.088614

2675.393814

2675.482466

2676.317692

2677.779177

2679.671880

2681.709913

2683.583290

2685.072971

2686.335266

2688.333710

2689.679255

2686.641042

2684.628052

2682.760568

2680.842497

2678.941555

2677.213643

2675.827805

2674.962841

2674.744972

2675.272417

2676.589548

2678.817219

2682.080387

2686.576044

2692.341667

2699.346732

2707.314613

2716.058049

2725.371793

2735.447167

2746.520320

2759.041926

2773.098406

2788.432462

2804.236853

2819.142220

2831.505555

2838.848967

2838.300649

2838.300649

2838.848967

2831.505555

2819.142220

2804.236853

2788.432462

2773.098406

2759.041926

2746.520320

2735.447167

2725.371793

2716.058049

2707.314613

2699.346732

2692.341667

2686.576044

2682.080387

2678.817219

2676.589548

2675.272417

2674.744972

2674.962841

2675.827805

2677.213643

2678.941555

2680.842497

2682.760568

2684.628052

2686.641042

2689.679255

2690.092777

2686.511407

2684.256773

2682.424841

2680.663122

2678.883205

2677.151674

2675.691469

2674.781364

2674.656179

2675.371962

2676.889704

2679.122749

2682.135993

2686.049180

2691.064768

2697.216130

2704.480268

2712.673661

2721.811033

2731.978577

2743.605313

2756.968916

2772.230311

2788.953355

2806.225962

2822.774391

2836.813498

2846.229465

2847.029996

2847.029996

2846.229465

2836.813498

2822.774391

2806.225962

2788.953355

2772.230311

2756.968916

2743.605313

2731.978577

2721.811033

2712.673661

2704.480268

2697.216130

2691.064768

2686.049180

2682.135993

2679.122749

2676.889704

2675.371962

2674.656179

2674.781364

2675.691469

2677.151674

2678.883205

2680.663122

2682.424841

2684.256773

2686.511407

2690.092777

2689.444524

2686.027988

2684.157384

2682.734476

2681.253476

2679.548246

2677.766046

2676.276778

2675.515991

2675.715752

2676.837554

2678.614572

2680.857650

2683.565533

2687.022039

2691.544489

2697.368098

2704.474844

2712.758058

2722.117750

2732.736284

2744.892829

2758.962584

2774.848998

2792.057505

2809.506883

2825.904845

2839.927927

2849.573151

2851.346685

2851.346685

2849.573151

2839.927927

2825.904845

2809.506883

2792.057505

2774.848998

2758.962584

2744.892829

2732.736284

2722.117750

2712.758058

2704.474844

2697.368098

2691.544489

2687.022039

2683.565533

2680.857650

2678.614572

2676.837554

2675.715752

2675.515991

2676.276778

2677.766046

2679.548246

2681.253476

2682.734476

2684.157384

2686.027988

2689.444524

2687.824269

2685.270547

2684.322612

2683.597276

2682.476141

2680.888347

2679.156772

2677.833647

2677.376989

2677.940528

2679.295875

2681.114383

2683.215715

2685.809577

2689.337339

2694.237616

2700.675643

2708.468857

2717.324728

2727.047349

2737.790841

2749.977688

2763.948231

2779.749524

2796.667456

2813.665410

2829.377388

2842.612527

2851.789550

2853.528494

2853.528494

2851.789550

2842.612527

2829.377388

2813.665410

2796.667456

2779.749524

2763.948231

2749.977688

2737.790841

2727.047349

2717.324728

2708.468857

2700.675643

2694.237616

2689.337339

2685.809577

2683.215715

2681.114383

2679.295875

2677.940528

2677.376989

2677.833647

2679.156772

2680.888347

2682.476141

2683.597276

2684.322612

2685.270547

2687.824269

2685.543224

2684.290582

2684.597243

2684.738628

2684.086078

2682.739094

2681.240653

2680.202584

2680.019582

2680.679652

2681.933640

2683.545770

2685.627953

2688.602762

2692.995347

2699.095252

2706.707574

2715.394709

2724.584723

2734.200924

2744.508182

2756.220990

2769.944888

2785.746824

2803.131625

2820.725008

2837.221842

2850.971637

2860.339694

2861.160745

2861.160745

2860.339694

2850.971637

2837.221842

2820.725008

2803.131625

2785.746824

2769.944888

2756.220990

2744.508182

2734.200924

2724.584723

2715.394709

2706.707574

2699.095252

2692.995347

2688.602762

2685.627953

2683.545770

2681.933640

2680.679652

2680.019582

2680.202584

2681.240653

2682.739094

2684.086078

2684.738628

2684.597243

2684.290582

2685.543224

2683.009621

2683.148192

2684.774942

2685.872800

2685.809408

2684.860857

2683.675192

2682.858330

2682.678495

2683.113124

2684.030481

2685.522281

2687.944133

2691.807466

2697.443289

2704.719471

2713.184493

2722.097951

2731.187781

2740.450667

2750.685895

2762.717756

2777.358866

2794.822591

2814.402514

2834.959114

2854.404240

2871.031853

2882.078393

2884.214900

2884.214900

2882.078393

2871.031853

2854.404240

2834.959114

2814.402514

2794.822591

2777.358866

2762.717756

2750.685895

2740.450667

2731.187781

2722.097951

2713.184493

2704.719471

2697.443289

2691.807466

2687.944133

2685.522281

2684.030481

2683.113124

2682.678495

2682.858330

2683.675192

2684.860857

2685.809408

2685.872800

2684.774942

2683.148192

2683.009621

2680.623567

2681.926205

2684.737458

2686.796495

2687.434916

2686.944103

2685.988687

2685.124869

2684.658806

2684.698054

2685.406883

2687.079362

2690.134562

2694.851593

2701.182759

2708.799121

2717.112448

2725.892266

2735.030612

2745.187639

2756.974216

2771.357247

2788.819425

2809.453713

2832.757106

2857.209433

2881.119250

2901.567356

2915.914494

2918.555872

2918.555872

2915.914494

2901.567356

2881.119250

2857.209433

2832.757106

2809.453713

2788.819425

2771.357247

2756.974216

2745.187639

2735.030612

2725.892266

2717.112448

2708.799121

2701.182759

2694.851593

2690.134562

2687.079362

2685.406883

2684.698054

2684.658806

2685.124869

2685.988687

2686.944103

2687.434916

2686.796495

2684.737458

2681.926205

2680.623567

2678.675377

2680.754112

2684.486503

2687.448752

2688.795303

2688.692023

2687.724291

2686.536298

2685.635864

2685.432581

2686.242515

2688.339614

2691.830295

2696.655318

2702.630911

2709.537777

2717.468570

2726.557219

2737.377377

2750.188373

2765.502276

2783.415339

2804.189069

2827.804310

2853.905505

2881.629848

2908.898334

2933.266749

2950.584519

2955.437600

2955.437600

2950.584519

2933.266749

2908.898334

2881.629848

2853.905505

2827.804310

2804.189069

2783.415339

2765.502276

2750.188373

2737.377377

2726.557219

2717.468570

2709.537777

2702.630911

2696.655318

2691.830295

2688.339614

2686.242515

2685.432581

2685.635864

2686.536298

2687.724291

2688.692023

2688.795303

2687.448752

2684.486503

2680.754112

2678.675377

2677.324270

2679.776080

2684.139460

2687.838258

2689.771946

2689.845234

2688.624101

2686.968218

2685.756947

2685.604262

2686.768753

2689.123554

2692.402746

2696.409953

2701.263128

2707.506259

2715.780106

2726.788977

2740.605113

2757.083715

2775.612697

2795.924667

2818.059972

2842.516802

2869.611168

2899.005958

2928.989747

2956.433479

2976.858618

2983.822522

2983.822522

2976.858618

2956.433479

2928.989747

2899.005958

2869.611168

2842.516802

2818.059972

2795.924667

2775.612697

2757.083715

2740.605113

2726.788977

2715.780106

2707.506259

2701.263128

2696.409953

2692.402746

2689.123554

2686.768753

2685.604262

2685.756947

2686.968218

2688.624101

2689.845234

2689.771946

2687.838258

2684.139460

2679.776080

2677.324270

2676.612464

2679.132083

2683.824597

2688.001769

2690.244514

2690.254202

2688.645901

2686.625900

2685.368987

2685.518509

2686.942592

2689.089552

2691.484911

2694.295842

2698.399104

2704.986449

2715.086053

2728.818963

2745.560109

2764.066829

2783.322071

2803.226265

2824.567380

2848.799102

2877.143422

2909.146438

2943.273576

2975.011082

2999.090468

3004.351227

3004.351227

2999.090468

2975.011082

2943.273576

2909.146438

2877.143422

2848.799102

2824.567380

2803.226265

2783.322071

2764.066829

2745.560109

2728.818963

2715.086053

2704.986449

2698.399104

2694.295842

2691.484911

2689.089552

2686.942592

2685.518509

2685.368987

2686.625900

2688.645901

2690.254202

2690.244514

2688.001769

2683.824597

2679.132083

2676.612464

2676.519923

2678.893125

2683.639155

2687.923005

2690.137113

2689.872252

2687.940692

2685.809784

2684.782636

2685.214632

2686.574111

2688.023487

2689.407392

2691.569230

2696.057911

2704.297933

2716.656494

2732.380647

2749.859172

2767.586677

2785.345590

2803.950877

2825.801165

2852.895345

2886.133203

2925.157854

2965.839474

3004.455623

3032.136926

3041.213367

3041.213367

3032.136926

3004.455623

2965.839474

2925.157854

2886.133203

2852.895345

2825.801165

2803.950877

2785.345590

2767.586677

2749.859172

2732.380647

2716.656494

2704.297933

2696.057911

2691.569230

2689.407392

2688.023487

2686.574111

2685.214632

2684.782636

2685.809784

2687.940692

2689.872252

2690.137113

2687.923005

2683.639155

2678.893125

2676.519923

2676.980045

2679.071148

2683.572411

2687.583965

2689.416043

2688.797351

2686.709909

2684.764977

2684.039335

2684.556607

2685.450319

2686.139286

2687.010853

2689.573031

2695.499350

2705.528576

2719.135062

2734.666544

2750.612211

2766.710586

2783.927883

2805.217462

2832.695325

2868.231339

2911.378941

2958.796962

3007.818996

3050.566095

3082.364924

3085.996801

3085.996801

3082.364924

3050.566095

3007.818996

2958.796962

2911.378941

2868.231339

2832.695325

2805.217462

2783.927883

2766.710586

2750.612211

2734.666544

2719.135062

2705.528576

2695.499350

2689.573031

2687.010853

2686.139286

2685.450319

2684.556607

2684.039335

2684.764977

2686.709909

2688.797351

2689.416043

2687.583965

2683.572411

2679.071148

2676.980045

2677.917951

2679.573943

2683.576929

2686.950542

2688.182266

2687.195283

2685.170478

2683.520055

2683.019610

2683.277403

2683.618541

2683.854487

2685.064245

2688.792852

2696.099696

2706.850490

2719.684040

2733.492788

2748.079461

2764.872764

2786.865523

2816.146207

2854.764511

2901.191671

2952.595318

3005.589884

3054.193342

3097.752460

3126.666859

3131.665902

3131.665902

3126.666859

3097.752460

3054.193342

3005.589884

2952.595318

2901.191671

2854.764511

2816.146207

2786.865523

2764.872764

2748.079461

2733.492788

2719.684040

2706.850490

2696.099696

2688.792852

2685.064245

2683.854487

2683.618541

2683.277403

2683.019610

2683.520055

2685.170478

2687.195283

2688.182266

2686.950542

2683.576929

2679.573943

2677.917951

2679.201950

2680.286519

2683.548405

2686.086314

2686.595186

2685.332237

2683.420491

2682.043858

2681.460354

2681.342228

2681.215708

2681.648555

2683.705812

2688.532761

2696.243951

2705.964400

2717.085398

2729.635800

2745.673108

2767.877003

2798.586734

2839.210030

2887.329742

2939.921765

2991.559594

3038.025660

3079.824615

3114.003623

3142.518800

3149.756389

3149.756389

3142.518800

3114.003623

3079.824615

3038.025660

2991.559594

2939.921765

2887.329742

2839.210030

2798.586734

2767.877003

2745.673108

2729.635800

2717.085398

2705.964400

2696.243951

2688.532761

2683.705812

2681.648555

2681.215708

2681.342228

2681.460354

2682.043858

2683.420491

2685.332237

2686.595186

2686.086314

2683.548405

2680.286519

2679.201950

2680.685529

2681.041400

2683.449404

2685.069163

2684.924605

2683.402455

2681.594516

2680.198224

2679.390255

2678.799820

2678.701312

2679.633075

2682.606464

2687.695875

2694.472820

2702.574638

2712.386836

2726.377775

2746.920710

2776.818133

2816.503458

2863.880054

2915.285938

2964.078431

3006.678999

3041.837839

3072.321188

3105.910840

3138.964978

3151.677910

3151.677910

3138.964978

3105.910840

3072.321188

3041.837839

3006.678999

2964.078431

2915.285938

2863.880054

2816.503458

2776.818133

2746.920710

2726.377775

2712.386836

2702.574638

2694.472820

2687.695875

2682.606464

2679.633075

2678.701312

2678.799820

2679.390255

2680.198224

2681.594516

2683.402455

2684.924605

2685.069163

2683.449404

2681.041400

2680.685529

2682.159116

2681.719481

2683.240452

2684.059758

2683.355021

2681.639483

2679.709296

2678.145467

2676.904549

2676.222143

2676.319482

2678.011585

2681.184385

2685.667379

2690.974403

2697.822463

2708.577961

2725.585948

2751.851834

2787.206897

2830.988422

2879.310430

2926.867395

2969.416041

3003.293223

3033.418491

3067.755369

3115.657628

3177.486853

3234.117574

3234.117574

3177.486853

3115.657628

3067.755369

3033.418491

3003.293223

2969.416041

2926.867395

2879.310430

2830.988422

2787.206897

2751.851834

2725.585948

2708.577961

2697.822463

2690.974403

2685.667379

2681.184385

2678.011585

2676.319482

2676.222143

2676.904549

2678.145467

2679.709296

2681.639483

2683.355021

2684.059758

2683.240452

2681.719481

2682.159116

2683.431833

2682.204062

2682.952759

2683.141763

2682.068286

2680.107208

2677.975957

2676.022119

2674.626195

2673.960730

2674.685432

2676.564838

2679.497349

2682.674502

2686.924942

2694.045766

2706.613562

2727.225414

2755.847718

2793.255351

2836.694350

2884.643335

2932.061008

2974.028749

3011.550424

3049.076687

3105.200410

3189.846279

3304.402347

3395.131196

3395.131196

3304.402347

3189.846279

3105.200410

3049.076687

3011.550424

2974.028749

2932.061008

2884.643335

2836.694350

2793.255351

2755.847718

2727.225414

2706.613562

2694.045766

2686.924942

2682.674502

2679.497349

2676.564838

2674.685432

2673.960730

2674.626195

2676.022119

2677.975957

2680.107208

2682.068286

2683.141763

2682.952759

2682.204062

2683.431833

2684.325199

2682.437504

2682.590302

2682.389650

2681.074957

2678.925593

2676.472203

2674.329197

2672.876057

2672.733740

2673.719195

2675.683255

2677.541582

2679.898157

2683.811953

2692.069275

2706.419699

2727.434148

2756.174272

2792.439481

2839.297608

2893.341572

2950.371433

3001.851842

3044.676430

3095.125684

3169.938557

3301.559986

3475.971878

3643.592763

3643.592763

3475.971878

3301.559986

3169.938557

3095.125684

3044.676430

3001.851842

2950.371433

2893.341572

2839.297608

2792.439481

2756.174272

2727.434148

2706.419699

2692.069275

2683.811953

2679.898157

2677.541582

2675.683255

2673.719195

2672.733740

2672.876057

2674.329197

2676.472203

2678.925593

2681.074957

2682.389650

2682.590302

2682.437504

2684.325199

2684.726638

2682.391709

2682.169737

2681.778878

2680.372176

2678.055545

2675.449895

2673.239368

2672.202128

2672.436943

2673.772978

2675.032193

2676.296158

2677.978221

2682.742708

2691.604938

2705.601583

2724.676272

2751.216327

2791.552163

2848.104082

2920.054599

2990.282726

3043.829272

3077.444341

3108.121516

3187.668516

3335.445224

3568.009615

3785.887853

3785.887853

3568.009615

3335.445224

3187.668516

3108.121516

3077.444341

3043.829272

2990.282726

2920.054599

2848.104082

2791.552163

2751.216327

2724.676272

2705.601583

2691.604938

2682.742708

2677.978221

2676.296158

2675.032193

2673.772978

2672.436943

2672.202128

2673.239368

2675.449895

2678.055545

2680.372176

2681.778878

2682.169737

2682.391709

2684.726638

2684.610894

2682.068399

2681.692879

2681.269445

2679.863412

2677.521231

2674.914445

2673.028723

2672.448672

2673.209912

2674.286206

2675.149528

2675.712773

2678.090841

2683.116338

2691.838687

2702.511074

2718.169202

2745.532295

2795.049804

2871.906181

2960.694650

3035.269440

3062.608248

3045.693094

3031.374365

3071.808809

3237.301202

3489.967527

3699.622489

3699.622489

3489.967527

3237.301202

3071.808809

3031.374365

3045.693094

3062.608248

3035.269440

2960.694650

2871.906181

2795.049804

2745.532295

2718.169202

2702.511074

2691.838687

2683.116338

2678.090841

2675.712773

2675.149528

2674.286206

2673.209912

2672.448672

2673.028723

2674.914445

2677.521231

2679.863412

2681.269445

2681.692879

2682.068399

2684.610894

2684.000548

2681.515043

2681.153515

2680.804283

2679.481917

2677.239560

2674.923529

2673.530422

2673.579503

2674.490884

2675.349075

2675.629845

2676.604849

2679.430561

2685.005086

2690.617930

2697.328473

2709.196172

2741.695443

2806.551242

2902.426760

3001.728571

3051.799117

3024.543828

2936.576165

2862.816809

2899.281508

3072.952112

3382.704145

3660.440424

3660.440424

3382.704145

3072.952112

2899.281508

2862.816809

2936.576165

3024.543828

3051.799117

3001.728571

2902.426760

2806.551242

2741.695443

2709.196172

2697.328473

2690.617930

2685.005086

2679.430561

2676.604849

2675.629845

2675.349075

2674.490884

2673.579503

2673.530422

2674.923529

2677.239560

2679.481917

2680.804283

2681.153515

2681.515043

2684.000548

2683.014381

2680.770822

2680.561811

2680.339597

2679.158518

2677.179868

2675.339249

2674.636070

2675.169705

2676.107678

2676.534971

2676.766114

2678.268565

2682.100960

2686.164158

2688.490317

2688.826961

2700.671564

2739.302664

2820.752745

2929.664100

3020.250065

3032.445106

2939.634258

2801.853270

2720.521933

2789.121908

3071.243304

3472.864285

3653.599435

3653.599435

3472.864285

3071.243304

2789.121908

2720.521933

2801.853270

2939.634258

3032.445106

3020.250065

2929.664100

2820.752745

2739.302664

2700.671564

2688.826961

2688.490317

2686.164158

2682.100960

2678.268565

2676.766114

2676.534971

2676.107678

2675.169705

2674.636070

2675.339249

2677.179868

2679.158518

2680.339597

2680.561811

2680.770822

2683.014381

2681.756099

2679.906828

2679.922629

2679.858282

2678.878066

2677.261608

2676.069942

2676.053364

2676.965093

2677.730325

2677.753099

2678.172716

2680.459052

2684.450543

2686.718083

2683.470238

2680.245303

2690.318787

2738.605470

2828.571819

2942.654113

3015.757162

2989.669302

2863.482372

2719.541046

2680.480214

2858.987396

3304.387993

3901.359604

4245.839445

4245.839445

3901.359604

3304.387993

2858.987396

2680.480214

2719.541046

2863.482372

2989.669302

3015.757162

2942.654113

2828.571819

2738.605470

2690.318787

2680.245303

2683.470238

2686.718083

2684.450543

2680.459052

2678.172716

2677.753099

2677.730325

2676.965093

2676.053364

2676.069942

2677.261608

2678.878066

2679.858282

2679.922629

2679.906828

2681.756099

2680.375656

2678.981110

2679.263871

2679.387706

2678.617149

2677.458518

2676.912407

2677.557074

2678.671917

2679.102125

2678.863357

2679.373801

2682.424388

2685.930897

2685.415845

2677.954089

2669.921804

2682.175402

2731.910042

2829.162188

2935.521498

2998.270349

2956.061218

2832.560583

2716.488015

2741.617463

2988.988789

3600.210490

4540.563571

4674.524591

4674.524591

4540.563571

3600.210490

2988.988789

2741.617463

2716.488015

2832.560583

2956.061218

2998.270349

2935.521498

2829.162188

2731.910042

2682.175402

2669.921804

2677.954089

2685.415845

2685.930897

2682.424388

2679.373801

2678.863357

2679.102125

2678.671917

2677.557074

2676.912407

2677.458518

2678.617149

2679.387706

2679.263871

2678.981110

2680.375656

2678.969244

2678.068280

2678.654663

2678.944776

2678.411486

2677.631783

2677.726021

2678.840707

2680.044352

2680.123640

2679.462482

2680.291004

2683.330566

2686.433718

2683.124131

2672.118529

2662.092299

2672.164479

2723.949567

2813.275240

2918.056058

2972.296999

2947.281411

2846.369390

2764.285169

2783.338869

3025.291742

3390.444237

4157.639005

5047.435309

5047.435309

4157.639005

3390.444237

3025.291742

2783.338869

2764.285169

2846.369390

2947.281411

2972.296999

2918.056058

2813.275240

2723.949567

2672.164479

2662.092299

2672.118529

2683.124131

2686.433718

2683.330566

2680.291004

2679.462482

2680.123640

2680.044352

2678.840707

2677.726021

2677.631783

2678.411486

2678.944776

2678.654663

2678.068280

2678.969244

2677.630843

2677.265710

2678.143694

2678.601391

2678.172970

2677.727248

2678.218690

2679.759056

2680.912754

2680.668094

2679.732886

2680.393198

2683.748154

2685.743468

2681.371797

2668.008140

2656.582847

2664.885946

2708.952307

2791.085934

2881.624741

2948.421750

2944.059135

2884.389475

2798.974918

2770.986197

2818.960854

3000.743169

2894.554693

2881.873468

2881.873468

2894.554693

3000.743169

2818.960854

2770.986197

2798.974918

2884.389475

2944.059135

2948.421750

2881.624741

2791.085934

2708.952307

2664.885946

2656.582847

2668.008140

2681.371797

2685.743468

2683.748154

2680.393198

2679.732886

2680.668094

2680.912754

2679.759056

2678.218690

2677.727248

2678.172970

2678.601391

2678.143694

2677.265710

2677.630843

2676.450133

2676.628771

2677.804117

2678.296993

2677.895344

2677.516115

2678.350674

2680.095200

2681.401098

2680.880989

2679.721119

2680.300808

2683.354199

2685.526380

2680.161910

2667.451471

2654.453558

2659.601472

2693.753503

2758.418003

2838.789499

2905.413580

2937.934913

2906.218550

2820.790104

2710.799895

2634.030457

2652.821217

2737.990155

3702.419693

3702.419693

2737.990155

2652.821217

2634.030457

2710.799895

2820.790104

2906.218550

2937.934913

2905.413580

2838.789499

2758.418003

2693.753503

2659.601472

2654.453558

2667.451471

2680.161910

2685.526380

2683.354199

2680.300808

2679.721119

2680.880989

2681.401098

2680.095200

2678.350674

2677.516115

2677.895344

2678.296993

2677.804117

2676.628771

2676.450133

2675.497040

2676.209829

2677.559534

2678.005881

2677.411939

2677.026383

2677.950715

2680.074158

2681.507480

2681.175163

2679.715504

2680.129964

2683.068026

2685.222370

2681.239723

2668.752061

2657.180440

2656.725013

2681.156817

2725.681692

2786.536629

2848.935641

2898.273726

2908.967838

2840.409548

2696.811511

2571.558442

2562.225810

2960.677504

3573.564695

3573.564695

2960.677504

2562.225810

2571.558442

2696.811511

2840.409548

2908.967838

2898.273726

2848.935641

2786.536629

2725.681692

2681.156817

2656.725013

2657.180440

2668.752061

2681.239723

2685.222370

2683.068026

2680.129964

2679.715504

2681.175163

2681.507480

2680.074158

2677.950715

2677.026383

2677.411939

2678.005881

2677.559534

2676.209829

2675.497040

2674.886101

2675.933595

2677.323999

2677.557856

2676.747218

2676.191805

2677.258498

2679.628259

2681.635423

2681.427364

2680.104557

2679.868301

2682.728231

2685.405340

2682.797123

2673.192013

2661.134453

2660.090039

2672.576850

2702.897304

2736.547689

2779.671354

2827.445372

2869.980102

2872.040871

2763.884045

2623.846194

2593.386144

2940.634705

3382.033465

3382.033465

2940.634705

2593.386144

2623.846194

2763.884045

2872.040871

2869.980102

2827.445372

2779.671354

2736.547689

2702.897304

2672.576850

2660.090039

2661.134453

2673.192013

2682.797123

2685.405340

2682.728231

2679.868301

2680.104557

2681.427364

2681.635423

2679.628259

2677.258498

2676.191805

2676.747218

2677.557856

2677.323999

2675.933595

2674.886101

2674.620634

2675.728604

2676.910319

2676.915475

2675.890579

2675.238413

2676.300188

2679.024339

2681.460719

2681.896766

2680.271393

2679.759771

2681.797500

2685.475018

2685.018647

2677.793760

2668.420848

2664.584523

2675.701942

2691.065634

2707.269520

2713.489468

2732.812033

2786.809457

2849.496876

2901.382724

2741.878371

2674.428037

2810.259898

3201.571599

3201.571599

2810.259898

2674.428037

2741.878371

2901.382724

2849.496876

2786.809457

2732.812033

2713.489468

2707.269520

2691.065634

2675.701942

2664.584523

2668.420848

2677.793760

2685.018647

2685.475018

2681.797500

2679.759771

2680.271393

2681.896766

2681.460719

2679.024339

2676.300188

2675.238413

2675.890579

2676.915475

2676.910319

2675.728604

2674.620634

2674.694160

2675.460282

2676.271415

2676.072643

2675.018529

2674.307710

2675.286910

2678.078245

2681.038978

2681.884975

2680.506350

2678.927273

2680.694838

2684.659264

2687.149944

2683.115490

2675.013310

2672.739281

2681.287123

2698.393783

2700.091021

2678.477302

2649.635837

2653.862185

2763.297991

2885.456346

3026.254592

2733.352369

2741.033636

2997.521488

2997.521488

2741.033636

2733.352369

3026.254592

2885.456346

2763.297991

2653.862185

2649.635837

2678.477302

2700.091021

2698.393783

2681.287123

2672.739281

2675.013310

2683.115490

2687.149944

2684.659264

2680.694838

2678.927273

2680.506350

2681.884975

2681.038978

2678.078245

2675.286910

2674.307710

2675.018529

2676.072643

2676.271415

2675.460282

2674.694160

2674.901772

2675.099624

2675.441141

2675.189609

2674.296555

2673.571441

2674.281475

2676.845866

2680.056399

2681.582244

2680.257606

2678.202086

2678.678303

2683.547531

2688.435753

2688.118074

2681.770017

2677.906735

2688.356867

2709.085440

2718.643524

2687.885462

2613.010575

2562.166906

2574.443082

2768.736602

2951.127970

3176.207655

2693.043409

2816.625267

2816.625267

2693.043409

3176.207655

2951.127970

2768.736602

2574.443082

2562.166906

2613.010575

2687.885462

2718.643524

2709.085440

2688.356867

2677.906735

2681.770017

2688.118074

2688.435753

2683.547531

2678.678303

2678.202086

2680.257606

2681.582244

2680.056399

2676.845866

2674.281475

2673.571441

2674.296555

2675.189609

2675.441141

2675.099624

2674.901772

2675.059239

2674.641662

2674.604609

2674.442815

2673.842255

2673.146067

2673.372492

2675.482929

2678.752336

2680.995559

2680.214984

2677.459240

2676.825668

2681.296318

2688.777535

2692.145402

2687.094819

2680.919597

2687.345065

2714.139513

2742.749786

2731.345517

2662.826832

2545.534154

2493.067822

2513.424814

2738.358111

2913.347360

3196.953122

2868.945142

2868.945142

3196.953122

2913.347360

2738.358111

2513.424814

2493.067822

2545.534154

2662.826832

2731.345517

2742.749786

2714.139513

2687.345065

2680.919597

2687.094819

2692.145402

2688.777535

2681.296318

2676.825668

2677.459240

2680.214984

2680.995559

2678.752336

2675.482929

2673.372492

2673.146067

2673.842255

2674.442815

2674.604609

2674.641662

2675.059239

2674.916748

2674.156135

2673.925919

2673.948752

2673.690905

2673.007577

2672.811297

2674.290047

2677.598671

2680.537876

2680.561421

2677.390832

2675.088975

2678.243699

2687.110659

2693.960836

2691.822194

2681.526800

2680.715810

2703.918860

2748.576280

2781.753901

2752.039256

2664.401555

2535.546702

2482.723748

2476.959823

2598.713515

2626.683399

2483.259021

2483.259021

2626.683399

2598.713515

2476.959823

2482.723748

2535.546702

2664.401555

2752.039256

2781.753901

2748.576280

2703.918860

2680.715810

2681.526800

2691.822194

2693.960836

2687.110659

2678.243699

2675.088975

2677.390832

2680.561421

2680.537876

2677.598671

2674.290047

2672.811297

2673.007577

2673.690905

2673.948752

2673.925919

2674.156135

2674.916748

2674.397665

2673.683355

2673.486701

2673.695479

2673.713189

2673.174704

2672.702009

2673.770558

2676.877257

2680.434906

2681.169564

2677.960413

2673.725689

2674.724584

2682.792028

2693.360768

2694.481404

2684.755643

2673.062621

2684.468818

2727.653193

2789.054727

2828.772657

2802.493367

2728.211951

2625.219247

2572.136700

2546.410751

2521.390466

2671.785264

2671.785264

2521.390466

2546.410751

2572.136700

2625.219247

2728.211951

2802.493367

2828.772657

2789.054727

2727.653193

2684.468818

2673.062621

2684.755643

2694.481404

2693.360768

2682.792028

2674.724584

2673.725689

2677.960413

2681.169564

2680.434906

2676.877257

2673.770558

2672.702009

2673.174704

2673.713189

2673.695479

2673.486701

2673.683355

2674.397665

2673.525742

2673.228100

2673.231628

2673.543408

2673.765611

2673.498236

2673.165181

2673.974796

2676.753899

2680.273972

2681.602377

2678.541530

2673.269334

2671.246252

2677.684124

2688.824200

2696.367823

2689.047734

2674.567387

2667.299385

2692.356902

2748.974442

2818.974312

2866.572548

2864.740815

2831.657465

2784.896876

2763.405450

2765.811815

2767.986854

2767.986854

2765.811815

2763.405450

2784.896876

2831.657465

2864.740815

2866.572548

2818.974312

2748.974442

2692.356902

2667.299385

2674.567387

2689.047734

2696.367823

2688.824200

2677.684124

2671.246252

2673.269334

2678.541530

2681.602377

2680.273972

2676.753899

2673.974796

2673.165181

2673.498236

2673.765611

2673.543408

2673.231628

2673.228100

2673.525742

2672.468400

2672.773121

2673.017082

2673.341086

2673.679361

2673.835386

2673.952590

2674.740431

2676.875512

2679.733162

2681.141706

2678.901384

2673.644979

2670.008360

2672.857332

2683.512752

2693.599620

2695.183035

2681.691366

2666.997214

2664.646852

2693.141171

2745.689865

2805.614207

2851.025359

2862.019422

2857.658042

2811.373069

2773.054836

2735.008765

2735.008765

2773.054836

2811.373069

2857.658042

2862.019422

2851.025359

2805.614207

2745.689865

2693.141171

2664.646852

2666.997214

2681.691366

2695.183035

2693.599620

2683.512752

2672.857332

2670.008360

2673.644979

2678.901384

2681.141706

2679.733162

2676.875512

2674.740431

2673.952590

2673.835386

2673.679361

2673.341086

2673.017082

2672.773121

2672.468400

2671.445488

2672.270247

2672.724103

2672.990214

2673.383467

2673.975103

2674.671605

2675.591638

2676.957552

2678.766128

2679.866966

2678.849017

2675.199540

2671.342539

2671.528027

2677.990098

2688.821986

2695.103482

2691.934856

2676.938719

2663.186551

2659.911126

2676.539147

2708.134072

2737.320160

2759.553500

2741.006644

2713.815888

2660.460042

2632.466746

2632.466746

2660.460042

2713.815888

2741.006644

2759.553500

2737.320160

2708.134072

2676.539147

2659.911126

2663.186551

2676.938719

2691.934856

2695.103482

2688.821986

2677.990098

2671.528027

2671.342539

2675.199540

2678.849017

2679.866966

2678.766128

2676.957552

2675.591638

2674.671605

2673.975103

2673.383467

2672.990214

2672.724103

2672.270247

2671.445488

2670.622251

2671.732819

2672.282310

2672.508618

2672.906941

2673.759873

2674.936967

2676.042992

2676.995469

2677.826581

2678.635281

2678.610252

2677.264262

2674.717645

2673.316483

2675.661073

2682.297529

2690.601067

2693.955644

2689.632304

2677.038483

2664.016909

2657.010844

2657.073607

2665.702388

2662.272505

2656.505331

2625.878502

2600.782739

2578.503264

2578.503264

2600.782739

2625.878502

2656.505331

2662.272505

2665.702388

2657.073607

2657.010844

2664.016909

2677.038483

2689.632304

2693.955644

2690.601067

2682.297529

2675.661073

2673.316483

2674.717645

2677.264262

2678.610252

2678.635281

2677.826581

2676.995469

2676.042992

2674.936967

2673.759873

2672.906941

2672.508618

2672.282310

2671.732819

2670.622251

2670.120418

2671.165990

2671.725091

2671.983313

2672.359296

2673.208092

2674.503340

2675.900884

2676.954432

2677.680703

2678.165671

2678.634569

2678.508764

2677.739508

2676.461164

2676.443543

2678.979897

2684.158135

2689.941654

2692.542457

2690.358594

2683.764326

2675.542529

2670.778771

2665.351367

2664.558455

2654.440447

2645.874302

2630.981192

2623.480656

2623.480656

2630.981192

2645.874302

2654.440447

2664.558455

2665.351367

2670.778771

2675.542529

2683.764326

2690.358594

2692.542457

2689.941654

2684.158135

2678.979897

2676.443543

2676.461164

2677.739508

2678.508764

2678.634569

2678.165671

2677.680703

2676.954432

2675.900884

2674.503340

2673.208092

2672.359296

2671.983313

2671.725091

2671.165990

2670.120418

2669.923053

2670.635443

2671.131353

2671.516696

2671.901690

2672.457263

2673.482049

2675.034362

2676.798763

2678.162979

2678.802223

2678.661275

2678.318512

2678.038392

2678.381286

2679.152018

2680.718714

2682.908069

2685.674273

2688.751812

2691.433980

2693.935799

2696.633288

2699.438805

2704.157993

2707.172899

2711.159737

2711.427724

2711.689101

2710.776693

2710.776693

2711.689101

2711.427724

2711.159737

2707.172899

2704.157993

2699.438805

2696.633288

2693.935799

2691.433980

2688.751812

2685.674273

2682.908069

2680.718714

2679.152018

2678.381286

2678.038392

2678.318512

2678.661275

2678.802223

2678.162979

2676.798763

2675.034362

2673.482049

2672.457263

2671.901690

2671.516696

2671.131353

2670.635443

2669.923053

2670.002793

2670.251003

2670.568879

2671.214748

2671.610531

2671.710441

2672.148596

2673.594947

2676.023189

2678.442828

2679.478691

2678.641711

2676.859556

2676.201782

2677.934540

2681.926345

2686.052112

2688.306901

2688.134441

2686.673394

2687.194822

2690.914884

2699.708807

2711.196902

2724.904441

2737.714957

2749.614437

2758.524194

2765.314059

2768.448140

2768.448140

2765.314059

2758.524194

2749.614437

2737.714957

2724.904441

2711.196902

2699.708807

2690.914884

2687.194822

2686.673394

2688.134441

2688.306901

2686.052112

2681.926345

2677.934540

2676.201782

2676.859556

2678.641711

2679.478691

2678.442828

2676.023189

2673.594947

2672.148596

2671.710441

2671.610531

2671.214748

2670.568879

2670.251003

2670.002793

2670.275025

2669.907020

2670.290075

2671.028467

2671.309266

2671.091796

2670.968649

2671.928962

2674.339020

2677.253095

2678.890444

2678.169905

2676.006151

2674.917630

2677.342939

2683.332092

2690.376772

2695.020870

2695.004483

2692.261512

2689.217505

2691.452308

2698.253286

2711.952569

2726.505029

2743.434604

2756.636940

2769.287394

2776.862506

2781.659908

2781.659908

2776.862506

2769.287394

2756.636940

2743.434604

2726.505029

2711.952569

2698.253286

2691.452308

2689.217505

2692.261512

2695.004483

2695.020870

2690.376772

2683.332092

2677.342939

2674.917630

2676.006151

2678.169905

2678.890444

2677.253095

2674.339020

2671.928962

2670.968649

2671.091796

2671.309266

2671.028467

2670.290075

2669.907020

2670.275025

2670.568644

2669.881058

2670.254835

2670.626966

2670.844281

2670.702461

2670.456753

2670.766539

2672.131376

2674.287406

2676.270221

2677.217727

2677.176835

2677.418625

2679.364205

2683.625498

2689.303314

2694.376327

2698.067916

2699.602176

2702.282148

2705.744278

2714.427231

2724.156588

2738.654109

2751.171403

2765.953302

2776.427769

2786.088710

2790.330711

2790.330711

2786.088710

2776.427769

2765.953302

2751.171403

2738.654109

2724.156588

2714.427231

2705.744278

2702.282148

2699.602176

2698.067916

2694.376327

2689.303314

2683.625498

2679.364205

2677.418625

2677.176835

2677.217727

2676.270221

2674.287406

2672.131376

2670.766539

2670.456753

2670.702461

2670.844281

2670.626966

2670.254835

2669.881058

2670.568644

2671.265332

2670.673411

2670.457659

2670.308720

2670.368835

2670.704716

2670.962409

2670.872598

2670.597229

2670.843193

2672.596640

2676.004748

2680.293917

2683.549743

2684.569707

2683.473964

2682.237233

2684.029535

2690.105841

2701.765499

2715.358972

2730.974408

2743.852438

2757.420911

2768.645952

2782.528140

2795.190063

2809.005572

2818.988310

2825.180943

2825.180943

2818.988310

2809.005572

2795.190063

2782.528140

2768.645952

2757.420911

2743.852438

2730.974408

2715.358972

2701.765499

2690.105841

2684.029535

2682.237233

2683.473964

2684.569707

2683.549743

2680.293917

2676.004748

2672.596640

2670.843193

2670.597229

2670.872598

2670.962409

2670.704716

2670.368835

2670.308720

2670.457659

2670.673411

2671.265332

