AXIS X

0.000000 0.000500 0.001000 0.001500 0.002000 0.002500 0.003000 0.003500 0.004000 0.004500 0.005000 0.005500 0.006000 0.006500 0.007000 0.007500 0.008000 0.008500 0.009000 0.009500 0.010000 0.010500 0.011000 0.011500 0.012000 0.012500 0.013000 0.013500 0.014000 0.014500 0.015000 0.015500 0.016000 0.016500 0.017000 0.017500 0.018000 0.018500 0.019000 0.019500 0.020000 0.020500 0.021000 0.021500 0.022000 0.022500 0.023000 0.023500 0.024000 0.024500 0.025000 0.025500 0.026000 0.026500 0.027000 0.027500 0.028000 0.028500 0.029000 0.029500 

AXIS Y

0.000000 0.000500 0.001000 0.001500 0.002000 0.002500 0.003000 0.003500 0.004000 0.004500 0.005000 0.005500 0.006000 0.006500 0.007000 0.007500 0.008000 0.008500 0.009000 0.009500 0.010000 0.010500 0.011000 0.011500 0.012000 0.012500 0.013000 0.013500 0.014000 0.014500 0.015000 0.015500 0.016000 0.016500 0.017000 0.017500 0.018000 0.018500 0.019000 0.019500 0.020000 0.020500 0.021000 0.021500 0.022000 0.022500 0.023000 0.023500 0.024000 0.024500 0.025000 0.025500 0.026000 0.026500 0.027000 0.027500 0.028000 0.028500 0.029000 0.029500 



DATA
28274.331000

28274.332236

28274.332472

28274.332797

28274.332933

28274.333079

28274.333202

28274.333378

28274.333576

28274.333840

28274.334142

28274.334515

28274.334944

28274.335456

28274.336053

28274.336752

28274.337569

28274.338503

28274.339581

28274.340766

28274.342094

28274.343471

28274.344935

28274.346316

28274.347658

28274.348683

28274.349489

28274.349585

28274.349453

28274.347372

28274.347372

28274.349453

28274.349585

28274.349489

28274.348683

28274.347658

28274.346316

28274.344935

28274.343471

28274.342094

28274.340766

28274.339581

28274.338503

28274.337569

28274.336752

28274.336053

28274.335456

28274.334944

28274.334515

28274.334142

28274.333840

28274.333576

28274.333378

28274.333202

28274.333079

28274.332933

28274.332797

28274.332472

28274.332236

28274.331000

28274.332141

28274.333337

28274.333090

28274.333159

28274.333241

28274.333312

28274.333402

28274.333473

28274.333595

28274.333716

28274.333910

28274.334118

28274.334413

28274.334739

28274.335170

28274.335652

28274.336255

28274.336934

28274.337741

28274.338642

28274.339654

28274.340761

28274.341929

28274.343160

28274.344366

28274.345585

28274.346696

28274.347802

28274.348810

28274.347404

28274.347404

28274.348810

28274.347802

28274.346696

28274.345585

28274.344366

28274.343160

28274.341929

28274.340761

28274.339654

28274.338642

28274.337741

28274.336934

28274.336255

28274.335652

28274.335170

28274.334739

28274.334413

28274.334118

28274.333910

28274.333716

28274.333595

28274.333473

28274.333402

28274.333312

28274.333241

28274.333159

28274.333090

28274.333337

28274.332141

28274.332158

28274.333141

28274.333341

28274.333375

28274.333484

28274.333594

28274.333658

28274.333734

28274.333764

28274.333845

28274.333899

28274.334032

28274.334150

28274.334366

28274.334577

28274.334899

28274.335232

28274.335683

28274.336164

28274.336766

28274.337420

28274.338189

28274.339033

28274.339976

28274.341017

28274.342136

28274.343327

28274.344485

28274.344870

28274.343058

28274.343058

28274.344870

28274.344485

28274.343327

28274.342136

28274.341017

28274.339976

28274.339033

28274.338189

28274.337420

28274.336766

28274.336164

28274.335683

28274.335232

28274.334899

28274.334577

28274.334366

28274.334150

28274.334032

28274.333899

28274.333845

28274.333764

28274.333734

28274.333658

28274.333594

28274.333484

28274.333375

28274.333341

28274.333141

28274.332158

28274.332384

28274.333078

28274.333328

28274.333450

28274.333605

28274.333741

28274.333872

28274.333923

28274.333991

28274.333989

28274.334048

28274.334053

28274.334149

28274.334197

28274.334350

28274.334458

28274.334679

28274.334863

28274.335162

28274.335448

28274.335855

28274.336291

28274.336859

28274.337518

28274.338317

28274.339242

28274.340221

28274.341036

28274.341148

28274.340464

28274.340464

28274.341148

28274.341036

28274.340221

28274.339242

28274.338317

28274.337518

28274.336859

28274.336291

28274.335855

28274.335448

28274.335162

28274.334863

28274.334679

28274.334458

28274.334350

28274.334197

28274.334149

28274.334053

28274.334048

28274.333989

28274.333991

28274.333923

28274.333872

28274.333741

28274.333605

28274.333450

28274.333328

28274.333078

28274.332384

28274.332426

28274.333096

28274.333325

28274.333464

28274.333603

28274.333792

28274.333915

28274.334045

28274.334074

28274.334140

28274.334119

28274.334178

28274.334156

28274.334239

28274.334239

28274.334353

28274.334380

28274.334522

28274.334584

28274.334764

28274.334899

28274.335162

28274.335452

28274.335889

28274.336433

28274.337094

28274.337818

28274.338356

28274.338549

28274.337731

28274.337731

28274.338549

28274.338356

28274.337818

28274.337094

28274.336433

28274.335889

28274.335452

28274.335162

28274.334899

28274.334764

28274.334584

28274.334522

28274.334380

28274.334353

28274.334239

28274.334239

28274.334156

28274.334178

28274.334119

28274.334140

28274.334074

28274.334045

28274.333915

28274.333792

28274.333603

28274.333464

28274.333325

28274.333096

28274.332426

28274.332530

28274.333121

28274.333372

28274.333455

28274.333591

28274.333719

28274.333898

28274.333985

28274.334104

28274.334110

28274.334187

28274.334156

28274.334233

28274.334200

28274.334292

28274.334263

28274.334359

28274.334329

28274.334418

28274.334395

28274.334492

28274.334528

28274.334696

28274.334893

28274.335221

28274.335646

28274.336092

28274.336539

28274.336699

28274.336864

28274.336864

28274.336699

28274.336539

28274.336092

28274.335646

28274.335221

28274.334893

28274.334696

28274.334528

28274.334492

28274.334395

28274.334418

28274.334329

28274.334359

28274.334263

28274.334292

28274.334200

28274.334233

28274.334156

28274.334187

28274.334110

28274.334104

28274.333985

28274.333898

28274.333719

28274.333591

28274.333455

28274.333372

28274.333121

28274.332530

28274.332574

28274.333207

28274.333405

28274.333492

28274.333529

28274.333660

28274.333750

28274.333904

28274.333949

28274.334062

28274.334050

28274.334146

28274.334115

28274.334220

28274.334185

28274.334297

28274.334250

28274.334344

28274.334273

28274.334332

28274.334249

28274.334291

28274.334260

28274.334350

28274.334467

28274.334669

28274.334962

28274.335225

28274.335582

28274.335639

28274.335639

28274.335582

28274.335225

28274.334962

28274.334669

28274.334467

28274.334350

28274.334260

28274.334291

28274.334249

28274.334332

28274.334273

28274.334344

28274.334250

28274.334297

28274.334185

28274.334220

28274.334115

28274.334146

28274.334050

28274.334062

28274.333949

28274.333904

28274.333750

28274.333660

28274.333529

28274.333492

28274.333405

28274.333207

28274.332574

28274.332679

28274.333257

28274.333488

28274.333485

28274.333518

28274.333524

28274.333642

28274.333684

28274.333815

28274.333819

28274.333935

28274.333909

28274.334031

28274.334000

28274.334138

28274.334102

28274.334237

28274.334175

28274.334273

28274.334170

28274.334208

28274.334081

28274.334076

28274.333989

28274.334001

28274.334044

28274.334147

28274.334399

28274.334689

28274.335430

28274.335430

28274.334689

28274.334399

28274.334147

28274.334044

28274.334001

28274.333989

28274.334076

28274.334081

28274.334208

28274.334170

28274.334273

28274.334175

28274.334237

28274.334102

28274.334138

28274.334000

28274.334031

28274.333909

28274.333935

28274.333819

28274.333815

28274.333684

28274.333642

28274.333524

28274.333518

28274.333485

28274.333488

28274.333257

28274.332679

28274.332739

28274.333362

28274.333515

28274.333529

28274.333436

28274.333456

28274.333431

28274.333533

28274.333526

28274.333642

28274.333612

28274.333737

28274.333698

28274.333848

28274.333812

28274.333981

28274.333936

28274.334092

28274.334011

28274.334113

28274.333980

28274.334002

28274.333835

28274.333792

28274.333661

28274.333625

28274.333651

28274.333779

28274.334184

28274.334674

28274.334674

28274.334184

28274.333779

28274.333651

28274.333625

28274.333661

28274.333792

28274.333835

28274.334002

28274.333980

28274.334113

28274.334011

28274.334092

28274.333936

28274.333981

28274.333812

28274.333848

28274.333698

28274.333737

28274.333612

28274.333642

28274.333526

28274.333533

28274.333431

28274.333456

28274.333436

28274.333529

28274.333515

28274.333362

28274.332739

28274.332857

28274.333409

28274.333592

28274.333494

28274.333423

28274.333294

28274.333315

28274.333255

28274.333342

28274.333289

28274.333399

28274.333337

28274.333476

28274.333419

28274.333594

28274.333543

28274.333737

28274.333672

28274.333846

28274.333739

28274.333847

28274.333686

28274.333702

28274.333513

28274.333463

28274.333335

28274.333334

28274.333455

28274.333768

28274.334592

28274.334592

28274.333768

28274.333455

28274.333334

28274.333335

28274.333463

28274.333513

28274.333702

28274.333686

28274.333847

28274.333739

28274.333846

28274.333672

28274.333737

28274.333543

28274.333594

28274.333419

28274.333476

28274.333337

28274.333399

28274.333289

28274.333342

28274.333255

28274.333315

28274.333294

28274.333423

28274.333494

28274.333592

28274.333409

28274.332857

28274.332922

28274.333510

28274.333588

28274.333521

28274.333309

28274.333226

28274.333079

28274.333104

28274.333006

28274.333083

28274.332986

28274.333096

28274.333000

28274.333153

28274.333068

28274.333264

28274.333185

28274.333400

28274.333304

28274.333496

28274.333361

28274.333488

28274.333313

28274.333359

28274.333189

28274.333204

28274.333156

28274.333306

28274.333609

28274.334034

28274.334034

28274.333609

28274.333306

28274.333156

28274.333204

28274.333189

28274.333359

28274.333313

28274.333488

28274.333361

28274.333496

28274.333304

28274.333400

28274.333185

28274.333264

28274.333068

28274.333153

28274.333000

28274.333096

28274.332986

28274.333083

28274.333006

28274.333104

28274.333079

28274.333226

28274.333309

28274.333521

28274.333588

28274.333510

28274.332922

28274.333039

28274.333534

28274.333644

28274.333444

28274.333283

28274.333036

28274.332972

28274.332805

28274.332834

28274.332693

28274.332767

28274.332624

28274.332739

28274.332603

28274.332769

28274.332645

28274.332858

28274.332737

28274.332972

28274.332840

28274.333061

28274.332910

28274.333089

28274.332939

28274.333079

28274.332995

28274.333168

28274.333265

28274.333604

28274.334171

28274.334171

28274.333604

28274.333265

28274.333168

28274.332995

28274.333079

28274.332939

28274.333089

28274.332910

28274.333061

28274.332840

28274.332972

28274.332737

28274.332858

28274.332645

28274.332769

28274.332603

28274.332739

28274.332624

28274.332767

28274.332693

28274.332834

28274.332805

28274.332972

28274.333036

28274.333283

28274.333444

28274.333644

28274.333534

28274.333039

28274.333089

28274.333613

28274.333598

28274.333447

28274.333130

28274.332967

28274.332715

28274.332676

28274.332484

28274.332516

28274.332329

28274.332404

28274.332213

28274.332335

28274.332149

28274.332327

28274.332149

28274.332378

28274.332206

28274.332470

28274.332307

28274.332587

28274.332453

28274.332743

28274.332681

28274.333003

28274.333069

28274.333462

28274.333682

28274.333875

28274.333875

28274.333682

28274.333462

28274.333069

28274.333003

28274.332681

28274.332743

28274.332453

28274.332587

28274.332307

28274.332470

28274.332206

28274.332378

28274.332149

28274.332327

28274.332149

28274.332335

28274.332213

28274.332404

28274.332329

28274.332516

28274.332484

28274.332676

28274.332715

28274.332967

28274.333130

28274.333447

28274.333598

28274.333613

28274.333089

28274.333187

28274.333599

28274.333623

28274.333324

28274.333089

28274.332746

28274.332623

28274.332367

28274.332351

28274.332123

28274.332161

28274.331925

28274.332005

28274.331759

28274.331890

28274.331641

28274.331831

28274.331585

28274.331836

28274.331610

28274.331927

28274.331756

28274.332151

28274.332092

28274.332582

28274.332683

28274.333268

28274.333504

28274.334061

28274.334478

28274.334478

28274.334061

28274.333504

28274.333268

28274.332683

28274.332582

28274.332092

28274.332151

28274.331756

28274.331927

28274.331610

28274.331836

28274.331585

28274.331831

28274.331641

28274.331890

28274.331759

28274.332005

28274.331925

28274.332161

28274.332123

28274.332351

28274.332367

28274.332623

28274.332746

28274.333089

28274.333324

28274.333623

28274.333599

28274.333187

28274.333203

28274.333644

28274.333528

28274.333301

28274.332896

28274.332680

28274.332347

28274.332270

28274.332000

28274.332005

28274.331735

28274.331784

28274.331493

28274.331582

28274.331270

28274.331409

28274.331081

28274.331283

28274.330959

28274.331249

28274.330983

28274.331402

28274.331279

28274.331878

28274.331986

28274.332781

28274.333117

28274.333994

28274.334341

28274.334503

28274.334503

28274.334341

28274.333994

28274.333117

28274.332781

28274.331986

28274.331878

28274.331279

28274.331402

28274.330983

28274.331249

28274.330959

28274.331283

28274.331081

28274.331409

28274.331270

28274.331582

28274.331493

28274.331784

28274.331735

28274.332005

28274.332000

28274.332270

28274.332347

28274.332680

28274.332896

28274.333301

28274.333528

28274.333644

28274.333203

28274.333265

28274.333578

28274.333518

28274.333131

28274.332844

28274.332430

28274.332276

28274.331953

28274.331920

28274.331624

28274.331652

28274.331335

28274.331398

28274.331043

28274.331142

28274.330745

28274.330891

28274.330464

28274.330688

28274.330288

28274.330657

28274.330398

28274.331011

28274.331043

28274.331979

28274.332382

28274.333580

28274.334176

28274.335221

28274.335874

28274.335874

28274.335221

28274.334176

28274.333580

28274.332382

28274.331979

28274.331043

28274.331011

28274.330398

28274.330657

28274.330288

28274.330688

28274.330464

28274.330891

28274.330745

28274.331142

28274.331043

28274.331398

28274.331335

28274.331652

28274.331624

28274.331920

28274.331953

28274.332276

28274.332430

28274.332844

28274.333131

28274.333518

28274.333578

28274.333265

28274.333232

28274.333577

28274.333367

28274.333085

28274.332613

28274.332372

28274.331984

28274.331899

28274.331574

28274.331583

28274.331254

28274.331307

28274.330934

28274.331014

28274.330576

28274.330681

28274.330173

28274.330326

28274.329789

28274.330064

28274.329621

28274.330160

28274.330021

28274.330986

28274.331355

28274.332798

28274.333631

28274.335244

28274.336000

28274.336274

28274.336274

28274.336000

28274.335244

28274.333631

28274.332798

28274.331355

28274.330986

28274.330021

28274.330160

28274.329621

28274.330064

28274.329789

28274.330326

28274.330173

28274.330681

28274.330576

28274.331014

28274.330934

28274.331307

28274.331254

28274.331583

28274.331574

28274.331899

28274.331984

28274.332372

28274.332613

28274.333085

28274.333367

28274.333577

28274.333232

28274.333244

28274.333449

28274.333319

28274.332867

28274.332558

28274.332098

28274.331943

28274.331578

28274.331560

28274.331222

28274.331273

28274.330901

28274.330982

28274.330536

28274.330626

28274.330078

28274.330179

28274.329538

28274.329712

28274.329080

28274.329483

28274.329102

28274.329981

28274.330180

28274.331734

28274.332683

28274.334774

28274.336061

28274.337798

28274.338917

28274.338917

28274.337798

28274.336061

28274.334774

28274.332683

28274.331734

28274.330180

28274.329981

28274.329102

28274.329483

28274.329080

28274.329712

28274.329538

28274.330179

28274.330078

28274.330626

28274.330536

28274.330982

28274.330901

28274.331273

28274.331222

28274.331560

28274.331578

28274.331943

28274.332098

28274.332558

28274.332867

28274.333319

28274.333449

28274.333244

28274.333151

28274.333395

28274.333111

28274.332801

28274.332294

28274.332059

28274.331640

28274.331576

28274.331223

28274.331269

28274.330906

28274.331001

28274.330571

28274.330673

28274.330125

28274.330212

28274.329517

28274.329616

28274.328831

28274.329081

28274.328431

28274.329126

28274.329025

28274.330520

28274.331380

28274.333788

28274.335519

28274.338190

28274.339634

28274.339770

28274.339770

28274.339634

28274.338190

28274.335519

28274.333788

28274.331380

28274.330520

28274.329025

28274.329126

28274.328431

28274.329081

28274.328831

28274.329616

28274.329517

28274.330212

28274.330125

28274.330673

28274.330571

28274.331001

28274.330906

28274.331269

28274.331223

28274.331576

28274.331640

28274.332059

28274.332294

28274.332801

28274.333111

28274.333395

28274.333151

28274.333103

28274.333199

28274.333024

28274.332541

28274.332243

28274.331767

28274.331640

28274.331257

28274.331283

28274.330927

28274.331035

28274.330634

28274.330766

28274.330251

28274.330358

28274.329665

28274.329733

28274.328859

28274.328979

28274.328085

28274.328541

28274.328050

28274.329310

28274.329830

28274.332291

28274.334158

28274.337556

28274.339987

28274.342613

28274.344350

28274.344350

28274.342613

28274.339987

28274.337556

28274.334158

28274.332291

28274.329830

28274.329310

28274.328050

28274.328541

28274.328085

28274.328979

28274.328859

28274.329733

28274.329665

28274.330358

28274.330251

28274.330766

28274.330634

28274.331035

28274.330927

28274.331283

28274.331257

28274.331640

28274.331767

28274.332243

28274.332541

28274.333024

28274.333199

28274.333103

28274.332943

28274.333086

28274.332759

28274.332463

28274.331955

28274.331758

28274.331334

28274.331320

28274.330958

28274.331069

28274.330695

28274.330861

28274.330394

28274.330547

28274.329902

28274.329986

28274.329097

28274.329137

28274.328070

28274.328283

28274.327381

28274.328261

28274.328210

28274.330393

28274.331930

28274.335648

28274.338697

28274.342854

28274.345442

28274.345325

28274.345325

28274.345442

28274.342854

28274.338697

28274.335648

28274.331930

28274.330393

28274.328210

28274.328261

28274.327381

28274.328283

28274.328070

28274.329137

28274.329097

28274.329986

28274.329902

28274.330547

28274.330394

28274.330861

28274.330695

28274.331069

28274.330958

28274.331320

28274.331334

28274.331758

28274.331955

28274.332463

28274.332759

28274.333086

28274.332943

28274.332829

28274.332820

28274.332637

28274.332166

28274.331920

28274.331458

28274.331390

28274.331008

28274.331103

28274.330744

28274.330935

28274.330518

28274.330726

28274.330152

28274.330292

28274.329451

28274.329476

28274.328329

28274.328346

28274.327088

28274.327514

28274.326752

28274.328332

28274.329038

28274.332480

28274.335343

28274.340385

28274.344449

28274.348603

28274.352104

28274.352104

28274.348603

28274.344449

28274.340385

28274.335343

28274.332480

28274.329038

28274.328332

28274.326752

28274.327514

28274.327088

28274.328346

28274.328329

28274.329476

28274.329451

28274.330292

28274.330152

28274.330726

28274.330518

28274.330935

28274.330744

28274.331103

28274.331008

28274.331390

28274.331458

28274.331920

28274.332166

28274.332637

28274.332820

28274.332829

28274.332601

28274.332650

28274.332320

28274.332084

28274.331617

28274.331494

28274.331088

28274.331147

28274.330790

28274.330986

28274.330608

28274.330864

28274.330367

28274.330582

28274.329830

28274.329898

28274.328765

28274.328669

28274.327170

28274.327157

28274.325682

28274.326430

28274.325922

28274.328437

28274.330140

28274.335056

28274.339397

28274.345654

28274.350507

28274.351520

28274.351520

28274.350507

28274.345654

28274.339397

28274.335056

28274.330140

28274.328437

28274.325922

28274.326430

28274.325682

28274.327157

28274.327170

28274.328669

28274.328765

28274.329898

28274.329830

28274.330582

28274.330367

28274.330864

28274.330608

28274.330986

28274.330790

28274.331147

28274.331088

28274.331494

28274.331617

28274.332084

28274.332320

28274.332650

28274.332601

28274.332419

28274.332319

28274.332170

28274.331761

28274.331611

28274.331196

28274.331211

28274.330846

28274.331026

28274.330671

28274.330955

28274.330522

28274.330812

28274.330164

28274.330318

28274.329269

28274.329156

28274.327558

28274.327208

28274.325152

28274.325001

28274.323138

28274.324201

28274.323910

28274.327501

28274.330381

28274.337037

28274.343175

28274.350732

28274.359484

28274.359484

28274.350732

28274.343175

28274.337037

28274.330381

28274.327501

28274.323910

28274.324201

28274.323138

28274.325001

28274.325152

28274.327208

28274.327558

28274.329156

28274.329269

28274.330318

28274.330164

28274.330812

28274.330522

28274.330955

28274.330671

28274.331026

28274.330846

28274.331211

28274.331196

28274.331611

28274.331761

28274.332170

28274.332319

28274.332419

28274.332127

28274.332096

28274.331812

28274.331687

28274.331303

28274.331287

28274.330920

28274.331068

28274.330722

28274.331010

28274.330623

28274.330969

28274.330416

28274.330671

28274.329747

28274.329702

28274.328133

28274.327605

28274.325188

28274.324257

28274.321174

28274.320543

28274.317833

28274.319042

28274.318829

28274.323808

28274.328451

28274.337888

28274.347301

28274.353438

28274.353438

28274.347301

28274.337888

28274.328451

28274.323808

28274.318829

28274.319042

28274.317833

28274.320543

28274.321174

28274.324257

28274.325188

28274.327605

28274.328133

28274.329702

28274.329747

28274.330671

28274.330416

28274.330969

28274.330623

28274.331010

28274.330722

28274.331068

28274.330920

28274.331287

28274.331303

28274.331687

28274.331812

28274.332096

28274.332127

28274.331883

28274.331710

28274.331642

28274.331348

28274.331336

28274.330998

28274.331117

28274.330778

28274.331049

28274.330689

28274.331063

28274.330585

28274.330931

28274.330136

28274.330212

28274.328767

28274.328231

28274.325695

28274.324250

28274.320299

28274.318093

28274.313069

28274.311306

28274.307031

28274.308358

28274.308526

28274.316270

28274.324753

28274.339555

28274.359808

28274.359808

28274.339555

28274.324753

28274.316270

28274.308526

28274.308358

28274.307031

28274.311306

28274.313069

28274.318093

28274.320299

28274.324250

28274.325695

28274.328231

28274.328767

28274.330212

28274.330136

28274.330931

28274.330585

28274.331063

28274.330689

28274.331049

28274.330778

28274.331117

28274.330998

28274.331336

28274.331348

28274.331642

28274.331710

28274.331883

28274.331538

28274.331444

28274.331255

28274.331290

28274.331032

28274.331149

28274.330838

28274.331083

28274.330742

28274.331115

28274.330688

28274.331096

28274.330415

28274.330626

28274.329350

28274.328942

28274.326494

28274.324867

28274.320497

28274.317162

28274.310389

28274.305733

28274.297391

28274.293815

28274.287523

28274.290052

28274.292597

28274.306968

28274.324243

28274.342679

28274.342679

28274.324243

28274.306968

28274.292597

28274.290052

28274.287523

28274.293815

28274.297391

28274.305733

28274.310389

28274.317162

28274.320497

28274.324867

28274.326494

28274.328942

28274.329350

28274.330626

28274.330415

28274.331096

28274.330688

28274.331115

28274.330742

28274.331083

28274.330838

28274.331149

28274.331032

28274.331290

28274.331255

28274.331444

28274.331538

28274.331242

28274.331019

28274.331078

28274.330946

28274.331108

28274.330872

28274.331106

28274.330794

28274.331147

28274.330756

28274.331190

28274.330598

28274.330923

28274.329821

28274.329614

28274.327388

28274.325881

28274.321519

28274.317684

28274.309976

28274.303160

28274.291647

28274.283096

28274.270052

28274.264892

28274.257656

28274.265249

28274.275495

28274.303481

28274.344110

28274.344110

28274.303481

28274.275495

28274.265249

28274.257656

28274.264892

28274.270052

28274.283096

28274.291647

28274.303160

28274.309976

28274.317684

28274.321519

28274.325881

28274.327388

28274.329614

28274.329821

28274.330923

28274.330598

28274.331190

28274.330756

28274.331147

28274.330794

28274.331106

28274.330872

28274.331108

28274.330946

28274.331078

28274.331019

28274.331242

28274.330860

28274.330727

28274.330676

28274.330911

28274.330811

28274.331079

28274.330833

28274.331168

28274.330813

28274.331241

28274.330716

28274.331115

28274.330168

28274.330169

28274.328224

28274.327038

28274.322997

28274.319279

28274.311462

28274.303628

28274.290380

28274.278023

28274.259626

28274.246306

28274.228333

28274.224401

28274.220604

28274.241654

28274.270024

28274.313183

28274.313183

28274.270024

28274.241654

28274.220604

28274.224401

28274.228333

28274.246306

28274.259626

28274.278023

28274.290380

28274.303628

28274.311462

28274.319279

28274.322997

28274.327038

28274.328224

28274.330169

28274.330168

28274.331115

28274.330716

28274.331241

28274.330813

28274.331168

28274.330833

28274.331079

28274.330811

28274.330911

28274.330676

28274.330727

28274.330860

28274.330530

28274.330282

28274.330504

28274.330569

28274.330926

28274.330809

28274.331157

28274.330862

28274.331270

28274.330804

28274.331231

28274.330415

28274.330583

28274.328925

28274.328130

28274.324586

28274.321427

28274.314147

28274.306470

28274.292995

28274.278831

28274.257538

28274.237864

28274.211306

28274.194444

28274.174139

28274.178764

28274.188021

28274.236670

28274.310668

28274.310668

28274.236670

28274.188021

28274.178764

28274.174139

28274.194444

28274.211306

28274.237864

28274.257538

28274.278831

28274.292995

28274.306470

28274.314147

28274.321427

28274.324586

28274.328130

28274.328925

28274.330583

28274.330415

28274.331231

28274.330804

28274.331270

28274.330862

28274.331157

28274.330809

28274.330926

28274.330569

28274.330504

28274.330282

28274.330530

28274.330131

28274.329984

28274.330101

28274.330558

28274.330637

28274.331057

28274.330874

28274.331276

28274.330880

28274.331304

28274.330602

28274.330874

28274.329479

28274.329042

28274.326050

28274.323644

28274.317287

28274.310637

28274.298138

28274.284284

28274.262712

28274.240084

28274.209058

28274.181987

28274.148430

28274.133030

28274.117440

28274.144539

28274.186055

28274.278092

28274.278092

28274.186055

28274.144539

28274.117440

28274.133030

28274.148430

28274.181987

28274.209058

28274.240084

28274.262712

28274.284284

28274.298138

28274.310637

28274.317287

28274.323644

28274.326050

28274.329042

28274.329479

28274.330874

28274.330602

28274.331304

28274.330880

28274.331276

28274.330874

28274.331057

28274.330637

28274.330558

28274.330101

28274.329984

28274.330131

28274.329791

28274.329541

28274.329945

28274.330225

28274.330780

28274.330783

28274.331226

28274.330933

28274.331349

28274.330757

28274.331081

28274.329919

28274.329750

28274.327287

28274.325615

28274.320320

28274.315100

28274.304301

28274.292318

28274.272531

28274.250577

28274.219432

28274.187837

28274.147898

28274.116475

28274.080765

28274.076801

28274.080021

28274.155989

28274.284668

28274.284668

28274.155989

28274.080021

28274.076801

28274.080765

28274.116475

28274.147898

28274.187837

28274.219432

28274.250577

28274.272531

28274.292318

28274.304301

28274.315100

28274.320320

28274.325615

28274.327287

28274.329750

28274.329919

28274.331081

28274.330757

28274.331349

28274.330933

28274.331226

28274.330783

28274.330780

28274.330225

28274.329945

28274.329541

28274.329791

28274.329399

28274.329259

28274.329557

28274.330236

28274.330493

28274.331049

28274.330920

28274.331353

28274.330886

28274.331231

28274.330279

28274.330286

28274.328297

28274.327214

28274.322951

28274.319142

28274.310299

28274.300883

28274.284067

28274.265370

28274.237356

28274.207230

28274.167899

28274.130033

28274.085864

28274.056424

28274.027710

28274.053198

28274.108938

28274.294347

28274.294347

28274.108938

28274.053198

28274.027710

28274.056424

28274.085864

28274.130033

28274.167899

28274.207230

28274.237356

28274.265370

28274.284067

28274.300883

28274.310299

28274.319142

28274.322951

28274.327214

28274.328297

28274.330286

28274.330279

28274.331231

28274.330886

28274.331353

28274.330920

28274.331049

28274.330493

28274.330236

28274.329557

28274.329259

28274.329399

28274.329075

28274.328843

28274.329427

28274.329915

28274.330648

28274.330762

28274.331269

28274.330963

28274.331329

28274.330578

28274.330694

28274.329117

28274.328456

28274.325105

28274.322450

28274.315482

28274.308561

28274.295071

28274.280636

28274.257429

28274.232665

28274.198588

28274.163999

28274.122507

28274.084443

28274.044496

28274.025488

28274.021875

28274.121455

28274.333889

28274.333889

28274.121455

28274.021875

28274.025488

28274.044496

28274.084443

28274.122507

28274.163999

28274.198588

28274.232665

28274.257429

28274.280636

28274.295071

28274.308561

28274.315482

28274.322450

28274.325105

28274.328456

28274.329117

28274.330694

28274.330578

28274.331329

28274.330963

28274.331269

28274.330762

28274.330648

28274.329915

28274.329427

28274.328843

28274.329075

28274.328714

28274.328599

28274.329069

28274.329944

28274.330359

28274.331018

28274.330933

28274.331353

28274.330805

28274.331000

28274.329781

28274.329412

28274.326830

28274.325018

28274.319670

28274.314751

28274.304354

28274.293877

28274.275779

28274.257463

28274.230520

28274.204396

28274.171432

28274.140924

28274.108213

28274.076756

28274.053338

28274.059662

28274.134621

28274.466818

28274.466818

28274.134621

28274.059662

28274.053338

28274.076756

28274.108213

28274.140924

28274.171432

28274.204396

28274.230520

28274.257463

28274.275779

28274.293877

28274.304354

28274.314751

28274.319670

28274.325018

28274.326830

28274.329412

28274.329781

28274.331000

28274.330805

28274.331353

28274.330933

28274.331018

28274.330359

28274.329944

28274.329069

28274.328599

28274.328714

28274.328437

28274.328234

28274.328976

28274.329640

28274.330509

28274.330714

28274.331248

28274.330927

28274.331200

28274.330299

28274.330141

28274.328195

28274.326981

28274.322951

28274.319474

28274.311652

28274.304191

28274.290605

28274.277779

28274.257793

28274.240490

28274.217213

28274.199764

28274.180248

28274.166237

28274.157592

28274.136930

28274.156367

28274.244897

28274.542096

28274.542096

28274.244897

28274.156367

28274.136930

28274.157592

28274.166237

28274.180248

28274.199764

28274.217213

28274.240490

28274.257793

28274.277779

28274.290605

28274.304191

28274.311652

28274.319474

28274.322951

28274.326981

28274.328195

28274.330141

28274.330299

28274.331200

28274.330927

28274.331248

28274.330714

28274.330509

28274.329640

28274.328976

28274.328234

28274.328437

28274.328131

28274.328054

28274.328663

28274.329684

28274.330219

28274.330942

28274.330889

28274.331266

28274.330657

28274.330669

28274.329248

28274.328474

28274.325493

28274.323031

28274.317221

28274.311821

28274.301772

28274.292702

28274.278331

28274.267417

28274.252396

28274.245748

28274.238103

28274.243420

28274.252264

28274.271575

28274.314087

28274.310892

28274.444055

28274.892022

28274.892022

28274.444055

28274.310892

28274.314087

28274.271575

28274.252264

28274.243420

28274.238103

28274.245748

28274.252396

28274.267417

28274.278331

28274.292702

28274.301772

28274.311821

28274.317221

28274.323031

28274.325493

28274.328474

28274.329248

28274.330669

28274.330657

28274.331266

28274.330889

28274.330942

28274.330219

28274.329684

28274.328663

28274.328054

28274.328131

28274.327930

28274.327762

28274.328619

28274.329405

28274.330357

28274.330624

28274.331155

28274.330828

28274.330995

28274.330006

28274.329579

28274.327426

28274.325721

28274.321450

28274.317462

28274.310004

28274.303200

28274.292739

28274.285212

28274.275811

28274.274899

28274.275732

28274.292386

28274.313043

28274.355902

28274.410044

28274.502299

28274.668691

28274.708042

28274.933274

28274.933274

28274.708042

28274.668691

28274.502299

28274.410044

28274.355902

28274.313043

28274.292386

28274.275732

28274.274899

28274.275811

28274.285212

28274.292739

28274.303200

28274.310004

28274.317462

28274.321450

28274.325721

28274.327426

28274.329579

28274.330006

28274.330995

28274.330828

28274.331155

28274.330624

28274.330357

28274.329405

28274.328619

28274.327762

28274.327930

28274.327703

28274.327670

28274.328366

28274.329467

28274.330070

28274.330811

28274.330782

28274.331107

28274.330477

28274.330332

28274.328830

28274.327729

28274.324642

28274.321724

28274.316158

28274.310788

28274.302812

28274.296556

28274.289961

28274.290017

28274.294955

28274.314739

28274.343187

28274.393529

28274.450999

28274.549358

28274.684384

28274.963798

28275.371624

28275.577534

28275.577534

28275.371624

28274.963798

28274.684384

28274.549358

28274.450999

28274.393529

28274.343187

28274.314739

28274.294955

28274.290017

28274.289961

28274.296556

28274.302812

28274.310788

28274.316158

28274.321724

28274.324642

28274.327729

28274.328830

28274.330332

28274.330477

28274.331107

28274.330782

28274.330811

28274.330070

28274.329467

28274.328366

28274.327670

28274.327703

28274.327606

28274.327471

28274.328384

28274.329220

28274.330192

28274.330485

28274.330991

28274.330674

28274.330757

28274.329758

28274.329146

28274.326975

28274.324955

28274.320829

28274.316612

28274.310275

28274.304491

28274.298686

28274.296930

28274.301388

28274.317636

28274.348327

28274.398453

28274.462240

28274.551214

28274.658800

28274.854737

28275.157411

28275.714620

28275.506313

28275.506313

28275.714620

28275.157411

28274.854737

28274.658800

28274.551214

28274.462240

28274.398453

28274.348327

28274.317636

28274.301388

28274.296930

28274.298686

28274.304491

28274.310275

28274.316612

28274.320829

28274.324955

28274.326975

28274.329146

28274.329758

28274.330757

28274.330674

28274.330991

28274.330485

28274.330192

28274.329220

28274.328384

28274.327471

28274.327606

28274.327478

28274.327486

28274.328202

28274.329305

28274.329914

28274.330630

28274.330610

28274.330887

28274.330275

28274.330039

28274.328566

28274.327302

28274.324320

28274.321203

28274.316154

28274.310966

28274.305197

28274.301203

28274.302178

28274.311128

28274.336349

28274.378718

28274.445754

28274.532220

28274.636045

28274.778520

28274.992947

28275.344727

28275.844620

28275.676430

28275.676430

28275.844620

28275.344727

28274.992947

28274.778520

28274.636045

28274.532220

28274.445754

28274.378718

28274.336349

28274.311128

28274.302178

28274.301203

28274.305197

28274.310966

28274.316154

28274.321203

28274.324320

28274.327302

28274.328566

28274.330039

28274.330275

28274.330887

28274.330610

28274.330630

28274.329914

28274.329305

28274.328202

28274.327486

28274.327478

28274.327509

28274.327393

28274.328292

28274.329097

28274.330020

28274.330297

28274.330755

28274.330451

28274.330486

28274.329531

28274.328859

28274.326781

28274.324690

28274.320807

28274.316601

28274.311071

28274.305920

28274.303047

28274.304682

28274.318975

28274.347286

28274.404498

28274.483643

28274.594580

28274.725432

28274.880683

28275.129942

28275.470659

28275.692762

28274.648507

28274.648507

28275.692762

28275.470659

28275.129942

28274.880683

28274.725432

28274.594580

28274.483643

28274.404498

28274.347286

28274.318975

28274.304682

28274.303047

28274.305920

28274.311071

28274.316601

28274.320807

28274.324690

28274.326781

28274.328859

28274.329531

28274.330486

28274.330451

28274.330755

28274.330297

28274.330020

28274.329097

28274.328292

28274.327393

28274.327509

28274.327494

28274.327526

28274.328188

28274.329207

28274.329753

28274.330394

28274.330357

28274.330587

28274.330005

28274.329748

28274.328357

28274.327116

28274.324285

28274.321265

28274.316469

28274.311520

28274.306322

28274.303216

28274.306573

28274.319891

28274.355696

28274.415138

28274.515474

28274.643018

28274.797120

28274.986905

28275.159620

28275.451629

28274.908288

28274.639099

28274.639099

28274.908288

28275.451629

28275.159620

28274.986905

28274.797120

28274.643018

28274.515474

28274.415138

28274.355696

28274.319891

28274.306573

28274.303216

28274.306322

28274.311520

28274.316469

28274.321265

28274.324285

28274.327116

28274.328357

28274.329748

28274.330005

28274.330587

28274.330357

28274.330394

28274.329753

28274.329207

28274.328188

28274.327526

28274.327494

28274.327660

28274.327544

28274.328350

28274.329041

28274.329841

28274.330050

28274.330431

28274.330125

28274.330132

28274.329232

28274.328605

28274.326647

28274.324729

28274.320982

28274.317087

28274.311448

28274.306636

28274.302953

28274.305363

28274.319219

28274.353283

28274.419528

28274.524631

28274.673188

28274.851095

28275.013525

28275.212426

28275.074206

28274.895864

28274.438298

28274.438298

28274.895864

28275.074206

28275.212426

28275.013525

28274.851095

28274.673188

28274.524631

28274.419528

28274.353283

28274.319219

28274.305363

28274.302953

28274.306636

28274.311448

28274.317087

28274.320982

28274.324729

28274.326647

28274.328605

28274.329232

28274.330132

28274.330125

28274.330431

28274.330050

28274.329841

28274.329041

28274.328350

28274.327544

28274.327660

28274.327759

28274.327787

28274.328322

28274.329172

28274.329584

28274.330096

28274.330007

28274.330175

28274.329612

28274.329372

28274.328071

28274.326993

28274.324307

28274.321672

28274.316840

28274.312385

28274.306072

28274.303078

28274.302510

28274.315861

28274.345064

28274.411548

28274.514009

28274.673550

28274.852608

28275.033710

28275.124659

28275.056862

28274.739790

28274.393915

28274.393915

28274.739790

28275.056862

28275.124659

28275.033710

28274.852608

28274.673550

28274.514009

28274.411548

28274.345064

28274.315861

28274.302510

28274.303078

28274.306072

28274.312385

28274.316840

28274.321672

28274.324307

28274.326993

28274.328071

28274.329372

28274.329612

28274.330175

28274.330007

28274.330096

28274.329584

28274.329172

28274.328322

28274.327787

28274.327759

28274.328046

28274.327905

28274.328545

28274.329044

28274.329651

28274.329742

28274.330010

28274.329677

28274.329653

28274.328808

28274.328279

28274.326468

28274.324890

28274.321303

28274.318036

28274.311986

28274.307675

28274.301080

28274.302607

28274.307266

28274.338535

28274.386882

28274.494622

28274.626174

28274.822785

28274.980530

28275.075065

28275.153010

28274.699381

28274.395499

28274.395499

28274.699381

28275.153010

28275.075065

28274.980530

28274.822785

28274.626174

28274.494622

28274.386882

28274.338535

28274.307266

28274.302607

28274.301080

28274.307675

28274.311986

28274.318036

28274.321303

28274.324890

28274.326468

28274.328279

28274.328808

28274.329653

28274.329677

28274.330010

28274.329742

28274.329651

28274.329044

28274.328545

28274.327905

28274.328046

28274.328238

28274.328235

28274.328582

28274.329188

28274.329407

28274.329740

28274.329569

28274.329653

28274.329106

28274.328889

28274.327712

28274.326861

28274.324434

28274.322368

28274.317749

28274.314106

28274.306877

28274.303862

28274.297885

28274.307337

28274.319660

28274.374208

28274.440528

28274.583535

28274.714763

28274.904676

28274.985151

28275.093412

28275.256555

28274.306069

28274.306069

28275.256555

28275.093412

28274.985151

28274.904676

28274.714763

28274.583535

28274.440528

28274.374208

28274.319660

28274.307337

28274.297885

28274.303862

28274.306877

28274.314106

28274.317749

28274.322368

28274.324434

28274.326861

28274.327712

28274.328889

28274.329106

28274.329653

28274.329569

28274.329740

28274.329407

28274.329188

28274.328582

28274.328235

28274.328238

28274.328602

28274.328426

28274.328846

28274.329097

28274.329455

28274.329393

28274.329520

28274.329159

28274.329098

28274.328341

28274.327926

28274.326377

28274.325205

28274.322107

28274.319637

28274.313997

28274.310393

28274.302442

28274.302096

28274.298409

28274.318248

28274.339996

28274.415098

28274.489450

28274.639134

28274.726363

28274.884249

28274.802892

28275.146795

28275.476385

28275.476385

28275.146795

28274.802892

28274.884249

28274.726363

28274.639134

28274.489450

28274.415098

28274.339996

28274.318248

28274.298409

28274.302096

28274.302442

28274.310393

28274.313997

28274.319637

28274.322107

28274.325205

28274.326377

28274.327926

28274.328341

28274.329098

28274.329159

28274.329520

28274.329393

28274.329455

28274.329097

28274.328846

28274.328426

28274.328602

28274.328837

28274.328799

28274.328933

28274.329251

28274.329243

28274.329369

28274.329113

28274.329108

28274.328611

28274.328429

28274.327473

28274.326869

28274.324957

28274.323498

28274.319781

28274.317024

28274.310650

28274.307482

28274.299891

28274.302979

28274.303819

28274.332467

28274.363199

28274.442528

28274.509392

28274.620472

28274.633319

28274.675270

28274.323348

28273.742056

28273.742056

28274.323348

28274.675270

28274.633319

28274.620472

28274.509392

28274.442528

28274.363199

28274.332467

28274.303819

28274.302979

28274.299891

28274.307482

28274.310650

28274.317024

28274.319781

28274.323498

28274.324957

28274.326869

28274.327473

28274.328429

28274.328611

28274.329108

28274.329113

28274.329369

28274.329243

28274.329251

28274.328933

28274.328799

28274.328837

28274.329198

28274.329021

28274.329216

28274.329209

28274.329300

28274.329084

28274.329070

28274.328713

28274.328633

28274.328046

28274.327768

28274.326657

28274.325889

28274.323697

28274.321969

28274.317834

28274.314793

28274.308295

28274.305501

28274.299805

28274.305100

28274.312201

28274.341403

28274.377892

28274.433323

28274.484218

28274.495599

28274.472365

28274.198445

28274.445290

28274.445290

28274.198445

28274.472365

28274.495599

28274.484218

28274.433323

28274.377892

28274.341403

28274.312201

28274.305100

28274.299805

28274.305501

28274.308295

28274.314793

28274.317834

28274.321969

28274.323697

28274.325889

28274.326657

28274.327768

28274.328046

28274.328633

28274.328713

28274.329070

28274.329084

28274.329300

28274.329209

28274.329216

28274.329021

28274.329198

28274.329393

28274.329383

28274.329343

28274.329388

28274.329170

28274.329101

28274.328792

28274.328726

28274.328343

28274.328228

28274.327611

28274.327261

28274.326083

28274.325149

28274.322821

28274.320715

28274.316457

28274.312770

28274.306860

28274.303328

28274.300675

28274.303988

28274.316884

28274.333189

28274.370446

28274.375405

28274.417203

28274.320993

28274.386873

28274.466762

28274.466762

28274.386873

28274.320993

28274.417203

28274.375405

28274.370446

28274.333189

28274.316884

28274.303988

28274.300675

28274.303328

28274.306860

28274.312770

28274.316457

28274.320715

28274.322821

28274.325149

28274.326083

28274.327261

28274.327611

28274.328228

28274.328343

28274.328726

28274.328792

28274.329101

28274.329170

28274.329388

28274.329343

28274.329383

28274.329393

28274.329644

28274.329589

28274.329638

28274.329429

28274.329296

28274.328971

28274.328854

28274.328551

28274.328488

28274.328141

28274.328014

28274.327439

28274.327013

28274.325866

28274.324653

28274.322307

28274.319434

28274.315240

28274.309949

28274.304912

28274.298311

28274.298277

28274.293820

28274.308846

28274.303015

28274.334818

28274.304664

28274.339333

28274.386525

28274.415227

28274.415227

28274.386525

28274.339333

28274.304664

28274.334818

28274.303015

28274.308846

28274.293820

28274.298277

28274.298311

28274.304912

28274.309949

28274.315240

28274.319434

28274.322307

28274.324653

28274.325866

28274.327013

28274.327439

28274.328014

28274.328141

28274.328488

28274.328551

28274.328854

28274.328971

28274.329296

28274.329429

28274.329638

28274.329589

28274.329644

28274.329695

28274.329886

28274.329808

28274.329679

28274.329331

28274.329132

28274.328823

28274.328727

28274.328491

28274.328446

28274.328182

28274.328031

28274.327554

28274.326960

28274.325875

28274.324071

28274.321663

28274.317293

28274.312985

28274.304699

28274.299923

28274.287905

28274.288211

28274.273897

28274.285711

28274.269708

28274.290043

28274.311146

28274.334628

28274.369228

28274.369228

28274.334628

28274.311146

28274.290043

28274.269708

28274.285711

28274.273897

28274.288211

28274.287905

28274.299923

28274.304699

28274.312985

28274.317293

28274.321663

28274.324071

28274.325875

28274.326960

28274.327554

28274.328031

28274.328182

28274.328446

28274.328491

28274.328727

28274.328823

28274.329132

28274.329331

28274.329679

28274.329808

28274.329886

28274.329695

28274.329712

28274.330033

28274.330126

28274.329857

28274.329616

28274.329264

28274.329089

28274.328851

28274.328781

28274.328625

28274.328571

28274.328404

28274.328151

28274.327757

28274.326776

28274.325644

28274.322766

28274.320007

28274.313341

28274.308352

28274.296227

28274.290535

28274.273595

28274.271862

28274.255539

28274.261550

28274.266108

28274.279777

28274.309508

28274.318610

28274.318610

28274.309508

28274.279777

28274.266108

28274.261550

28274.255539

28274.271862

28274.273595

28274.290535

28274.296227

28274.308352

28274.313341

28274.320007

28274.322766

28274.325644

28274.326776

28274.327757

28274.328151

28274.328404

28274.328571

28274.328625

28274.328781

28274.328851

28274.329089

28274.329264

28274.329616

28274.329857

28274.330126

28274.330033

28274.329712

28274.329508

28274.330237

28274.330352

28274.330239

28274.329894

28274.329649

28274.329353

28274.329191

28274.329006

28274.328914

28274.328815

28274.328676

28274.328562

28274.328058

28274.327640

28274.325995

28274.324588

28274.320257

28274.316785

28274.307694

28274.301570

28274.286864

28274.279774

28274.263280

28274.259429

28274.253918

28274.257214

28274.272985

28274.280337

28274.294008

28274.294008

28274.280337

28274.272985

28274.257214

28274.253918

28274.259429

28274.263280

28274.279774

28274.286864

28274.301570

28274.307694

28274.316785

28274.320257

28274.324588

28274.325995

28274.327640

28274.328058

28274.328562

28274.328676

28274.328815

28274.328914

28274.329006

28274.329191

28274.329353

28274.329649

28274.329894

28274.330239

28274.330352

28274.330237

28274.329508

28274.329139

28274.330309

28274.330746

28274.330591

28274.330371

28274.330027

28274.329761

28274.329475

28274.329262

28274.329079

28274.328890

28274.328787

28274.328462

28274.328311

28274.327426

28274.326852

28274.324456

28274.322635

28274.317112

28274.312917

28274.302796

28274.295911

28274.282471

28274.274944

28274.265539

28274.261521

28274.265784

28274.267274

28274.279631

28274.281689

28274.281689

28274.279631

28274.267274

28274.265784

28274.261521

28274.265539

28274.274944

28274.282471

28274.295911

28274.302796

28274.312917

28274.317112

28274.322635

28274.324456

28274.326852

28274.327426

28274.328311

28274.328462

28274.328787

28274.328890

28274.329079

28274.329262

28274.329475

28274.329761

28274.330027

28274.330371

28274.330591

28274.330746

28274.330309

28274.329139

28274.328533

28274.330509

28274.331070

28274.331098

28274.330754

28274.330429

28274.330042

28274.329695

28274.329369

28274.329045

28274.328808

28274.328458

28274.328285

28274.327735

28274.327493

28274.326312

28274.325604

28274.322913

28274.320910

28274.315516

28274.311240

28274.302893

28274.296335

28274.288122

28274.281362

28274.279610

28274.275721

28274.282047

28274.281402

28274.286094

28274.286094

28274.281402

28274.282047

28274.275721

28274.279610

28274.281362

28274.288122

28274.296335

28274.302893

28274.311240

28274.315516

28274.320910

28274.322913

28274.325604

28274.326312

28274.327493

28274.327735

28274.328285

28274.328458

28274.328808

28274.329045

28274.329369

28274.329695

28274.330042

28274.330429

28274.330754

28274.331098

28274.331070

28274.330509

28274.328533

28274.327267

28274.330697

28274.331636

28274.331233

28274.330917

28274.330496

28274.330098

28274.329680

28274.329249

28274.328866

28274.328420

28274.328098

28274.327612

28274.327364

28274.326755

28274.326517

28274.325538

28274.324989

28274.323119

28274.321500

28274.318179

28274.314511

28274.310190

28274.304199

28274.301327

28274.294429

28274.295483

28274.290223

28274.293234

28274.291347

28274.291347

28274.293234

28274.290223

28274.295483

28274.294429

28274.301327

28274.304199

28274.310190

28274.314511

28274.318179

28274.321500

28274.323119

28274.324989

28274.325538

28274.326517

28274.326755

28274.327364

28274.327612

28274.328098

28274.328420

28274.328866

28274.329249

28274.329680

28274.330098

28274.330496

28274.330917

28274.331233

28274.331636

28274.330697

28274.327267

28274.326414

28274.331864

28274.330800

28274.330567

28274.330307

28274.330065

28274.329762

28274.329397

28274.329017

28274.328566

28274.328156

28274.327672

28274.327312

28274.326892

28274.326689

28274.326463

28274.326456

28274.326482

28274.326357

28274.326403

28274.325087

28274.324519

28274.320193

28274.318401

28274.309826

28274.307074

28274.296018

28274.293555

28274.285419

28274.284458

28274.284458

28274.285419

28274.293555

28274.296018

28274.307074

28274.309826

28274.318401

28274.320193

28274.324519

28274.325087

28274.326403

28274.326357

28274.326482

28274.326456

28274.326463

28274.326689

28274.326892

28274.327312

28274.327672

28274.328156

28274.328566

28274.329017

28274.329397

28274.329762

28274.330065

28274.330307

28274.330567

28274.330800

28274.331864

28274.326414

28274.321121

28274.326436

28274.327219

28274.328393

28274.328844

28274.329132

28274.329188

28274.329138

28274.328952

28274.328700

28274.328386

28274.328051

28274.327781

28274.327521

28274.327569

28274.327538

28274.328230

28274.328338

28274.329743

28274.328994

28274.330170

28274.325806

28274.324126

28274.312104

28274.304460

28274.283564

28274.270635

28274.248220

28274.237439

28274.227465

28274.227465

28274.237439

28274.248220

28274.270635

28274.283564

28274.304460

28274.312104

28274.324126

28274.325806

28274.330170

28274.328994

28274.329743

28274.328338

28274.328230

28274.327538

28274.327569

28274.327521

28274.327781

28274.328051

28274.328386

28274.328700

28274.328952

28274.329138

28274.329188

28274.329132

28274.328844

28274.328393

28274.327219

28274.326436

28274.321121

