AXIS X

0.000000 0.000500 0.001000 0.001500 0.002000 0.002500 0.003000 0.003500 0.004000 0.004500 0.005000 0.005500 0.006000 0.006500 0.007000 0.007500 0.008000 0.008500 0.009000 0.009500 0.010000 0.010500 0.011000 0.011500 0.012000 0.012500 0.013000 0.013500 0.014000 0.014500 0.015000 0.015500 0.016000 0.016500 0.017000 0.017500 0.018000 0.018500 0.019000 0.019500 0.020000 0.020500 0.021000 0.021500 0.022000 0.022500 0.023000 0.023500 0.024000 0.024500 0.025000 0.025500 0.026000 0.026500 0.027000 0.027500 0.028000 0.028500 0.029000 0.029500 

AXIS Y

0.000000 0.000500 0.001000 0.001500 0.002000 0.002500 0.003000 0.003500 0.004000 0.004500 0.005000 0.005500 0.006000 0.006500 0.007000 0.007500 0.008000 0.008500 0.009000 0.009500 0.010000 0.010500 0.011000 0.011500 0.012000 0.012500 0.013000 0.013500 0.014000 0.014500 0.015000 0.015500 0.016000 0.016500 0.017000 0.017500 0.018000 0.018500 0.019000 0.019500 0.020000 0.020500 0.021000 0.021500 0.022000 0.022500 0.023000 0.023500 0.024000 0.024500 0.025000 0.025500 0.026000 0.026500 0.027000 0.027500 0.028000 0.028500 0.029000 0.029500 



DATA
5999.994119

6000.001984

6000.003486

6000.005557

6000.006423

6000.007354

6000.008136

6000.009257

6000.010519

6000.012195

6000.014119

6000.016491

6000.019225

6000.022487

6000.026287

6000.030737

6000.035937

6000.041881

6000.048742

6000.056290

6000.064742

6000.073510

6000.082831

6000.091619

6000.100163

6000.106691

6000.111825

6000.112431

6000.111591

6000.098347

6000.098347

6000.111591

6000.112431

6000.111825

6000.106691

6000.100163

6000.091619

6000.082831

6000.073510

6000.064742

6000.056290

6000.048742

6000.041881

6000.035937

6000.030737

6000.026287

6000.022487

6000.019225

6000.016491

6000.014119

6000.012195

6000.010519

6000.009257

6000.008136

6000.007354

6000.006423

6000.005557

6000.003486

6000.001984

5999.994119

6000.001379

6000.008997

6000.007422

6000.007860

6000.008384

6000.008837

6000.009406

6000.009859

6000.010635

6000.011410

6000.012642

6000.013966

6000.015847

6000.017923

6000.020661

6000.023735

6000.027570

6000.031897

6000.037028

6000.042766

6000.049213

6000.056257

6000.063692

6000.071529

6000.079207

6000.086966

6000.094039

6000.101079

6000.107501

6000.098547

6000.098547

6000.107501

6000.101079

6000.094039

6000.086966

6000.079207

6000.071529

6000.063692

6000.056257

6000.049213

6000.042766

6000.037028

6000.031897

6000.027570

6000.023735

6000.020661

6000.017923

6000.015847

6000.013966

6000.012642

6000.011410

6000.010635

6000.009859

6000.009406

6000.008837

6000.008384

6000.007860

6000.007422

6000.008997

6000.001379

6000.001489

6000.007747

6000.009023

6000.009236

6000.009930

6000.010629

6000.011040

6000.011519

6000.011713

6000.012227

6000.012569

6000.013417

6000.014169

6000.015543

6000.016890

6000.018941

6000.021056

6000.023932

6000.026992

6000.030826

6000.034990

6000.039883

6000.045260

6000.051263

6000.057889

6000.065010

6000.072595

6000.079967

6000.082413

6000.070884

6000.070884

6000.082413

6000.079967

6000.072595

6000.065010

6000.057889

6000.051263

6000.045260

6000.039883

6000.034990

6000.030826

6000.026992

6000.023932

6000.021056

6000.018941

6000.016890

6000.015543

6000.014169

6000.013417

6000.012569

6000.012227

6000.011713

6000.011519

6000.011040

6000.010629

6000.009930

6000.009236

6000.009023

6000.007747

6000.001489

6000.002931

6000.007344

6000.008937

6000.009715

6000.010698

6000.011567

6000.012402

6000.012726

6000.013156

6000.013145

6000.013522

6000.013556

6000.014166

6000.014470

6000.015445

6000.016133

6000.017536

6000.018707

6000.020616

6000.022435

6000.025026

6000.027801

6000.031416

6000.035611

6000.040699

6000.046585

6000.052821

6000.058007

6000.058720

6000.054368

6000.054368

6000.058720

6000.058007

6000.052821

6000.046585

6000.040699

6000.035611

6000.031416

6000.027801

6000.025026

6000.022435

6000.020616

6000.018707

6000.017536

6000.016133

6000.015445

6000.014470

6000.014166

6000.013556

6000.013522

6000.013145

6000.013156

6000.012726

6000.012402

6000.011567

6000.010698

6000.009715

6000.008937

6000.007344

6000.002931

6000.003195

6000.007462

6000.008917

6000.009802

6000.010690

6000.011889

6000.012678

6000.013501

6000.013683

6000.014110

6000.013970

6000.014346

6000.014207

6000.014739

6000.014740

6000.015465

6000.015636

6000.016536

6000.016937

6000.018076

6000.018940

6000.020616

6000.022462

6000.025239

6000.028702

6000.032915

6000.037524

6000.040946

6000.042175

6000.036970

6000.036970

6000.042175

6000.040946

6000.037524

6000.032915

6000.028702

6000.025239

6000.022462

6000.020616

6000.018940

6000.018076

6000.016937

6000.016536

6000.015636

6000.015465

6000.014740

6000.014739

6000.014207

6000.014346

6000.013970

6000.014110

6000.013683

6000.013501

6000.012678

6000.011889

6000.010690

6000.009802

6000.008917

6000.007462

6000.003195

6000.003857

6000.007617

6000.009216

6000.009748

6000.010614

6000.011427

6000.012565

6000.013119

6000.013878

6000.013919

6000.014405

6000.014212

6000.014699

6000.014492

6000.015073

6000.014890

6000.015504

6000.015308

6000.015878

6000.015729

6000.016346

6000.016579

6000.017645

6000.018902

6000.020988

6000.023697

6000.026533

6000.029378

6000.030400

6000.031450

6000.031450

6000.030400

6000.029378

6000.026533

6000.023697

6000.020988

6000.018902

6000.017645

6000.016579

6000.016346

6000.015729

6000.015878

6000.015308

6000.015504

6000.014890

6000.015073

6000.014492

6000.014699

6000.014212

6000.014405

6000.013919

6000.013878

6000.013119

6000.012565

6000.011427

6000.010614

6000.009748

6000.009216

6000.007617

6000.003857

6000.004136

6000.008165

6000.009429

6000.009981

6000.010214

6000.011053

6000.011625

6000.012606

6000.012888

6000.013608

6000.013535

6000.014145

6000.013946

6000.014616

6000.014395

6000.015104

6000.014808

6000.015405

6000.014953

6000.015327

6000.014802

6000.015066

6000.014870

6000.015441

6000.016187

6000.017472

6000.019339

6000.021017

6000.023288

6000.023651

6000.023651

6000.023288

6000.021017

6000.019339

6000.017472

6000.016187

6000.015441

6000.014870

6000.015066

6000.014802

6000.015327

6000.014953

6000.015405

6000.014808

6000.015104

6000.014395

6000.014616

6000.013946

6000.014145

6000.013535

6000.013608

6000.012888

6000.012606

6000.011625

6000.011053

6000.010214

6000.009981

6000.009429

6000.008165

6000.004136

6000.004808

6000.008487

6000.009955

6000.009935

6000.010144

6000.010186

6000.010935

6000.011201

6000.012036

6000.012066

6000.012800

6000.012639

6000.013415

6000.013217

6000.014097

6000.013865

6000.014724

6000.014332

6000.014954

6000.014299

6000.014543

6000.013729

6000.013701

6000.013143

6000.013223

6000.013497

6000.014153

6000.015756

6000.017605

6000.022317

6000.022317

6000.017605

6000.015756

6000.014153

6000.013497

6000.013223

6000.013143

6000.013701

6000.013729

6000.014543

6000.014299

6000.014954

6000.014332

6000.014724

6000.013865

6000.014097

6000.013217

6000.013415

6000.012639

6000.012800

6000.012066

6000.012036

6000.011201

6000.010935

6000.010186

6000.010144

6000.009935

6000.009955

6000.008487

6000.004808

6000.005190

6000.009154

6000.010125

6000.010216

6000.009628

6000.009753

6000.009596

6000.010240

6000.010196

6000.010937

6000.010747

6000.011541

6000.011294

6000.012247

6000.012019

6000.013095

6000.012807

6000.013803

6000.013287

6000.013938

6000.013088

6000.013228

6000.012167

6000.011894

6000.011060

6000.010826

6000.010993

6000.011806

6000.014385

6000.017506

6000.017506

6000.014385

6000.011806

6000.010993

6000.010826

6000.011060

6000.011894

6000.012167

6000.013228

6000.013088

6000.013938

6000.013287

6000.013803

6000.012807

6000.013095

6000.012019

6000.012247

6000.011294

6000.011541

6000.010747

6000.010937

6000.010196

6000.010240

6000.009596

6000.009753

6000.009628

6000.010216

6000.010125

6000.009154

6000.005190

6000.005942

6000.009453

6000.010619

6000.009993

6000.009543

6000.008721

6000.008852

6000.008473

6000.009029

6000.008692

6000.009392

6000.008996

6000.009878

6000.009514

6000.010628

6000.010305

6000.011542

6000.011129

6000.012236

6000.011554

6000.012243

6000.011213

6000.011321

6000.010115

6000.009798

6000.008981

6000.008979

6000.009743

6000.011738

6000.016986

6000.016986

6000.011738

6000.009743

6000.008979

6000.008981

6000.009798

6000.010115

6000.011321

6000.011213

6000.012243

6000.011554

6000.012236

6000.011129

6000.011542

6000.010305

6000.010628

6000.009514

6000.009878

6000.008996

6000.009392

6000.008692

6000.009029

6000.008473

6000.008852

6000.008721

6000.009543

6000.009993

6000.010619

6000.009453

6000.005942

6000.006353

6000.010093

6000.010593

6000.010166

6000.008818

6000.008290

6000.007351

6000.007510

6000.006885

6000.007380

6000.006760

6000.007462

6000.006848

6000.007823

6000.007284

6000.008531

6000.008028

6000.009394

6000.008785

6000.010004

6000.009149

6000.009954

6000.008843

6000.009135

6000.008051

6000.008146

6000.007845

6000.008797

6000.010726

6000.013431

6000.013431

6000.010726

6000.008797

6000.007845

6000.008146

6000.008051

6000.009135

6000.008843

6000.009954

6000.009149

6000.010004

6000.008785

6000.009394

6000.008028

6000.008531

6000.007284

6000.007823

6000.006848

6000.007462

6000.006760

6000.007380

6000.006885

6000.007510

6000.007351

6000.008290

6000.008818

6000.010166

6000.010593

6000.010093

6000.006353

6000.007100

6000.010246

6000.010947

6000.009675

6000.008649

6000.007078

6000.006668

6000.005611

6000.005794

6000.004897

6000.005365

6000.004457

6000.005190

6000.004321

6000.005381

6000.004590

6000.005944

6000.005176

6000.006669

6000.005828

6000.007235

6000.006278

6000.007414

6000.006463

6000.007355

6000.006815

6000.007920

6000.008534

6000.010697

6000.014305

6000.014305

6000.010697

6000.008534

6000.007920

6000.006815

6000.007355

6000.006463

6000.007414

6000.006278

6000.007235

6000.005828

6000.006669

6000.005176

6000.005944

6000.004590

6000.005381

6000.004321

6000.005190

6000.004457

6000.005365

6000.004897

6000.005794

6000.005611

6000.006668

6000.007078

6000.008649

6000.009675

6000.010947

6000.010246

6000.007100

6000.007416

6000.010755

6000.010654

6000.009694

6000.007674

6000.006641

6000.005036

6000.004789

6000.003563

6000.003769

6000.002579

6000.003052

6000.001836

6000.002616

6000.001432

6000.002567

6000.001434

6000.002892

6000.001796

6000.003474

6000.002435

6000.004220

6000.003365

6000.005216

6000.004818

6000.006868

6000.007286

6000.009794

6000.011194

6000.012420

6000.012420

6000.011194

6000.009794

6000.007286

6000.006868

6000.004818

6000.005216

6000.003365

6000.004220

6000.002435

6000.003474

6000.001796

6000.002892

6000.001434

6000.002567

6000.001432

6000.002616

6000.001836

6000.003052

6000.002579

6000.003769

6000.003563

6000.004789

6000.005036

6000.006641

6000.007674

6000.009694

6000.010654

6000.010755

6000.007416

6000.008041

6000.010663

6000.010817

6000.008909

6000.007414

6000.005235

6000.004448

6000.002817

6000.002717

6000.001266

6000.001510

6000.000004

6000.000515

5999.998948

5999.999784

5999.998199

5999.999405

5999.997843

5999.999440

5999.998001

6000.000020

5999.998933

6000.001447

6000.001069

6000.004189

6000.004832

6000.008559

6000.010058

6000.013604

6000.016261

6000.016261

6000.013604

6000.010058

6000.008559

6000.004832

6000.004189

6000.001069

6000.001447

5999.998933

6000.000020

5999.998001

5999.999440

5999.997843

5999.999405

5999.998199

5999.999784

5999.998948

6000.000515

6000.000004

6000.001510

6000.001266

6000.002717

6000.002817

6000.004448

6000.005235

6000.007414

6000.008909

6000.010817

6000.010663

6000.008041

6000.008140

6000.010951

6000.010209

6000.008767

6000.006185

6000.004812

6000.002692

6000.002203

6000.000481

6000.000514

5999.998797

5999.999107

5999.997254

5999.997825

5999.995834

5999.996721

5999.994631

5999.995918

5999.993859

5999.995705

5999.994007

5999.996678

5999.995894

5999.999707

6000.000394

6000.005454

6000.007595

6000.013180

6000.015386

6000.016418

6000.016418

6000.015386

6000.013180

6000.007595

6000.005454

6000.000394

5999.999707

5999.995894

5999.996678

5999.994007

5999.995705

5999.993859

5999.995918

5999.994631

5999.996721

5999.995834

5999.997825

5999.997254

5999.999107

5999.998797

6000.000514

6000.000481

6000.002203

6000.002692

6000.004812

6000.006185

6000.008767

6000.010209

6000.010951

6000.008140

6000.008536

6000.010529

6000.010147

6000.007681

6000.005857

6000.003222

6000.002239

6000.000183

5999.999974

5999.998092

5999.998266

5999.996247

5999.996653

5999.994391

5999.995023

5999.992492

5999.993420

5999.990705

5999.992132

5999.989581

5999.991936

5999.990282

5999.994188

5999.994391

6000.000348

6000.002918

6000.010540

6000.014335

6000.020987

6000.025147

6000.025147

6000.020987

6000.014335

6000.010540

6000.002918

6000.000348

5999.994391

5999.994188

5999.990282

5999.991936

5999.989581

5999.992132

5999.990705

5999.993420

5999.992492

5999.995023

5999.994391

5999.996653

5999.996247

5999.998266

5999.998092

5999.999974

6000.000183

6000.002239

6000.003222

6000.005857

6000.007681

6000.010147

6000.010529

6000.008536

6000.008323

6000.010526

6000.009189

6000.007388

6000.004389

6000.002854

6000.000379

5999.999838

5999.997773

5999.997829

5999.995732

5999.996073

5999.993697

5999.994206

5999.991419

5999.992083

5999.988855

5999.989825

5999.986408

5999.988161

5999.985339

5999.988767

5999.987883

5999.994031

5999.996378

6000.005561

6000.010869

6000.021136

6000.025946

6000.027695

6000.027695

6000.025946

6000.021136

6000.010869

6000.005561

5999.996378

5999.994031

5999.987883

5999.988767

5999.985339

5999.988161

5999.986408

5999.989825

5999.988855

5999.992083

5999.991419

5999.994206

5999.993697

5999.996073

5999.995732

5999.997829

5999.997773

5999.999838

6000.000379

6000.002854

6000.004389

6000.007388

6000.009189

6000.010526

6000.008323

6000.008402

6000.009709

6000.008880

6000.006003

6000.004033

6000.001107

6000.000118

5999.997796

5999.997679

5999.995528

5999.995854

5999.993486

5999.994003

5999.991162

5999.991736

5999.988245

5999.988893

5999.984808

5999.985916

5999.981891

5999.984461

5999.982035

5999.987627

5999.988894

5999.998787

6000.004833

6000.018145

6000.026339

6000.037393

6000.044516

6000.044516

6000.037393

6000.026339

6000.018145

6000.004833

5999.998787

5999.988894

5999.987627

5999.982035

5999.984461

5999.981891

5999.985916

5999.984808

5999.988893

5999.988245

5999.991736

5999.991162

5999.994003

5999.993486

5999.995854

5999.995528

5999.997679

5999.997796

6000.000118

6000.001107

6000.004033

6000.006003

6000.008880

6000.009709

6000.008402

6000.007807

6000.009362

6000.007555

6000.005585

6000.002355

6000.000856

5999.998188

5999.997787

5999.995537

5999.995827

5999.993519

5999.994122

5999.991385

5999.992038

5999.988549

5999.989101

5999.984678

5999.985303

5999.980306

5999.981902

5999.977763

5999.982186

5999.981541

5999.991062

5999.996538

6000.011868

6000.022886

6000.039888

6000.049084

6000.049947

6000.049947

6000.049084

6000.039888

6000.022886

6000.011868

5999.996538

5999.991062

5999.981541

5999.982186

5999.977763

5999.981902

5999.980306

5999.985303

5999.984678

5999.989101

5999.988549

5999.992038

5999.991385

5999.994122

5999.993519

5999.995827

5999.995537

5999.997787

5999.998188

6000.000856

6000.002355

6000.005585

6000.007555

6000.009362

6000.007807

6000.007503

6000.008113

6000.007000

6000.003926

6000.002031

5999.998999

5999.998194

5999.995756

5999.995920

5999.993652

5999.994342

5999.991784

5999.992628

5999.989346

5999.990029

5999.985621

5999.986049

5999.980487

5999.981250

5999.975560

5999.978463

5999.975336

5999.983358

5999.986666

6000.002336

6000.014222

6000.035851

6000.051333

6000.068051

6000.079103

6000.079103

6000.068051

6000.051333

6000.035851

6000.014222

6000.002336

5999.986666

5999.983358

5999.975336

5999.978463

5999.975560

5999.981250

5999.980487

5999.986049

5999.985621

5999.990029

5999.989346

5999.992628

5999.991784

5999.994342

5999.993652

5999.995920

5999.995756

5999.998194

5999.998999

6000.002031

6000.003926

6000.007000

6000.008113

6000.007503

6000.006486

6000.007396

6000.005314

6000.003428

6000.000195

5999.998944

5999.996243

5999.996156

5999.993852

5999.994557

5999.992172

5999.993229

5999.990261

5999.991235

5999.987125

5999.987663

5999.982003

5999.982258

5999.975462

5999.976821

5999.971078

5999.976682

5999.976354

5999.990252

6000.000040

6000.023708

6000.043114

6000.069584

6000.086059

6000.085315

6000.085315

6000.086059

6000.069584

6000.043114

6000.023708

6000.000040

5999.990252

5999.976354

5999.976682

5999.971078

5999.976821

5999.975462

5999.982258

5999.982003

5999.987663

5999.987125

5999.991235

5999.990261

5999.993229

5999.992172

5999.994557

5999.993852

5999.996156

5999.996243

5999.998944

6000.000195

6000.003428

6000.005314

6000.007396

6000.006486

6000.005759

6000.005705

6000.004535

6000.001539

5999.999977

5999.997036

5999.996598

5999.994171

5999.994772

5999.992490

5999.993701

5999.991051

5999.992374

5999.988720

5999.989611

5999.984258

5999.984413

5999.977110

5999.977221

5999.969212

5999.971923

5999.967073

5999.977133

5999.981625

6000.003537

6000.021763

6000.053864

6000.079738

6000.106180

6000.128468

6000.128468

6000.106180

6000.079738

6000.053864

6000.021763

6000.003537

5999.981625

5999.977133

5999.967073

5999.971923

5999.969212

5999.977221

5999.977110

5999.984413

5999.984258

5999.989611

5999.988720

5999.992374

5999.991051

5999.993701

5999.992490

5999.994772

5999.994171

5999.996598

5999.997036

5999.999977

6000.001539

6000.004535

6000.005705

6000.005759

6000.004308

6000.004618

6000.002523

6000.001020

5999.998045

5999.997261

5999.994677

5999.995053

5999.992783

5999.994027

5999.991624

5999.993253

5999.990084

5999.991453

5999.986668

5999.987103

5999.979888

5999.979278

5999.969734

5999.969651

5999.960264

5999.965025

5999.961790

5999.977802

5999.988644

6000.019940

6000.047573

6000.087407

6000.118302

6000.124751

6000.124751

6000.118302

6000.087407

6000.047573

6000.019940

5999.988644

5999.977802

5999.961790

5999.965025

5999.960264

5999.969651

5999.969734

5999.979278

5999.979888

5999.987103

5999.986668

5999.991453

5999.990084

5999.993253

5999.991624

5999.994027

5999.992783

5999.995053

5999.994677

5999.997261

5999.998045

6000.001020

6000.002523

6000.004618

6000.004308

6000.003152

6000.002513

6000.001564

5999.998962

5999.998010

5999.995364

5999.995459

5999.993139

5999.994281

5999.992021

5999.993831

5999.991077

5999.992919

5999.988792

5999.989772

5999.983099

5999.982380

5999.972202

5999.969974

5999.956885

5999.955927

5999.944068

5999.950833

5999.948979

5999.971841

5999.990174

6000.032551

6000.071625

6000.119738

6000.175452

6000.175452

6000.119738

6000.071625

6000.032551

5999.990174

5999.971841

5999.948979

5999.950833

5999.944068

5999.955927

5999.956885

5999.969974

5999.972202

5999.982380

5999.983099

5999.989772

5999.988792

5999.992919

5999.991077

5999.993831

5999.992021

5999.994281

5999.993139

5999.995459

5999.995364

5999.998010

5999.998962

6000.001564

6000.002513

6000.003152

6000.001294

6000.001091

5999.999284

5999.998489

5999.996049

5999.995941

5999.993609

5999.994552

5999.992348

5999.994183

5999.991719

5999.993921

5999.990402

5999.992025

5999.986139

5999.985851

5999.975868

5999.972505

5999.957118

5999.951191

5999.931566

5999.927543

5999.910292

5999.917989

5999.916635

5999.948328

5999.977888

6000.037966

6000.097895

6000.136963

6000.136963

6000.097895

6000.037966

5999.977888

5999.948328

5999.916635

5999.917989

5999.910292

5999.927543

5999.931566

5999.951191

5999.957118

5999.972505

5999.975868

5999.985851

5999.986139

5999.992025

5999.990402

5999.993921

5999.991719

5999.994183

5999.992348

5999.994552

5999.993609

5999.995941

5999.996049

5999.998489

5999.999284

6000.001091

6000.001294

5999.999738

5999.998635

5999.998207

5999.996331

5999.996258

5999.994103

5999.994860

5999.992705

5999.994427

5999.992135

5999.994517

5999.991473

5999.993675

5999.988616

5999.989099

5999.979901

5999.976487

5999.960346

5999.951145

5999.925991

5999.911946

5999.879963

5999.868740

5999.841527

5999.849971

5999.851044

5999.900346

5999.954349

6000.048581

6000.177513

6000.177513

6000.048581

5999.954349

5999.900346

5999.851044

5999.849971

5999.841527

5999.868740

5999.879963

5999.911946

5999.925991

5999.951145

5999.960346

5999.976487

5999.979901

5999.989099

5999.988616

5999.993675

5999.991473

5999.994517

5999.992135

5999.994427

5999.992705

5999.994860

5999.994103

5999.996258

5999.996331

5999.998207

5999.998635

5999.999738

5999.997541

5999.996947

5999.995738

5999.995963

5999.994320

5999.995065

5999.993087

5999.994644

5999.992471

5999.994848

5999.992132

5999.994728

5999.990393

5999.991738

5999.983615

5999.981014

5999.965430

5999.955070

5999.927253

5999.906024

5999.862900

5999.833262

5999.780154

5999.757388

5999.717334

5999.733435

5999.749637

5999.841123

5999.951098

6000.068470

6000.068470

5999.951098

5999.841123

5999.749637

5999.733435

5999.717334

5999.757388

5999.780154

5999.833262

5999.862900

5999.906024

5999.927253

5999.955070

5999.965430

5999.981014

5999.983615

5999.991738

5999.990393

5999.994728

5999.992132

5999.994848

5999.992471

5999.994644

5999.993087

5999.995065

5999.994320

5999.995963

5999.995738

5999.996947

5999.997541

5999.995658

5999.994237

5999.994615

5999.993770

5999.994803

5999.993299

5999.994793

5999.992804

5999.995053

5999.992566

5999.995324

5999.991556

5999.993629

5999.986612

5999.985294

5999.971120

5999.961531

5999.933757

5999.909343

5999.860276

5999.816885

5999.743588

5999.689152

5999.606111

5999.573262

5999.527195

5999.575534

5999.640762

5999.818923

6000.077579

6000.077579

5999.818923

5999.640762

5999.575534

5999.527195

5999.573262

5999.606111

5999.689152

5999.743588

5999.816885

5999.860276

5999.909343

5999.933757

5999.961531

5999.971120

5999.985294

5999.986612

5999.993629

5999.991556

5999.995324

5999.992566

5999.995053

5999.992804

5999.994793

5999.993299

5999.994803

5999.993770

5999.994615

5999.994237

5999.995658

5999.993224

5999.992382

5999.992051

5999.993547

5999.992914

5999.994622

5999.993051

5999.995184

5999.992926

5999.995649

5999.992310

5999.994847

5999.988819

5999.988825

5999.976446

5999.968897

5999.943170

5999.919500

5999.869737

5999.819864

5999.735523

5999.656855

5999.539737

5999.454941

5999.340516

5999.315486

5999.291314

5999.425321

5999.605931

5999.880689

5999.880689

5999.605931

5999.425321

5999.291314

5999.315486

5999.340516

5999.454941

5999.539737

5999.656855

5999.735523

5999.819864

5999.869737

5999.919500

5999.943170

5999.968897

5999.976446

5999.988825

5999.988819

5999.994847

5999.992310

5999.995649

5999.992926

5999.995184

5999.993051

5999.994622

5999.992914

5999.993547

5999.992051

5999.992382

5999.993224

5999.991125

5999.989546

5999.990956

5999.991372

5999.993649

5999.992898

5999.995114

5999.993236

5999.995835

5999.992871

5999.995590

5999.990395

5999.991459

5999.980905

5999.975847

5999.953285

5999.933172

5999.886825

5999.837953

5999.752169

5999.662000

5999.526441

5999.401197

5999.232119

5999.124774

5998.995510

5999.024953

5999.083882

5999.393592

5999.864678

5999.864678

5999.393592

5999.083882

5999.024953

5998.995510

5999.124774

5999.232119

5999.401197

5999.526441

5999.662000

5999.752169

5999.837953

5999.886825

5999.933172

5999.953285

5999.975847

5999.980905

5999.991459

5999.990395

5999.995590

5999.992871

5999.995835

5999.993236

5999.995114

5999.992898

5999.993649

5999.991372

5999.990956

5999.989546

5999.991125

5999.988586

5999.987648

5999.988394

5999.991305

5999.991803

5999.994482

5999.993315

5999.995877

5999.993352

5999.996055

5999.991584

5999.993318

5999.984436

5999.981650

5999.962603

5999.947290

5999.906815

5999.864480

5999.784913

5999.696713

5999.559385

5999.415328

5999.217807

5999.045473

5998.831843

5998.733803

5998.634549

5998.807067

5999.071365

5999.657296

5999.657296

5999.071365

5998.807067

5998.634549

5998.733803

5998.831843

5999.045473

5999.217807

5999.415328

5999.559385

5999.696713

5999.784913

5999.864480

5999.906815

5999.947290

5999.962603

5999.981650

5999.984436

5999.993318

5999.991584

5999.996055

5999.993352

5999.995877

5999.993315

5999.994482

5999.991803

5999.991305

5999.988394

5999.987648

5999.988586

5999.986420

5999.984830

5999.987398

5999.989183

5999.992716

5999.992737

5999.995558

5999.993693

5999.996339

5999.992571

5999.994631

5999.987233

5999.986157

5999.970481

5999.959834

5999.926128

5999.892891

5999.824145

5999.747860

5999.621891

5999.482128

5999.283856

5999.082715

5998.828454

5998.628409

5998.401072

5998.375838

5998.396336

5998.879963

5999.699155

5999.699155

5998.879963

5998.396336

5998.375838

5998.401072

5998.628409

5998.828454

5999.082715

5999.283856

5999.482128

5999.621891

5999.747860

5999.824145

5999.892891

5999.926128

5999.959834

5999.970481

5999.986157

5999.987233

5999.994631

5999.992571

5999.996339

5999.993693

5999.995558

5999.992737

5999.992716

5999.989183

5999.987398

5999.984830

5999.986420

5999.983925

5999.983030

5999.984932

5999.989254

5999.990886

5999.994429

5999.993611

5999.996361

5999.993389

5999.995586

5999.989526

5999.989570

5999.976906

5999.970013

5999.942876

5999.918626

5999.862332

5999.802388

5999.695335

5999.576304

5999.397960

5999.206173

5998.955787

5998.714719

5998.433534

5998.246110

5998.063313

5998.225577

5998.580425

5999.760777

5999.760777

5998.580425

5998.225577

5998.063313

5998.246110

5998.433534

5998.714719

5998.955787

5999.206173

5999.397960

5999.576304

5999.695335

5999.802388

5999.862332

5999.918626

5999.942876

5999.970013

5999.976906

5999.989570

5999.989526

5999.995586

5999.993389

5999.996361

5999.993611

5999.994429

5999.990886

5999.989254

5999.984932

5999.983030

5999.983925

5999.981864

5999.980383

5999.984103

5999.987211

5999.991873

5999.992601

5999.995827

5999.993881

5999.996214

5999.991428

5999.992170

5999.982127

5999.977923

5999.956590

5999.939685

5999.895329

5999.851268

5999.765387

5999.673488

5999.525752

5999.368094

5999.151153

5998.930958

5998.666810

5998.424486

5998.170177

5998.049167

5998.026165

5998.660114

6000.012510

6000.012510

5998.660114

5998.026165

5998.049167

5998.170177

5998.424486

5998.666810

5998.930958

5999.151153

5999.368094

5999.525752

5999.673488

5999.765387

5999.851268

5999.895329

5999.939685

5999.956590

5999.977923

5999.982127

5999.992170

5999.991428

5999.996214

5999.993881

5999.995827

5999.992601

5999.991873

5999.987211

5999.984103

5999.980383

5999.981864

5999.979566

5999.978834

5999.981826

5999.987393

5999.990033

5999.994235

5999.993689

5999.996363

5999.992876

5999.994117

5999.986358

5999.984008

5999.967569

5999.956035

5999.921985

5999.890670

5999.824486

5999.757782

5999.642568

5999.525966

5999.354440

5999.188133

5998.978278

5998.784057

5998.575813

5998.375552

5998.226469

5998.266726

5998.743927

6000.858763

6000.858763

5998.743927

5998.266726

5998.226469

5998.375552

5998.575813

5998.784057

5998.978278

5999.188133

5999.354440

5999.525966

5999.642568

5999.757782

5999.824486

5999.890670

5999.921985

5999.956035

5999.967569

5999.984008

5999.986358

5999.994117

5999.992876

5999.996363

5999.993689

5999.994235

5999.990033

5999.987393

5999.981826

5999.978834

5999.979566

5999.977799

5999.976508

5999.981233

5999.985459

5999.990994

5999.992297

5999.995699

5999.993651

5999.995389

5999.989655

5999.988649

5999.976262

5999.968530

5999.942877

5999.920739

5999.870945

5999.823443

5999.736953

5999.655303

5999.528070

5999.417912

5999.269725

5999.158640

5999.034400

5998.945203

5998.890168

5998.758630

5998.882366

5999.445968

6001.337996

6001.337996

5999.445968

5998.882366

5998.758630

5998.890168

5998.945203

5999.034400

5999.158640

5999.269725

5999.417912

5999.528070

5999.655303

5999.736953

5999.823443

5999.870945

5999.920739

5999.942877

5999.968530

5999.976262

5999.988649

5999.989655

5999.995389

5999.993651

5999.995699

5999.992297

5999.990994

5999.985459

5999.981233

5999.976508

5999.977799

5999.975853

5999.975365

5999.979240

5999.985740

5999.989147

5999.993746

5999.993408

5999.995812

5999.991930

5999.992011

5999.982963

5999.978037

5999.959060

5999.943385

5999.906397

5999.872022

5999.808045

5999.750307

5999.658813

5999.589335

5999.493710

5999.451384

5999.402713

5999.436564

5999.492866

5999.615808

5999.886446

5999.866106

6000.713850

6003.565696

6003.565696

6000.713850

5999.866106

5999.886446

5999.615808

5999.492866

5999.436564

5999.402713

5999.451384

5999.493710

5999.589335

5999.658813

5999.750307

5999.808045

5999.872022

5999.906397

5999.943385

5999.959060

5999.978037

5999.982963

5999.992011

5999.991930

5999.995812

5999.993408

5999.993746

5999.989147

5999.985740

5999.979240

5999.975365

5999.975853

5999.974572

5999.973505

5999.978962

5999.983961

5999.990023

5999.991721

5999.995102

5999.993022

5999.994086

5999.987787

5999.985070

5999.971367

5999.960512

5999.933321

5999.907928

5999.860454

5999.817138

5999.750538

5999.702621

5999.642775

5999.636969

5999.642273

5999.748292

5999.879799

6000.152647

6000.497329

6001.084642

6002.143924

6002.394438

6003.828309

6003.828309

6002.394438

6002.143924

6001.084642

6000.497329

6000.152647

5999.879799

5999.748292

5999.642273

5999.636969

5999.642775

5999.702621

5999.750538

5999.817138

5999.860454

5999.907928

5999.933321

5999.960512

5999.971367

5999.985070

5999.987787

5999.994086

5999.993022

5999.995102

5999.991721

5999.990023

5999.983961

5999.978962

5999.973505

5999.974572

5999.973125

5999.972919

5999.977346

5999.984355

5999.988198

5999.992917

5999.992730

5999.994800

5999.990789

5999.989863

5999.980299

5999.973294

5999.953640

5999.935066

5999.899628

5999.865441

5999.814667

5999.774841

5999.732857

5999.733212

5999.764646

5999.890596

6000.071705

6000.392188

6000.758056

6001.384229

6002.243830

6004.022636

6006.618938

6007.929799

6007.929799

6006.618938

6004.022636

6002.243830

6001.384229

6000.758056

6000.392188

6000.071705

5999.890596

5999.764646

5999.733212

5999.732857

5999.774841

5999.814667

5999.865441

5999.899628

5999.935066

5999.953640

5999.973294

5999.980299

5999.989863

5999.990789

5999.994800

5999.992730

5999.992917

5999.988198

5999.984355

5999.977346

5999.972919

5999.973125

5999.972512

5999.971650

5999.977464

5999.982785

5999.988972

5999.990840

5999.994057

5999.992041

5999.992573

5999.986212

5999.982316

5999.968495

5999.955635

5999.929367

5999.902519

5999.862177

5999.825357

5999.788401

5999.777220

5999.805599

5999.909039

6000.104422

6000.423538

6000.829618

6001.396044

6002.080958

6003.328332

6005.255215

6008.802518

6007.476394

6007.476394

6008.802518

6005.255215

6003.328332

6002.080958

6001.396044

6000.829618

6000.423538

6000.104422

5999.909039

5999.805599

5999.777220

5999.788401

5999.825357

5999.862177

5999.902519

5999.929367

5999.955635

5999.968495

5999.982316

5999.986212

5999.992573

5999.992041

5999.994057

5999.990840

5999.988972

5999.982785

5999.977464

5999.971650

5999.972512

5999.971696

5999.971746

5999.976303

5999.983324

5999.987204

5999.991759

5999.991633

5999.993395

5999.989500

5999.987996

5999.978624

5999.970577

5999.951590

5999.931746

5999.899603

5999.866576

5999.829852

5999.804422

5999.810629

5999.867611

6000.028170

6000.297898

6000.724666

6001.275121

6001.936093

6002.843117

6004.208200

6006.447705

6009.630121

6008.559391

6008.559391

6009.630121

6006.447705

6004.208200

6002.843117

6001.936093

6001.275121

6000.724666

6000.297898

6000.028170

5999.867611

5999.810629

5999.804422

5999.829852

5999.866576

5999.899603

5999.931746

5999.951590

5999.970577

5999.978624

5999.987996

5999.989500

5999.993395

5999.991633

5999.991759

5999.987204

5999.983324

5999.976303

5999.971746

5999.971696

5999.971892

5999.971157

5999.976877

5999.982004

5999.987878

5999.989639

5999.992555

5999.990623

5999.990848

5999.984766

5999.980484

5999.967260

5999.953948

5999.929225

5999.902452

5999.867247

5999.834452

5999.816161

5999.826573

5999.917566

6000.097798

6000.462020

6000.965870

6001.672119

6002.505147

6003.493507

6005.080342

6007.249414

6008.663361

6002.015430

6002.015430

6008.663361

6007.249414

6005.080342

6003.493507

6002.505147

6001.672119

6000.965870

6000.462020

6000.097798

5999.917566

5999.826573

5999.816161

5999.834452

5999.867247

5999.902452

5999.929225

5999.953948

5999.967260

5999.980484

5999.984766

5999.990848

5999.990623

5999.992555

5999.989639

5999.987878

5999.982004

5999.976877

5999.971157

5999.971892

5999.971796

5999.971998

5999.976214

5999.982702

5999.986179

5999.990258

5999.990025

5999.991486

5999.987781

5999.986147

5999.977292

5999.969393

5999.951368

5999.932141

5999.901613

5999.870106

5999.837012

5999.817236

5999.838609

5999.923397

6000.151336

6000.529753

6001.168516

6001.980483

6002.961531

6004.169735

6005.269276

6007.128259

6003.669249

6001.955535

6001.955535

6003.669249

6007.128259

6005.269276

6004.169735

6002.961531

6001.980483

6001.168516

6000.529753

6000.151336

5999.923397

5999.838609

5999.817236

5999.837012

5999.870106

5999.901613

5999.932141

5999.951368

5999.969393

5999.977292

5999.986147

5999.987781

5999.991486

5999.990025

5999.990258

5999.986179

5999.982702

5999.976214

5999.971998

5999.971796

5999.972853

5999.972113

5999.977247

5999.981645

5999.986740

5999.988069

5999.990498

5999.988545

5999.988593

5999.982864

5999.978872

5999.966408

5999.954195

5999.930340

5999.905541

5999.869647

5999.839011

5999.815564

5999.830904

5999.919115

6000.135974

6000.557704

6001.226812

6002.172551

6003.305145

6004.339207

6005.605451

6004.725510

6003.590151

6000.677197

6000.677197

6003.590151

6004.725510

6005.605451

6004.339207

6003.305145

6002.172551

6001.226812

6000.557704

6000.135974

5999.919115

5999.830904

5999.815564

5999.839011

5999.869647

5999.905541

5999.930340

5999.954195

5999.966408

5999.978872

5999.982864

5999.988593

5999.988545

5999.990498

5999.988069

5999.986740

5999.981645

5999.977247

5999.972113

5999.972853

5999.973484

5999.973663

5999.977067

5999.982478

5999.985103

5999.988365

5999.987798

5999.988862

5999.985279

5999.983751

5999.975471

5999.968610

5999.951509

5999.934733

5999.903971

5999.875611

5999.835421

5999.816362

5999.812745

5999.897742

6000.083652

6000.506903

6001.159190

6002.174861

6003.314775

6004.467706

6005.046708

6004.615100

6002.596554

6000.394645

6000.394645

6002.596554

6004.615100

6005.046708

6004.467706

6003.314775

6002.174861

6001.159190

6000.506903

6000.083652

5999.897742

5999.812745

5999.816362

5999.835421

5999.875611

5999.903971

5999.934733

5999.951509

5999.968610

5999.975471

5999.983751

5999.985279

5999.988862

5999.987798

5999.988365

5999.985103

5999.982478

5999.977067

5999.973663

5999.973484

5999.975313

5999.974415

5999.978489

5999.981665

5999.985529

5999.986106

5999.987812

5999.985698

5999.985544

5999.980164

5999.976792

5999.965265

5999.955221

5999.932386

5999.911587

5999.873069

5999.845623

5999.803638

5999.813359

5999.843024

6000.042083

6000.349875

6001.035768

6001.873251

6003.124920

6004.129153

6004.730981

6005.227193

6002.339306

6000.404733

6000.404733

6002.339306

6005.227193

6004.730981

6004.129153

6003.124920

6001.873251

6001.035768

6000.349875

6000.042083

5999.843024

5999.813359

5999.803638

5999.845623

5999.873069

5999.911587

5999.932386

5999.955221

5999.965265

5999.976792

5999.980164

5999.985544

5999.985698

5999.987812

5999.986106

5999.985529

5999.981665

5999.978489

5999.974415

5999.975313

5999.976537

5999.976514

5999.978723

5999.982580

5999.983973

5999.986096

5999.985009

5999.985540

5999.982057

5999.980677

5999.973184

5999.967766

5999.952317

5999.939165

5999.909757

5999.886566

5999.840542

5999.821348

5999.783298

5999.843476

5999.921927

6000.269186

6000.691394

6001.601806

6002.437226

6003.646252

6004.158573

6004.847782

6005.886385

5999.835399

5999.835399

6005.886385

6004.847782

6004.158573

6003.646252

6002.437226

6001.601806

6000.691394

6000.269186

5999.921927

5999.843476

5999.783298

5999.821348

5999.840542

5999.886566

5999.909757

5999.939165

5999.952317

5999.967766

5999.973184

5999.980677

5999.982057

5999.985540

5999.985009

5999.986096

5999.983973

5999.982580

5999.978723

5999.976514

5999.976537

5999.978851

5999.977731

5999.980403

5999.982004

5999.984283

5999.983889

5999.984695

5999.982398

5999.982005

5999.977189

5999.974545

5999.964686

5999.957226

5999.937500

5999.921780

5999.885874

5999.862930

5999.812314

5999.810111

5999.786633

5999.912934

6000.051384

6000.529503

6001.002840

6001.955756

6002.511075

6003.516207

6002.998274

6005.187626

6007.285864

6007.285864

6005.187626

6002.998274

6003.516207

6002.511075

6001.955756

6001.002840

6000.529503

6000.051384

5999.912934

5999.786633

5999.810111

5999.812314

5999.862930

5999.885874

5999.921780

5999.937500

5999.957226

5999.964686

5999.974545

5999.977189

5999.982005

5999.982398

5999.984695

5999.983889

5999.984283

5999.982004

5999.980403

5999.977731

5999.978851

5999.980345

5999.980104

5999.980956

5999.982980

5999.982934

5999.983736

5999.982106

5999.982075

5999.978910

5999.977750

5999.971665

5999.967819

5999.955647

5999.946358

5999.922695

5999.905143

5999.864566

5999.844395

5999.796074

5999.815729

5999.821080

6000.003457

6000.199104

6000.704129

6001.129794

6001.836951

6001.918740

6002.185805

5999.945405

5996.244784

5996.244784

5999.945405

6002.185805

6001.918740

6001.836951

6001.129794

6000.704129

6000.199104

6000.003457

5999.821080

5999.815729

5999.796074

5999.844395

5999.864566

5999.905143

5999.922695

5999.946358

5999.955647

5999.967819

5999.971665

5999.977750

5999.978910

5999.982075

5999.982106

5999.983736

5999.982934

5999.982980

5999.980956

5999.980104

5999.980345

5999.982644

5999.981520

5999.982761

5999.982714

5999.983292

5999.981920

5999.981830

5999.979556

5999.979049

5999.975313

5999.973539

5999.966467

5999.961577

5999.947622

5999.936624

5999.910302

5999.890943

5999.849574

5999.831783

5999.795524

5999.829231

5999.874439

6000.060345

6000.292638

6000.645522

6000.969531

6001.041988

6000.894075

5999.150243

6000.721708

6000.721708

5999.150243

6000.894075

6001.041988

6000.969531

6000.645522

6000.292638

6000.060345

5999.874439

5999.829231

5999.795524

5999.831783

5999.849574

5999.890943

5999.910302

5999.936624

5999.947622

5999.961577

5999.966467

5999.973539

5999.975313

5999.979049

5999.979556

5999.981830

5999.981920

5999.983292

5999.982714

5999.982761

5999.981520

5999.982644

5999.983886

5999.983820

5999.983571

5999.983854

5999.982467

5999.982030

5999.980061

5999.979639

5999.977202

5999.976472

5999.972540

5999.970314

5999.962813

5999.956868

5999.942045

5999.928642

5999.901530

5999.878058

5999.840437

5999.817952

5999.801065

5999.822151

5999.904253

6000.008051

6000.245235

6000.276805

6000.542901

5999.930412

6000.349816

6000.858404

6000.858404

6000.349816

5999.930412

6000.542901

6000.276805

6000.245235

6000.008051

5999.904253

5999.822151

5999.801065

5999.817952

5999.840437

5999.878058

5999.901530

5999.928642

5999.942045

5999.956868

5999.962813

5999.970314

5999.972540

5999.976472

5999.977202

5999.979639

5999.980061

5999.982030

5999.982467

5999.983854

5999.983571

5999.983820

5999.983886

5999.985482

5999.985132

5999.985446

5999.984118

5999.983267

5999.981200

5999.980452

5999.978528

5999.978123

5999.975916

5999.975110

5999.971446

5999.968737

5999.961433

5999.953711

5999.938776

5999.920487

5999.893783

5999.860100

5999.828036

5999.786014

5999.785795

5999.757424

5999.853079

5999.815957

6000.018422

5999.826458

6000.047165

6000.347598

6000.530322

6000.530322

6000.347598

6000.047165

5999.826458

6000.018422

5999.815957

5999.853079

5999.757424

5999.785795

5999.786014

5999.828036

5999.860100

5999.893783

5999.920487

5999.938776

5999.953711

5999.961433

5999.968737

5999.971446

5999.975110

5999.975916

5999.978123

5999.978528

5999.980452

5999.981200

5999.983267

5999.984118

5999.985446

5999.985132

5999.985482

5999.985808

5999.987024

5999.986528

5999.985707

5999.983491

5999.982226

5999.980257

5999.979648

5999.978143

5999.977856

5999.976175

5999.975218

5999.972177

5999.968396

5999.961491

5999.950008

5999.934675

5999.906857

5999.879428

5999.826682

5999.796277

5999.719766

5999.721712

5999.630591

5999.705799

5999.603918

5999.733379

5999.867723

6000.017213

6000.237487

6000.237487

6000.017213

5999.867723

5999.733379

5999.603918

5999.705799

5999.630591

5999.721712

5999.719766

5999.796277

5999.826682

5999.879428

5999.906857

5999.934675

5999.950008

5999.961491

5999.968396

5999.972177

5999.975218

5999.976175

5999.977856

5999.978143

5999.979648

5999.980257

5999.982226

5999.983491

5999.985707

5999.986528

5999.987024

5999.985808

5999.985919

5999.987961

5999.988553

5999.986838

5999.985304

5999.983068

5999.981950

5999.980434

5999.979990

5999.979000

5999.978655

5999.977591

5999.975980

5999.973472

5999.967223

5999.960017

5999.941695

5999.924135

5999.881699

5999.849937

5999.772746

5999.736508

5999.628666

5999.617635

5999.513715

5999.551982

5999.581001

5999.668018

5999.857297

5999.915239

5999.915239

5999.857297

5999.668018

5999.581001

5999.551982

5999.513715

5999.617635

5999.628666

5999.736508

5999.772746

5999.849937

5999.881699

5999.924135

5999.941695

5999.960017

5999.967223

5999.973472

5999.975980

5999.977591

5999.978655

5999.979000

5999.979990

5999.980434

5999.981950

5999.983068

5999.985304

5999.986838

5999.988553

5999.987961

5999.985919

5999.984622

5999.989259

5999.989992

5999.989271

5999.987074

5999.985513

5999.983630

5999.982600

5999.981424

5999.980838

5999.980209

5999.979323

5999.978599

5999.975390

5999.972727

5999.962251

5999.953296

5999.925726

5999.903618

5999.845749

5999.806760

5999.713138

5999.668002

5999.562999

5999.538482

5999.503399

5999.524379

5999.624780

5999.671585

5999.758620

5999.758620

5999.671585

5999.624780

5999.524379

5999.503399

5999.538482

5999.562999

5999.668002

5999.713138

5999.806760

5999.845749

5999.903618

5999.925726

5999.953296

5999.962251

5999.972727

5999.975390

5999.978599

5999.979323

5999.980209

5999.980838

5999.981424

5999.982600

5999.983630

5999.985513

5999.987074

5999.989271

5999.989992

5999.989259

5999.984622

5999.982267

5999.989719

5999.992498

5999.991511

5999.990114

5999.987924

5999.986228

5999.984408

5999.983049

5999.981887

5999.980682

5999.980028

5999.977957

5999.976999

5999.971365

5999.967713

5999.952459

5999.940862

5999.905704

5999.878999

5999.814566

5999.770731

5999.685175

5999.637252

5999.577377

5999.551798

5999.578940

5999.588425

5999.667093

5999.680192

5999.680192

5999.667093

5999.588425

5999.578940

5999.551798

5999.577377

5999.637252

5999.685175

5999.770731

5999.814566

5999.878999

5999.905704

5999.940862

5999.952459

5999.967713

5999.971365

5999.976999

5999.977957

5999.980028

5999.980682

5999.981887

5999.983049

5999.984408

5999.986228

5999.987924

5999.990114

5999.991511

5999.992498

5999.989719

5999.982267

5999.978409

5999.990992

5999.994560

5999.994740

5999.992550

5999.990481

5999.988018

5999.985812

5999.983731

5999.981670

5999.980163

5999.977937

5999.976831

5999.973330

5999.971789

5999.964275

5999.959766

5999.942636

5999.929885

5999.895540

5999.868321

5999.815180

5999.773433

5999.721150

5999.678111

5999.666956

5999.642200

5999.682470

5999.678364

5999.708239

5999.708239

5999.678364

5999.682470

5999.642200

5999.666956

5999.678111

5999.721150

5999.773433

5999.815180

5999.868321

5999.895540

5999.929885

5999.942636

5999.959766

5999.964275

5999.971789

5999.973330

5999.976831

5999.977937

5999.980163

5999.981670

5999.983731

5999.985812

5999.988018

5999.990481

5999.992550

5999.994740

5999.994560

5999.990992

5999.978409

5999.970350

5999.992191

5999.998169

5999.995598

5999.993586

5999.990910

5999.988374

5999.985712

5999.982968

5999.980531

5999.977689

5999.975639

5999.972548

5999.970969

5999.967094

5999.965577

5999.959347

5999.955852

5999.943942

5999.933639

5999.912498

5999.889145

5999.861635

5999.823496

5999.805210

5999.761298

5999.768007

5999.734521

5999.753688

5999.741681

5999.741681

5999.753688

5999.734521

5999.768007

5999.761298

5999.805210

5999.823496

5999.861635

5999.889145

5999.912498

5999.933639

5999.943942

5999.955852

5999.959347

5999.965577

5999.967094

5999.970969

5999.972548

5999.975639

5999.977689

5999.980531

5999.982968

5999.985712

5999.988374

5999.990910

5999.993586

5999.995598

5999.998169

5999.992191

5999.970350

5999.964919

5999.999619

5999.992843

5999.991360

5999.989707

5999.988164

5999.986234

5999.983912

5999.981495

5999.978621

5999.976012

5999.972932

5999.970638

5999.967964

5999.966674

5999.965231

5999.965190

5999.965353

5999.964558

5999.964852

5999.956476

5999.952859

5999.925319

5999.913911

5999.859321

5999.841798

5999.771414

5999.755738

5999.703939

5999.697823

5999.697823

5999.703939

5999.755738

5999.771414

5999.841798

5999.859321

5999.913911

5999.925319

5999.952859

5999.956476

5999.964852

5999.964558

5999.965353

5999.965190

5999.965231

5999.966674

5999.967964

5999.970638

5999.972932

5999.976012

5999.978621

5999.981495

5999.983912

5999.986234

5999.988164

5999.989707

5999.991360

5999.992843

5999.999619

5999.964919

5999.931228

5999.965062

5999.970046

5999.977517

5999.980389

5999.982228

5999.982581

5999.982263

5999.981076

5999.979476

5999.977473

5999.975344

5999.973627

5999.971967

5999.972272

5999.972074

5999.976485

5999.977167

5999.986115

5999.981343

5999.988833

5999.961053

5999.950355

5999.873824

5999.825161

5999.692130

5999.609822

5999.467126

5999.398491

5999.334992

5999.334992

5999.398491

5999.467126

5999.609822

5999.692130

5999.825161

5999.873824

5999.950355

5999.961053

5999.988833

5999.981343

5999.986115

5999.977167

5999.976485

5999.972074

5999.972272

5999.971967

5999.973627

5999.975344

5999.977473

5999.979476

5999.981076

5999.982263

5999.982581

5999.982228

5999.980389

5999.977517

5999.970046

5999.965062

5999.931228

