AXIS X

0.000000 0.000500 0.001000 0.001500 0.002000 0.002500 0.003000 0.003500 0.004000 0.004500 0.005000 0.005500 0.006000 0.006500 0.007000 0.007500 0.008000 0.008500 0.009000 0.009500 0.010000 0.010500 0.011000 0.011500 0.012000 0.012500 0.013000 0.013500 0.014000 0.014500 0.015000 0.015500 0.016000 0.016500 0.017000 0.017500 0.018000 0.018500 0.019000 0.019500 0.020000 0.020500 0.021000 0.021500 0.022000 0.022500 0.023000 0.023500 0.024000 0.024500 0.025000 0.025500 0.026000 0.026500 0.027000 0.027500 0.028000 0.028500 0.029000 0.029500 

AXIS Y

0.000000 0.000500 0.001000 0.001500 0.002000 0.002500 0.003000 0.003500 0.004000 0.004500 0.005000 0.005500 0.006000 0.006500 0.007000 0.007500 0.008000 0.008500 0.009000 0.009500 0.010000 0.010500 0.011000 0.011500 0.012000 0.012500 0.013000 0.013500 0.014000 0.014500 0.015000 0.015500 0.016000 0.016500 0.017000 0.017500 0.018000 0.018500 0.019000 0.019500 0.020000 0.020500 0.021000 0.021500 0.022000 0.022500 0.023000 0.023500 0.024000 0.024500 0.025000 0.025500 0.026000 0.026500 0.027000 0.027500 0.028000 0.028500 0.029000 0.029500 



DATA
20734.509400

20734.510306

20734.510479

20734.510718

20734.510818

20734.510925

20734.511015

20734.511144

20734.511289

20734.511482

20734.511704

20734.511977

20734.512292

20734.512668

20734.513106

20734.513618

20734.514217

20734.514902

20734.515692

20734.516562

20734.517535

20734.518545

20734.519619

20734.520631

20734.521616

20734.522368

20734.522959

20734.523029

20734.522932

20734.521406

20734.521406

20734.522932

20734.523029

20734.522959

20734.522368

20734.521616

20734.520631

20734.519619

20734.518545

20734.517535

20734.516562

20734.515692

20734.514902

20734.514217

20734.513618

20734.513106

20734.512668

20734.512292

20734.511977

20734.511704

20734.511482

20734.511289

20734.511144

20734.511015

20734.510925

20734.510818

20734.510718

20734.510479

20734.510306

20734.509400

20734.510236

20734.511114

20734.510933

20734.510983

20734.511044

20734.511096

20734.511161

20734.511213

20734.511303

20734.511392

20734.511534

20734.511686

20734.511903

20734.512142

20734.512458

20734.512812

20734.513253

20734.513752

20734.514343

20734.515004

20734.515747

20734.516558

20734.517414

20734.518317

20734.519202

20734.520095

20734.520910

20734.521721

20734.522461

20734.521430

20734.521430

20734.522461

20734.521721

20734.520910

20734.520095

20734.519202

20734.518317

20734.517414

20734.516558

20734.515747

20734.515004

20734.514343

20734.513752

20734.513253

20734.512812

20734.512458

20734.512142

20734.511903

20734.511686

20734.511534

20734.511392

20734.511303

20734.511213

20734.511161

20734.511096

20734.511044

20734.510983

20734.510933

20734.511114

20734.510236

20734.510249

20734.510970

20734.511117

20734.511142

20734.511222

20734.511302

20734.511349

20734.511405

20734.511427

20734.511486

20734.511526

20734.511623

20734.511710

20734.511868

20734.512023

20734.512260

20734.512503

20734.512834

20734.513187

20734.513629

20734.514108

20734.514672

20734.515291

20734.515983

20734.516746

20734.517566

20734.518440

20734.519289

20734.519571

20734.518243

20734.518243

20734.519571

20734.519289

20734.518440

20734.517566

20734.516746

20734.515983

20734.515291

20734.514672

20734.514108

20734.513629

20734.513187

20734.512834

20734.512503

20734.512260

20734.512023

20734.511868

20734.511710

20734.511623

20734.511526

20734.511486

20734.511427

20734.511405

20734.511349

20734.511302

20734.511222

20734.511142

20734.511117

20734.510970

20734.510249

20734.510415

20734.510924

20734.511107

20734.511197

20734.511310

20734.511410

20734.511506

20734.511544

20734.511593

20734.511592

20734.511635

20734.511639

20734.511709

20734.511745

20734.511857

20734.511936

20734.512098

20734.512233

20734.512452

20734.512662

20734.512960

20734.513280

20734.513697

20734.514180

20734.514766

20734.515444

20734.516162

20734.516760

20734.516842

20734.516340

20734.516340

20734.516842

20734.516760

20734.516162

20734.515444

20734.514766

20734.514180

20734.513697

20734.513280

20734.512960

20734.512662

20734.512452

20734.512233

20734.512098

20734.511936

20734.511857

20734.511745

20734.511709

20734.511639

20734.511635

20734.511592

20734.511593

20734.511544

20734.511506

20734.511410

20734.511310

20734.511197

20734.511107

20734.510924

20734.510415

20734.510446

20734.510937

20734.511105

20734.511207

20734.511309

20734.511447

20734.511538

20734.511633

20734.511654

20734.511703

20734.511687

20734.511730

20734.511714

20734.511775

20734.511776

20734.511859

20734.511879

20734.511982

20734.512029

20734.512160

20734.512259

20734.512452

20734.512665

20734.512985

20734.513384

20734.513869

20734.514400

20734.514794

20734.514936

20734.514336

20734.514336

20734.514936

20734.514794

20734.514400

20734.513869

20734.513384

20734.512985

20734.512665

20734.512452

20734.512259

20734.512160

20734.512029

20734.511982

20734.511879

20734.511859

20734.511776

20734.511775

20734.511714

20734.511730

20734.511687

20734.511703

20734.511654

20734.511633

20734.511538

20734.511447

20734.511309

20734.511207

20734.511105

20734.510937

20734.510446

20734.510522

20734.510955

20734.511139

20734.511201

20734.511300

20734.511394

20734.511525

20734.511589

20734.511676

20734.511681

20734.511737

20734.511715

20734.511771

20734.511747

20734.511814

20734.511793

20734.511864

20734.511841

20734.511907

20734.511890

20734.511961

20734.511987

20734.512110

20734.512255

20734.512495

20734.512807

20734.513134

20734.513462

20734.513580

20734.513700

20734.513700

20734.513580

20734.513462

20734.513134

20734.512807

20734.512495

20734.512255

20734.512110

20734.511987

20734.511961

20734.511890

20734.511907

20734.511841

20734.511864

20734.511793

20734.511814

20734.511747

20734.511771

20734.511715

20734.511737

20734.511681

20734.511676

20734.511589

20734.511525

20734.511394

20734.511300

20734.511201

20734.511139

20734.510955

20734.510522

20734.510554

20734.511018

20734.511164

20734.511227

20734.511254

20734.511351

20734.511417

20734.511530

20734.511562

20734.511645

20734.511637

20734.511707

20734.511684

20734.511761

20734.511736

20734.511817

20734.511783

20734.511852

20734.511800

20734.511843

20734.511783

20734.511813

20734.511791

20734.511856

20734.511942

20734.512090

20734.512305

20734.512499

20734.512760

20734.512802

20734.512802

20734.512760

20734.512499

20734.512305

20734.512090

20734.511942

20734.511856

20734.511791

20734.511813

20734.511783

20734.511843

20734.511800

20734.511852

20734.511783

20734.511817

20734.511736

20734.511761

20734.511684

20734.511707

20734.511637

20734.511645

20734.511562

20734.511530

20734.511417

20734.511351

20734.511254

20734.511227

20734.511164

20734.511018

20734.510554

20734.510631

20734.511055

20734.511224

20734.511222

20734.511246

20734.511251

20734.511337

20734.511368

20734.511464

20734.511468

20734.511552

20734.511534

20734.511623

20734.511600

20734.511702

20734.511675

20734.511774

20734.511729

20734.511800

20734.511725

20734.511753

20734.511659

20734.511656

20734.511592

20734.511601

20734.511632

20734.511708

20734.511893

20734.512106

20734.512648

20734.512648

20734.512106

20734.511893

20734.511708

20734.511632

20734.511601

20734.511592

20734.511656

20734.511659

20734.511753

20734.511725

20734.511800

20734.511729

20734.511774

20734.511675

20734.511702

20734.511600

20734.511623

20734.511534

20734.511552

20734.511468

20734.511464

20734.511368

20734.511337

20734.511251

20734.511246

20734.511222

20734.511224

20734.511055

20734.510631

20734.510675

20734.511132

20734.511244

20734.511254

20734.511187

20734.511201

20734.511183

20734.511257

20734.511252

20734.511337

20734.511316

20734.511407

20734.511379

20734.511488

20734.511462

20734.511586

20734.511553

20734.511668

20734.511608

20734.511683

20734.511585

20734.511601

20734.511479

20734.511448

20734.511352

20734.511325

20734.511344

20734.511438

20734.511735

20734.512094

20734.512094

20734.511735

20734.511438

20734.511344

20734.511325

20734.511352

20734.511448

20734.511479

20734.511601

20734.511585

20734.511683

20734.511608

20734.511668

20734.511553

20734.511586

20734.511462

20734.511488

20734.511379

20734.511407

20734.511316

20734.511337

20734.511252

20734.511257

20734.511183

20734.511201

20734.511187

20734.511254

20734.511244

20734.511132

20734.510675

20734.510762

20734.511167

20734.511301

20734.511229

20734.511177

20734.511082

20734.511097

20734.511054

20734.511118

20734.511079

20734.511160

20734.511114

20734.511215

20734.511174

20734.511302

20734.511265

20734.511407

20734.511360

20734.511487

20734.511409

20734.511488

20734.511369

20734.511382

20734.511243

20734.511206

20734.511112

20734.511112

20734.511200

20734.511430

20734.512034

20734.512034

20734.511430

20734.511200

20734.511112

20734.511112

20734.511206

20734.511243

20734.511382

20734.511369

20734.511488

20734.511409

20734.511487

20734.511360

20734.511407

20734.511265

20734.511302

20734.511174

20734.511215

20734.511114

20734.511160

20734.511079

20734.511118

20734.511054

20734.511097

20734.511082

20734.511177

20734.511229

20734.511301

20734.511167

20734.510762

20734.510809

20734.511240

20734.511298

20734.511249

20734.511093

20734.511033

20734.510924

20734.510943

20734.510871

20734.510928

20734.510856

20734.510937

20734.510867

20734.510979

20734.510917

20734.511060

20734.511002

20734.511160

20734.511090

20734.511230

20734.511132

20734.511224

20734.511096

20734.511130

20734.511005

20734.511016

20734.510981

20734.511091

20734.511313

20734.511625

20734.511625

20734.511313

20734.511091

20734.510981

20734.511016

20734.511005

20734.511130

20734.511096

20734.511224

20734.511132

20734.511230

20734.511090

20734.511160

20734.511002

20734.511060

20734.510917

20734.510979

20734.510867

20734.510937

20734.510856

20734.510928

20734.510871

20734.510943

20734.510924

20734.511033

20734.511093

20734.511249

20734.511298

20734.511240

20734.510809

20734.510896

20734.511258

20734.511339

20734.511192

20734.511074

20734.510893

20734.510846

20734.510724

20734.510745

20734.510642

20734.510696

20734.510591

20734.510675

20734.510575

20734.510698

20734.510606

20734.510762

20734.510674

20734.510846

20734.510749

20734.510911

20734.510801

20734.510932

20734.510822

20734.510925

20734.510863

20734.510990

20734.511061

20734.511310

20734.511725

20734.511725

20734.511310

20734.511061

20734.510990

20734.510863

20734.510925

20734.510822

20734.510932

20734.510801

20734.510911

20734.510749

20734.510846

20734.510674

20734.510762

20734.510606

20734.510698

20734.510575

20734.510675

20734.510591

20734.510696

20734.510642

20734.510745

20734.510724

20734.510846

20734.510893

20734.511074

20734.511192

20734.511339

20734.511258

20734.510896

20734.510932

20734.511317

20734.511305

20734.511194

20734.510962

20734.510843

20734.510658

20734.510629

20734.510488

20734.510512

20734.510375

20734.510429

20734.510289

20734.510379

20734.510243

20734.510373

20734.510243

20734.510411

20734.510285

20734.510478

20734.510358

20734.510564

20734.510465

20734.510679

20734.510633

20734.510869

20734.510917

20734.511206

20734.511367

20734.511508

20734.511508

20734.511367

20734.511206

20734.510917

20734.510869

20734.510633

20734.510679

20734.510465

20734.510564

20734.510358

20734.510478

20734.510285

20734.510411

20734.510243

20734.510373

20734.510243

20734.510379

20734.510289

20734.510429

20734.510375

20734.510512

20734.510488

20734.510629

20734.510658

20734.510843

20734.510962

20734.511194

20734.511305

20734.511317

20734.510932

20734.511004

20734.511306

20734.511324

20734.511104

20734.510932

20734.510681

20734.510590

20734.510402

20734.510391

20734.510224

20734.510252

20734.510078

20734.510137

20734.509957

20734.510053

20734.509870

20734.510009

20734.509829

20734.510013

20734.509847

20734.510080

20734.509955

20734.510244

20734.510201

20734.510560

20734.510634

20734.511064

20734.511236

20734.511645

20734.511951

20734.511951

20734.511645

20734.511236

20734.511064

20734.510634

20734.510560

20734.510201

20734.510244

20734.509955

20734.510080

20734.509847

20734.510013

20734.509829

20734.510009

20734.509870

20734.510053

20734.509957

20734.510137

20734.510078

20734.510252

20734.510224

20734.510391

20734.510402

20734.510590

20734.510681

20734.510932

20734.511104

20734.511324

20734.511306

20734.511004

20734.511015

20734.511339

20734.511254

20734.511088

20734.510790

20734.510632

20734.510388

20734.510331

20734.510133

20734.510137

20734.509939

20734.509975

20734.509761

20734.509827

20734.509598

20734.509700

20734.509459

20734.509608

20734.509370

20734.509583

20734.509387

20734.509695

20734.509605

20734.510044

20734.510123

20734.510706

20734.510953

20734.511596

20734.511850

20734.511969

20734.511969

20734.511850

20734.511596

20734.510953

20734.510706

20734.510123

20734.510044

20734.509605

20734.509695

20734.509387

20734.509583

20734.509370

20734.509608

20734.509459

20734.509700

20734.509598

20734.509827

20734.509761

20734.509975

20734.509939

20734.510137

20734.510133

20734.510331

20734.510388

20734.510632

20734.510790

20734.511088

20734.511254

20734.511339

20734.511015

20734.511061

20734.511291

20734.511246

20734.510962

20734.510752

20734.510449

20734.510336

20734.510099

20734.510075

20734.509858

20734.509878

20734.509645

20734.509692

20734.509432

20734.509504

20734.509213

20734.509320

20734.509007

20734.509171

20734.508878

20734.509149

20734.508958

20734.509408

20734.509432

20734.510118

20734.510414

20734.511292

20734.511729

20734.512495

20734.512974

20734.512974

20734.512495

20734.511729

20734.511292

20734.510414

20734.510118

20734.509432

20734.509408

20734.508958

20734.509149

20734.508878

20734.509171

20734.509007

20734.509320

20734.509213

20734.509504

20734.509432

20734.509692

20734.509645

20734.509878

20734.509858

20734.510075

20734.510099

20734.510336

20734.510449

20734.510752

20734.510962

20734.511246

20734.511291

20734.511061

20734.511036

20734.511290

20734.511136

20734.510929

20734.510583

20734.510406

20734.510121

20734.510059

20734.509821

20734.509828

20734.509586

20734.509625

20734.509352

20734.509410

20734.509089

20734.509166

20734.508794

20734.508906

20734.508512

20734.508714

20734.508389

20734.508784

20734.508682

20734.509390

20734.509661

20734.510718

20734.511330

20734.512512

20734.513066

20734.513268

20734.513268

20734.513066

20734.512512

20734.511330

20734.510718

20734.509661

20734.509390

20734.508682

20734.508784

20734.508389

20734.508714

20734.508512

20734.508906

20734.508794

20734.509166

20734.509089

20734.509410

20734.509352

20734.509625

20734.509586

20734.509828

20734.509821

20734.510059

20734.510121

20734.510406

20734.510583

20734.510929

20734.511136

20734.511290

20734.511036

20734.511045

20734.511196

20734.511101

20734.510769

20734.510542

20734.510205

20734.510091

20734.509824

20734.509810

20734.509563

20734.509600

20734.509327

20734.509387

20734.509060

20734.509126

20734.508724

20734.508798

20734.508328

20734.508455

20734.507992

20734.508288

20734.508008

20734.508652

20734.508798

20734.509938

20734.510634

20734.512168

20734.513112

20734.514385

20734.515206

20734.515206

20734.514385

20734.513112

20734.512168

20734.510634

20734.509938

20734.508798

20734.508652

20734.508008

20734.508288

20734.507992

20734.508455

20734.508328

20734.508798

20734.508724

20734.509126

20734.509060

20734.509387

20734.509327

20734.509600

20734.509563

20734.509810

20734.509824

20734.510091

20734.510205

20734.510542

20734.510769

20734.511101

20734.511196

20734.511045

20734.510977

20734.511156

20734.510948

20734.510721

20734.510349

20734.510176

20734.509869

20734.509823

20734.509564

20734.509597

20734.509331

20734.509401

20734.509085

20734.509161

20734.508759

20734.508822

20734.508313

20734.508385

20734.507809

20734.507993

20734.507516

20734.508026

20734.507951

20734.509048

20734.509679

20734.511445

20734.512714

20734.514672

20734.515732

20734.515831

20734.515831

20734.515732

20734.514672

20734.512714

20734.511445

20734.509679

20734.509048

20734.507951

20734.508026

20734.507516

20734.507993

20734.507809

20734.508385

20734.508313

20734.508822

20734.508759

20734.509161

20734.509085

20734.509401

20734.509331

20734.509597

20734.509564

20734.509823

20734.509869

20734.510176

20734.510349

20734.510721

20734.510948

20734.511156

20734.510977

20734.510942

20734.511012

20734.510884

20734.510530

20734.510312

20734.509962

20734.509870

20734.509589

20734.509608

20734.509346

20734.509426

20734.509131

20734.509228

20734.508850

20734.508929

20734.508421

20734.508471

20734.507830

20734.507918

20734.507262

20734.507597

20734.507237

20734.508161

20734.508542

20734.510347

20734.511716

20734.514207

20734.515991

20734.517917

20734.519190

20734.519190

20734.517917

20734.515991

20734.514207

20734.511716

20734.510347

20734.508542

20734.508161

20734.507237

20734.507597

20734.507262

20734.507918

20734.507830

20734.508471

20734.508421

20734.508929

20734.508850

20734.509228

20734.509131

20734.509426

20734.509346

20734.509608

20734.509589

20734.509870

20734.509962

20734.510312

20734.510530

20734.510884

20734.511012

20734.510942

20734.510825

20734.510930

20734.510690

20734.510473

20734.510100

20734.509956

20734.509645

20734.509635

20734.509370

20734.509451

20734.509176

20734.509298

20734.508956

20734.509068

20734.508595

20734.508657

20734.508005

20734.508034

20734.507251

20734.507408

20734.506746

20734.507392

20734.507354

20734.508955

20734.510082

20734.512809

20734.515044

20734.518093

20734.519991

20734.519905

20734.519905

20734.519991

20734.518093

20734.515044

20734.512809

20734.510082

20734.508955

20734.507354

20734.507392

20734.506746

20734.507408

20734.507251

20734.508034

20734.508005

20734.508657

20734.508595

20734.509068

20734.508956

20734.509298

20734.509176

20734.509451

20734.509370

20734.509635

20734.509645

20734.509956

20734.510100

20734.510473

20734.510690

20734.510930

20734.510825

20734.510741

20734.510735

20734.510600

20734.510255

20734.510075

20734.509736

20734.509686

20734.509406

20734.509475

20734.509213

20734.509352

20734.509047

20734.509199

20734.508778

20734.508881

20734.508264

20734.508282

20734.507441

20734.507454

20734.506531

20734.506843

20734.506285

20734.507444

20734.507961

20734.510485

20734.512585

20734.516282

20734.519263

20734.522309

20734.524876

20734.524876

20734.522309

20734.519263

20734.516282

20734.512585

20734.510485

20734.507961

20734.507444

20734.506285

20734.506843

20734.506531

20734.507454

20734.507441

20734.508282

20734.508264

20734.508881

20734.508778

20734.509199

20734.509047

20734.509352

20734.509213

20734.509475

20734.509406

20734.509686

20734.509736

20734.510075

20734.510255

20734.510600

20734.510735

20734.510741

20734.510574

20734.510610

20734.510368

20734.510195

20734.509853

20734.509762

20734.509465

20734.509508

20734.509246

20734.509390

20734.509113

20734.509300

20734.508935

20734.509093

20734.508542

20734.508592

20734.507761

20734.507691

20734.506591

20734.506582

20734.505500

20734.506049

20734.505676

20734.507521

20734.508770

20734.512375

20734.515558

20734.520146

20734.523705

20734.524448

20734.524448

20734.523705

20734.520146

20734.515558

20734.512375

20734.508770

20734.507521

20734.505676

20734.506049

20734.505500

20734.506582

20734.506591

20734.507691

20734.507761

20734.508592

20734.508542

20734.509093

20734.508935

20734.509300

20734.509113

20734.509390

20734.509246

20734.509508

20734.509465

20734.509762

20734.509853

20734.510195

20734.510368

20734.510610

20734.510574

20734.510441

20734.510367

20734.510258

20734.509958

20734.509848

20734.509544

20734.509555

20734.509287

20734.509419

20734.509159

20734.509367

20734.509050

20734.509262

20734.508787

20734.508900

20734.508131

20734.508048

20734.506876

20734.506619

20734.505111

20734.505001

20734.503635

20734.504414

20734.504200

20734.506834

20734.508946

20734.513827

20734.518328

20734.523870

20734.530288

20734.530288

20734.523870

20734.518328

20734.513827

20734.508946

20734.506834

20734.504200

20734.504414

20734.503635

20734.505001

20734.505111

20734.506619

20734.506876

20734.508048

20734.508131

20734.508900

20734.508787

20734.509262

20734.509050

20734.509367

20734.509159

20734.509419

20734.509287

20734.509555

20734.509544

20734.509848

20734.509958

20734.510258

20734.510367

20734.510441

20734.510227

20734.510203

20734.509995

20734.509904

20734.509623

20734.509610

20734.509341

20734.509450

20734.509196

20734.509408

20734.509124

20734.509377

20734.508972

20734.509159

20734.508481

20734.508448

20734.507298

20734.506911

20734.505138

20734.504455

20734.502195

20734.501731

20734.499744

20734.500631

20734.500475

20734.504126

20734.507531

20734.514451

20734.521354

20734.525855

20734.525855

20734.521354

20734.514451

20734.507531

20734.504126

20734.500475

20734.500631

20734.499744

20734.501731

20734.502195

20734.504455

20734.505138

20734.506911

20734.507298

20734.508448

20734.508481

20734.509159

20734.508972

20734.509377

20734.509124

20734.509408

20734.509196

20734.509450

20734.509341

20734.509610

20734.509623

20734.509904

20734.509995

20734.510203

20734.510227

20734.510048

20734.509920

20734.509871

20734.509655

20734.509647

20734.509398

20734.509486

20734.509237

20734.509436

20734.509172

20734.509446

20734.509095

20734.509349

20734.508766

20734.508822

20734.507762

20734.507369

20734.505510

20734.504450

20734.501552

20734.499935

20734.496250

20734.494958

20734.491823

20734.492796

20734.492919

20734.498598

20734.504819

20734.515674

20734.530526

20734.530526

20734.515674

20734.504819

20734.498598

20734.492919

20734.492796

20734.491823

20734.494958

20734.496250

20734.499935

20734.501552

20734.504450

20734.505510

20734.507369

20734.507762

20734.508822

20734.508766

20734.509349

20734.509095

20734.509446

20734.509172

20734.509436

20734.509237

20734.509486

20734.509398

20734.509647

20734.509655

20734.509871

20734.509920

20734.510048

20734.509794

20734.509726

20734.509587

20734.509613

20734.509423

20734.509509

20734.509281

20734.509461

20734.509210

20734.509484

20734.509171

20734.509470

20734.508971

20734.509126

20734.508190

20734.507891

20734.506095

20734.504902

20734.501698

20734.499252

20734.494285

20734.490871

20734.484753

20734.482131

20734.477517

20734.479372

20734.481238

20734.491776

20734.504445

20734.517965

20734.517965

20734.504445

20734.491776

20734.481238

20734.479372

20734.477517

20734.482131

20734.484753

20734.490871

20734.494285

20734.499252

20734.501698

20734.504902

20734.506095

20734.507891

20734.508190

20734.509126

20734.508971

20734.509470

20734.509171

20734.509484

20734.509210

20734.509461

20734.509281

20734.509509

20734.509423

20734.509613

20734.509587

20734.509726

20734.509794

20734.509577

20734.509414

20734.509457

20734.509360

20734.509479

20734.509306

20734.509478

20734.509249

20734.509508

20734.509221

20734.509539

20734.509105

20734.509344

20734.508535

20734.508384

20734.506751

20734.505646

20734.502447

20734.499635

20734.493983

20734.488984

20734.480541

20734.474271

20734.464705

20734.460921

20734.455614

20734.461183

20734.468696

20734.489219

20734.519014

20734.519014

20734.489219

20734.468696

20734.461183

20734.455614

20734.460921

20734.464705

20734.474271

20734.480541

20734.488984

20734.493983

20734.499635

20734.502447

20734.505646

20734.506751

20734.508384

20734.508535

20734.509344

20734.509105

20734.509539

20734.509221

20734.509508

20734.509249

20734.509478

20734.509306

20734.509479

20734.509360

20734.509457

20734.509414

20734.509577

20734.509297

20734.509200

20734.509162

20734.509334

20734.509261

20734.509458

20734.509277

20734.509523

20734.509263

20734.509576

20734.509192

20734.509484

20734.508790

20734.508790

20734.507364

20734.506495

20734.503531

20734.500805

20734.495072

20734.489327

20734.479612

20734.470550

20734.457059

20734.447291

20734.434111

20734.431227

20734.428443

20734.443879

20734.464684

20734.496334

20734.496334

20734.464684

20734.443879

20734.428443

20734.431227

20734.434111

20734.447291

20734.457059

20734.470550

20734.479612

20734.489327

20734.495072

20734.500805

20734.503531

20734.506495

20734.507364

20734.508790

20734.508790

20734.509484

20734.509192

20734.509576

20734.509263

20734.509523

20734.509277

20734.509458

20734.509261

20734.509334

20734.509162

20734.509200

20734.509297

20734.509055

20734.508873

20734.509036

20734.509084

20734.509346

20734.509260

20734.509515

20734.509299

20734.509598

20734.509256

20734.509570

20734.508971

20734.509094

20734.507878

20734.507295

20734.504696

20734.502380

20734.497041

20734.491411

20734.481530

20734.471143

20734.455528

20734.441101

20734.421624

20734.409259

20734.394369

20734.397760

20734.404548

20734.440224

20734.494490

20734.494490

20734.440224

20734.404548

20734.397760

20734.394369

20734.409259

20734.421624

20734.441101

20734.455528

20734.471143

20734.481530

20734.491411

20734.497041

20734.502380

20734.504696

20734.507295

20734.507878

20734.509094

20734.508971

20734.509570

20734.509256

20734.509598

20734.509299

20734.509515

20734.509260

20734.509346

20734.509084

20734.509036

20734.508873

20734.509055

20734.508763

20734.508655

20734.508741

20734.509076

20734.509133

20734.509442

20734.509308

20734.509603

20734.509312

20734.509623

20734.509108

20734.509308

20734.508285

20734.507964

20734.505770

20734.504006

20734.499344

20734.494467

20734.485301

20734.475142

20734.459322

20734.442728

20734.419976

20734.400124

20734.375516

20734.364222

20734.352789

20734.372662

20734.403107

20734.470601

20734.470601

20734.403107

20734.372662

20734.352789

20734.364222

20734.375516

20734.400124

20734.419976

20734.442728

20734.459322

20734.475142

20734.485301

20734.494467

20734.499344

20734.504006

20734.505770

20734.507964

20734.508285

20734.509308

20734.509108

20734.509623

20734.509312

20734.509603

20734.509308

20734.509442

20734.509133

20734.509076

20734.508741

20734.508655

20734.508763

20734.508513

20734.508330

20734.508626

20734.508832

20734.509239

20734.509241

20734.509566

20734.509351

20734.509656

20734.509222

20734.509459

20734.508607

20734.508483

20734.506677

20734.505451

20734.501568

20734.497740

20734.489821

20734.481033

20734.466523

20734.450423

20734.427584

20734.404414

20734.375125

20734.352082

20734.325894

20734.322988

20734.325349

20734.381059

20734.475423

20734.475423

20734.381059

20734.325349

20734.322988

20734.325894

20734.352082

20734.375125

20734.404414

20734.427584

20734.450423

20734.466523

20734.481033

20734.489821

20734.497740

20734.501568

20734.505451

20734.506677

20734.508483

20734.508607

20734.509459

20734.509222

20734.509656

20734.509351

20734.509566

20734.509241

20734.509239

20734.508832

20734.508626

20734.508330

20734.508513

20734.508226

20734.508123

20734.508342

20734.508840

20734.509028

20734.509436

20734.509342

20734.509659

20734.509316

20734.509569

20734.508871

20734.508876

20734.507417

20734.506623

20734.503497

20734.500704

20734.494219

20734.487314

20734.474983

20734.461271

20734.440728

20734.418635

20734.389793

20734.362024

20734.329634

20734.308044

20734.286987

20734.305679

20734.346554

20734.482521

20734.482521

20734.346554

20734.305679

20734.286987

20734.308044

20734.329634

20734.362024

20734.389793

20734.418635

20734.440728

20734.461271

20734.474983

20734.487314

20734.494219

20734.500704

20734.503497

20734.506623

20734.507417

20734.508876

20734.508871

20734.509569

20734.509316

20734.509659

20734.509342

20734.509436

20734.509028

20734.508840

20734.508342

20734.508123

20734.508226

20734.507989

20734.507818

20734.508246

20734.508605

20734.509142

20734.509225

20734.509597

20734.509373

20734.509642

20734.509090

20734.509176

20734.508019

20734.507535

20734.505077

20734.503130

20734.498020

20734.492945

20734.483052

20734.472466

20734.455448

20734.437287

20734.412298

20734.386933

20734.356505

20734.328591

20734.299297

20734.285358

20734.282708

20734.355734

20734.511519

20734.511519

20734.355734

20734.282708

20734.285358

20734.299297

20734.328591

20734.356505

20734.386933

20734.412298

20734.437287

20734.455448

20734.472466

20734.483052

20734.492945

20734.498020

20734.503130

20734.505077

20734.507535

20734.508019

20734.509176

20734.509090

20734.509642

20734.509373

20734.509597

20734.509225

20734.509142

20734.508605

20734.508246

20734.507818

20734.507989

20734.507724

20734.507639

20734.507984

20734.508625

20734.508930

20734.509414

20734.509351

20734.509659

20734.509257

20734.509400

20734.508506

20734.508236

20734.506342

20734.505013

20734.501091

20734.497484

20734.489860

20734.482176

20734.468904

20734.455473

20734.435715

20734.416557

20734.392384

20734.370011

20734.346023

20734.322955

20734.305782

20734.310419

20734.365388

20734.609000

20734.609000

20734.365388

20734.310419

20734.305782

20734.322955

20734.346023

20734.370011

20734.392384

20734.416557

20734.435715

20734.455473

20734.468904

20734.482176

20734.489860

20734.497484

20734.501091

20734.505013

20734.506342

20734.508236

20734.508506

20734.509400

20734.509257

20734.509659

20734.509351

20734.509414

20734.508930

20734.508625

20734.507984

20734.507639

20734.507724

20734.507520

20734.507372

20734.507916

20734.508403

20734.509040

20734.509190

20734.509582

20734.509346

20734.509547

20734.508886

20734.508770

20734.507343

20734.506453

20734.503498

20734.500947

20734.495212

20734.489740

20734.479777

20734.470371

20734.455715

20734.443026

20734.425956

20734.413160

20734.398849

20734.388574

20734.382234

20734.367082

20734.381336

20734.446258

20734.664204

20734.664204

20734.446258

20734.381336

20734.367082

20734.382234

20734.388574

20734.398849

20734.413160

20734.425956

20734.443026

20734.455715

20734.470371

20734.479777

20734.489740

20734.495212

20734.500947

20734.503498

20734.506453

20734.507343

20734.508770

20734.508886

20734.509547

20734.509346

20734.509582

20734.509190

20734.509040

20734.508403

20734.507916

20734.507372

20734.507520

20734.507296

20734.507240

20734.507686

20734.508435

20734.508828

20734.509357

20734.509318

20734.509595

20734.509148

20734.509157

20734.508115

20734.507548

20734.505362

20734.503556

20734.499295

20734.495336

20734.487966

20734.481315

20734.470776

20734.462772

20734.451757

20734.446882

20734.441275

20734.445174

20734.451660

20734.465822

20734.496997

20734.494654

20734.592307

20734.920816

20734.920816

20734.592307

20734.494654

20734.496997

20734.465822

20734.451660

20734.445174

20734.441275

20734.446882

20734.451757

20734.462772

20734.470776

20734.481315

20734.487966

20734.495336

20734.499295

20734.503556

20734.505362

20734.507548

20734.508115

20734.509157

20734.509148

20734.509595

20734.509318

20734.509357

20734.508828

20734.508435

20734.507686

20734.507240

20734.507296

20734.507149

20734.507026

20734.507654

20734.508230

20734.508928

20734.509124

20734.509513

20734.509274

20734.509396

20734.508671

20734.508358

20734.506779

20734.505529

20734.502397

20734.499472

20734.494003

20734.489013

20734.481342

20734.475822

20734.468928

20734.468259

20734.468870

20734.481083

20734.496232

20734.527661

20734.567366

20734.635020

20734.757040

20734.785897

20734.951067

20734.951067

20734.785897

20734.757040

20734.635020

20734.567366

20734.527661

20734.496232

20734.481083

20734.468870

20734.468259

20734.468928

20734.475822

20734.481342

20734.489013

20734.494003

20734.499472

20734.502397

20734.505529

20734.506779

20734.508358

20734.508671

20734.509396

20734.509274

20734.509513

20734.509124

20734.508928

20734.508230

20734.507654

20734.507026

20734.507149

20734.506982

20734.506958

20734.507468

20734.508276

20734.508718

20734.509262

20734.509240

20734.509479

20734.509017

20734.508910

20734.507808

20734.507001

20734.504737

20734.502598

20734.498516

20734.494578

20734.488729

20734.484141

20734.479305

20734.479346

20734.482967

20734.497475

20734.518337

20734.555255

20734.597399

20734.669529

20734.768548

20734.973452

20735.272525

20735.423525

20735.423525

20735.272525

20734.973452

20734.768548

20734.669529

20734.597399

20734.555255

20734.518337

20734.497475

20734.482967

20734.479346

20734.479305

20734.484141

20734.488729

20734.494578

20734.498516

20734.502598

20734.504737

20734.507001

20734.507808

20734.508910

20734.509017

20734.509479

20734.509240

20734.509262

20734.508718

20734.508276

20734.507468

20734.506958

20734.506982

20734.506911

20734.506812

20734.507482

20734.508095

20734.508807

20734.509023

20734.509393

20734.509161

20734.509222

20734.508489

20734.508041

20734.506449

20734.504967

20734.501941

20734.498849

20734.494202

20734.489960

20734.485703

20734.484415

20734.487684

20734.499600

20734.522106

20734.558866

20734.605643

20734.670890

20734.749787

20734.893474

20735.115435

20735.524055

20735.371297

20735.371297

20735.524055

20735.115435

20734.893474

20734.749787

20734.670890

20734.605643

20734.558866

20734.522106

20734.499600

20734.487684

20734.484415

20734.485703

20734.489960

20734.494202

20734.498849

20734.501941

20734.504967

20734.506449

20734.508041

20734.508489

20734.509222

20734.509161

20734.509393

20734.509023

20734.508807

20734.508095

20734.507482

20734.506812

20734.506911

20734.506817

20734.506823

20734.507348

20734.508157

20734.508604

20734.509128

20734.509114

20734.509317

20734.508868

20734.508695

20734.507615

20734.506688

20734.504501

20734.502215

20734.498513

20734.494708

20734.490478

20734.487549

20734.488264

20734.494828

20734.513323

20734.544393

20734.593553

20734.656961

20734.733100

20734.837581

20734.994828

20735.252800

20735.619388

20735.496049

20735.496049

20735.619388

20735.252800

20734.994828

20734.837581

20734.733100

20734.656961

20734.593553

20734.544393

20734.513323

20734.494828

20734.488264

20734.487549

20734.490478

20734.494708

20734.498513

20734.502215

20734.504501

20734.506688

20734.507615

20734.508695

20734.508868

20734.509317

20734.509114

20734.509128

20734.508604

20734.508157

20734.507348

20734.506823

20734.506817

20734.506840

20734.506755

20734.507414

20734.508005

20734.508681

20734.508884

20734.509220

20734.508997

20734.509023

20734.508323

20734.507830

20734.506306

20734.504773

20734.501925

20734.498841

20734.494786

20734.491008

20734.488901

20734.490100

20734.500582

20734.521343

20734.563299

20734.621338

20734.702692

20734.798650

20734.912501

20735.095291

20735.345150

20735.508025

20734.742239

20734.742239

20735.508025

20735.345150

20735.095291

20734.912501

20734.798650

20734.702692

20734.621338

20734.563299

20734.521343

20734.500582

20734.490100

20734.488901

20734.491008

20734.494786

20734.498841

20734.501925

20734.504773

20734.506306

20734.507830

20734.508323

20734.509023

20734.508997

20734.509220

20734.508884

20734.508681

20734.508005

20734.507414

20734.506755

20734.506840

20734.506829

20734.506852

20734.507338

20734.508085

20734.508486

20734.508955

20734.508929

20734.509097

20734.508670

20734.508482

20734.507462

20734.506552

20734.504476

20734.502261

20734.498744

20734.495115

20734.491303

20734.489025

20734.491487

20734.501254

20734.527510

20734.571101

20734.644681

20734.738213

20734.851222

20734.990397

20735.117055

20735.331194

20734.932745

20734.735339

20734.735339

20734.932745

20735.331194

20735.117055

20734.990397

20734.851222

20734.738213

20734.644681

20734.571101

20734.527510

20734.501254

20734.491487

20734.489025

20734.491303

20734.495115

20734.498744

20734.502261

20734.504476

20734.506552

20734.507462

20734.508482

20734.508670

20734.509097

20734.508929

20734.508955

20734.508486

20734.508085

20734.507338

20734.506852

20734.506829

20734.506951

20734.506865

20734.507457

20734.507963

20734.508550

20734.508703

20734.508983

20734.508758

20734.508764

20734.508104

20734.507644

20734.506208

20734.504801

20734.502053

20734.499197

20734.495062

20734.491533

20734.488832

20734.490599

20734.500760

20734.525741

20734.574321

20734.651396

20734.760338

20734.890803

20735.009918

20735.155779

20735.054417

20734.923633

20734.588085

20734.588085

20734.923633

20735.054417

20735.155779

20735.009918

20734.890803

20734.760338

20734.651396

20734.574321

20734.525741

20734.500760

20734.490599

20734.488832

20734.491533

20734.495062

20734.499197

20734.502053

20734.504801

20734.506208

20734.507644

20734.508104

20734.508764

20734.508758

20734.508983

20734.508703

20734.508550

20734.507963

20734.507457

20734.506865

20734.506951

20734.507023

20734.507044

20734.507436

20734.508059

20734.508362

20734.508737

20734.508672

20734.508795

20734.508382

20734.508206

20734.507252

20734.506462

20734.504492

20734.502559

20734.499016

20734.495749

20734.491120

20734.488924

20734.488507

20734.498298

20734.519714

20734.568469

20734.643607

20734.760604

20734.891912

20735.024720

20735.091417

20735.041699

20734.809179

20734.555538

20734.555538

20734.809179

20735.041699

20735.091417

20735.024720

20734.891912

20734.760604

20734.643607

20734.568469

20734.519714

20734.498298

20734.488507

20734.488924

20734.491120

20734.495749

20734.499016

20734.502559

20734.504492

20734.506462

20734.507252

20734.508206

20734.508382

20734.508795

20734.508672

20734.508737

20734.508362

20734.508059

20734.507436

20734.507044

20734.507023

20734.507234

20734.507130

20734.507600

20734.507966

20734.508411

20734.508477

20734.508674

20734.508430

20734.508413

20734.507793

20734.507404

20734.506077

20734.504920

20734.502289

20734.499893

20734.495456

20734.492295

20734.487458

20734.488578

20734.491995

20734.514925

20734.550380

20734.629390

20734.725861

20734.870043

20734.985722

20735.055048

20735.112207

20734.779546

20734.556700

20734.556700

20734.779546

20735.112207

20735.055048

20734.985722

20734.870043

20734.725861

20734.629390

20734.550380

20734.514925

20734.491995

20734.488578

20734.487458

20734.492295

20734.495456

20734.499893

20734.502289

20734.504920

20734.506077

20734.507404

20734.507793

20734.508413

20734.508430

20734.508674

20734.508477

20734.508411

20734.507966

20734.507600

20734.507130

20734.507234

20734.507375

20734.507372

20734.507627

20734.508071

20734.508232

20734.508476

20734.508351

20734.508412

20734.508011

20734.507852

20734.506989

20734.506365

20734.504585

20734.503070

20734.499682

20734.497011

20734.491709

20734.489498

20734.485115

20734.492047

20734.501084

20734.541086

20734.589721

20734.694593

20734.790826

20734.930096

20734.989111

20735.068502

20735.188141

20734.491117

20734.491117

20735.188141

20735.068502

20734.989111

20734.930096

20734.790826

20734.694593

20734.589721

20734.541086

20734.501084

20734.492047

20734.485115

20734.489498

20734.491709

20734.497011

20734.499682

20734.503070

20734.504585

20734.506365

20734.506989

20734.507852

20734.508011

20734.508412

20734.508351

20734.508476

20734.508232

20734.508071

20734.507627

20734.507372

20734.507375

20734.507641

20734.507512

20734.507820

20734.508005

20734.508267

20734.508222

20734.508315

20734.508050

20734.508005

20734.507450

20734.507145

20734.506010

20734.505151

20734.502878

20734.501067

20734.496931

20734.494288

20734.488458

20734.488204

20734.485500

20734.500048

20734.515997

20734.571072

20734.625597

20734.735365

20734.799333

20734.915116

20734.855454

20735.107649

20735.349349

20735.349349

20735.107649

20734.855454

20734.915116

20734.799333

20734.735365

20734.625597

20734.571072

20734.515997

20734.500048

20734.485500

20734.488204

20734.488458

20734.494288

20734.496931

20734.501067

20734.502878

20734.505151

20734.506010

20734.507145

20734.507450

20734.508005

20734.508050

20734.508315

20734.508222

20734.508267

20734.508005

20734.507820

20734.507512

20734.507641

20734.507814

20734.507786

20734.507884

20734.508117

20734.508112

20734.508204

20734.508016

20734.508013

20734.507648

20734.507515

20734.506814

20734.506371

20734.504969

20734.503899

20734.501173

20734.499151

20734.494477

20734.492153

20734.486587

20734.488851

20734.489468

20734.510476

20734.533013

20734.591187

20734.640221

20734.721679

20734.731101

20734.761864

20734.503789

20734.077508

20734.077508

20734.503789

20734.761864

20734.731101

20734.721679

20734.640221

20734.591187

20734.533013

20734.510476

20734.489468

20734.488851

20734.486587

20734.492153

20734.494477

20734.499151

20734.501173

20734.503899

20734.504969

20734.506371

20734.506814

20734.507515

20734.507648

20734.508013

20734.508016

20734.508204

20734.508112

20734.508117

20734.507884

20734.507786

20734.507814

20734.508078

20734.507949

20734.508092

20734.508086

20734.508153

20734.507995

20734.507985

20734.507723

20734.507664

20734.507234

20734.507030

20734.506215

20734.505652

20734.504044

20734.502777

20734.499745

20734.497515

20734.492750

20734.490700

20734.486524

20734.490407

20734.495614

20734.517029

20734.543787

20734.584437

20734.621760

20734.630106

20734.613068

20734.412193

20734.593213

20734.593213

20734.412193

20734.613068

20734.630106

20734.621760

20734.584437

20734.543787

20734.517029

20734.495614

20734.490407

20734.486524

20734.490700

20734.492750

20734.497515

20734.499745

20734.502777

20734.504044

20734.505652

20734.506215

20734.507030

20734.507234

20734.507664

20734.507723

20734.507985

20734.507995

20734.508153

20734.508086

20734.508092

20734.507949

20734.508078

20734.508221

20734.508214

20734.508185

20734.508218

20734.508058

20734.508008

20734.507781

20734.507732

20734.507452

20734.507367

20734.506914

20734.506658

20734.505794

20734.505109

20734.503402

20734.501858

20734.498735

20734.496031

20734.491697

20734.489107

20734.487162

20734.489591

20734.499048

20734.511005

20734.538327

20734.541963

20734.572615

20734.502062

20734.550374

20734.608959

20734.608959

20734.550374

20734.502062

20734.572615

20734.541963

20734.538327

20734.511005

20734.499048

20734.489591

20734.487162

20734.489107

20734.491697

20734.496031

20734.498735

20734.501858

20734.503402

20734.505109

20734.505794

20734.506658

20734.506914

20734.507367

20734.507452

20734.507732

20734.507781

20734.508008

20734.508058

20734.508218

20734.508185

20734.508214

20734.508221

20734.508405

20734.508365

20734.508401

20734.508248

20734.508150

20734.507912

20734.507826

20734.507604

20734.507558

20734.507303

20734.507211

20734.506788

20734.506476

20734.505635

20734.504746

20734.503025

20734.500918

20734.497842

20734.493962

20734.490269

20734.485428

20734.485403

20734.482135

20734.493154

20734.488877

20734.512200

20734.490087

20734.515511

20734.550118

20734.571166

20734.571166

20734.550118

20734.515511

20734.490087

20734.512200

20734.488877

20734.493154

20734.482135

20734.485403

20734.485428

20734.490269

20734.493962

20734.497842

20734.500918

20734.503025

20734.504746

20734.505635

20734.506476

20734.506788

20734.507211

20734.507303

20734.507558

20734.507604

20734.507826

20734.507912

20734.508150

20734.508248

20734.508401

20734.508365

20734.508405

20734.508443

20734.508583

20734.508526

20734.508431

20734.508176

20734.508030

20734.507803

20734.507733

20734.507560

20734.507527

20734.507333

20734.507223

20734.506873

20734.506437

20734.505642

20734.504319

20734.502553

20734.499348

20734.496189

20734.490113

20734.486611

20734.477797

20734.478021

20734.467525

20734.476188

20734.464452

20734.479365

20734.494841

20734.512060

20734.537434

20734.537434

20734.512060

20734.494841

20734.479365

20734.464452

20734.476188

20734.467525

20734.478021

20734.477797

20734.486611

20734.490113

20734.496189

20734.499348

20734.502553

20734.504319

20734.505642

20734.506437

20734.506873

20734.507223

20734.507333

20734.507527

20734.507560

20734.507733

20734.507803

20734.508030

20734.508176

20734.508431

20734.508526

20734.508583

20734.508443

20734.508456

20734.508691

20734.508759

20734.508562

20734.508385

20734.508127

20734.507998

20734.507824

20734.507773

20734.507659

20734.507619

20734.507496

20734.507311

20734.507022

20734.506302

20734.505472

20734.503361

20734.501339

20734.496450

20734.492792

20734.483900

20734.479726

20734.467303

20734.466032

20734.454062

20734.458470

20734.461813

20734.471836

20734.493639

20734.500314

20734.500314

20734.493639

20734.471836

20734.461813

20734.458470

20734.454062

20734.466032

20734.467303

20734.479726

20734.483900

20734.492792

20734.496450

20734.501339

20734.503361

20734.505472

20734.506302

20734.507022

20734.507311

20734.507496

20734.507619

20734.507659

20734.507773

20734.507824

20734.507998

20734.508127

20734.508385

20734.508562

20734.508759

20734.508691

20734.508456

20734.508306

20734.508840

20734.508925

20734.508842

20734.508589

20734.508409

20734.508192

20734.508073

20734.507938

20734.507870

20734.507798

20734.507696

20734.507612

20734.507243

20734.506936

20734.505729

20734.504698

20734.501522

20734.498975

20734.492309

20734.487818

20734.477034

20734.471834

20734.459739

20734.456915

20734.452873

20734.455290

20734.466855

20734.472247

20734.482273

20734.482273

20734.472247

20734.466855

20734.455290

20734.452873

20734.456915

20734.459739

20734.471834

20734.477034

20734.487818

20734.492309

20734.498975

20734.501522

20734.504698

20734.505729

20734.506936

20734.507243

20734.507612

20734.507696

20734.507798

20734.507870

20734.507938

20734.508073

20734.508192

20734.508409

20734.508589

20734.508842

20734.508925

20734.508840

20734.508306

20734.508035

20734.508893

20734.509214

20734.509100

20734.508939

20734.508687

20734.508491

20734.508282

20734.508125

20734.507991

20734.507852

20734.507777

20734.507538

20734.507428

20734.506779

20734.506358

20734.504601

20734.503265

20734.499216

20734.496139

20734.488717

20734.483668

20734.473812

20734.468292

20734.461395

20734.458449

20734.461575

20734.462668

20734.471730

20734.473238

20734.473238

20734.471730

20734.462668

20734.461575

20734.458449

20734.461395

20734.468292

20734.473812

20734.483668

20734.488717

20734.496139

20734.499216

20734.503265

20734.504601

20734.506358

20734.506779

20734.507428

20734.507538

20734.507777

20734.507852

20734.507991

20734.508125

20734.508282

20734.508491

20734.508687

20734.508939

20734.509100

20734.509214

20734.508893

20734.508035

20734.507591

20734.509040

20734.509451

20734.509472

20734.509219

20734.508981

20734.508697

20734.508443

20734.508204

20734.507966

20734.507793

20734.507536

20734.507409

20734.507006

20734.506828

20734.505962

20734.505443

20734.503470

20734.502001

20734.498045

20734.494909

20734.488788

20734.483979

20734.477956

20734.472999

20734.471714

20734.468862

20734.473501

20734.473028

20734.476469

20734.476469

20734.473028

20734.473501

20734.468862

20734.471714

20734.472999

20734.477956

20734.483979

20734.488788

20734.494909

20734.498045

20734.502001

20734.503470

20734.505443

20734.505962

20734.506828

20734.507006

20734.507409

20734.507536

20734.507793

20734.507966

20734.508204

20734.508443

20734.508697

20734.508981

20734.509219

20734.509472

20734.509451

20734.509040

20734.507591

20734.506662

20734.509178

20734.509867

20734.509571

20734.509339

20734.509031

20734.508738

20734.508432

20734.508116

20734.507835

20734.507508

20734.507272

20734.506915

20734.506734

20734.506287

20734.506112

20734.505395

20734.504992

20734.503620

20734.502433

20734.499998

20734.497308

20734.494139

20734.489746

20734.487639

20734.482581

20734.483354

20734.479497

20734.481705

20734.480321

20734.480321

20734.481705

20734.479497

20734.483354

20734.482581

20734.487639

20734.489746

20734.494139

20734.497308

20734.499998

20734.502433

20734.503620

20734.504992

20734.505395

20734.506112

20734.506287

20734.506734

20734.506915

20734.507272

20734.507508

20734.507835

20734.508116

20734.508432

20734.508738

20734.509031

20734.509339

20734.509571

20734.509867

20734.509178

20734.506662

20734.506037

20734.510034

20734.509253

20734.509082

20734.508892

20734.508714

20734.508492

20734.508224

20734.507946

20734.507615

20734.507314

20734.506960

20734.506695

20734.506387

20734.506239

20734.506073

20734.506068

20734.506087

20734.505995

20734.506029

20734.505064

20734.504647

20734.501475

20734.500161

20734.493873

20734.491854

20734.483747

20734.481941

20734.475974

20734.475269

20734.475269

20734.475974

20734.481941

20734.483747

20734.491854

20734.493873

20734.500161

20734.501475

20734.504647

20734.505064

20734.506029

20734.505995

20734.506087

20734.506068

20734.506073

20734.506239

20734.506387

20734.506695

20734.506960

20734.507314

20734.507615

20734.507946

20734.508224

20734.508492

20734.508714

20734.508892

20734.509082

20734.509253

20734.510034

20734.506037

20734.502156

20734.506053

20734.506627

20734.507488

20734.507819

20734.508030

20734.508071

20734.508034

20734.507898

20734.507714

20734.507483

20734.507237

20734.507040

20734.506848

20734.506884

20734.506861

20734.507369

20734.507448

20734.508478

20734.507929

20734.508791

20734.505591

20734.504359

20734.495543

20734.489938

20734.474614

20734.465132

20734.448695

20734.440789

20734.433474

20734.433474

20734.440789

20734.448695

20734.465132

20734.474614

20734.489938

20734.495543

20734.504359

20734.505591

20734.508791

20734.507929

20734.508478

20734.507448

20734.507369

20734.506861

20734.506884

20734.506848

20734.507040

20734.507237

20734.507483

20734.507714

20734.507898

20734.508034

20734.508071

20734.508030

20734.507819

20734.507488

20734.506627

20734.506053

20734.502156

