AXIS X

0.000000 0.000500 0.001000 0.001500 0.002000 0.002500 0.003000 0.003500 0.004000 0.004500 0.005000 0.005500 0.006000 0.006500 0.007000 0.007500 0.008000 0.008500 0.009000 0.009500 0.010000 0.010500 0.011000 0.011500 0.012000 0.012500 0.013000 0.013500 0.014000 0.014500 0.015000 0.015500 0.016000 0.016500 0.017000 0.017500 0.018000 0.018500 0.019000 0.019500 0.020000 0.020500 0.021000 0.021500 0.022000 0.022500 0.023000 0.023500 0.024000 0.024500 0.025000 0.025500 0.026000 0.026500 0.027000 0.027500 0.028000 0.028500 0.029000 0.029500 

AXIS Y

0.000000 0.000500 0.001000 0.001500 0.002000 0.002500 0.003000 0.003500 0.004000 0.004500 0.005000 0.005500 0.006000 0.006500 0.007000 0.007500 0.008000 0.008500 0.009000 0.009500 0.010000 0.010500 0.011000 0.011500 0.012000 0.012500 0.013000 0.013500 0.014000 0.014500 0.015000 0.015500 0.016000 0.016500 0.017000 0.017500 0.018000 0.018500 0.019000 0.019500 0.020000 0.020500 0.021000 0.021500 0.022000 0.022500 0.023000 0.023500 0.024000 0.024500 0.025000 0.025500 0.026000 0.026500 0.027000 0.027500 0.028000 0.028500 0.029000 0.029500 



DATA
33930.484783

34213.159068

34255.732911

34277.281090

34155.441831

33871.823916

33451.488197

32990.008438

32653.819287

32574.108352

32973.524812

33488.301993

34629.951482

33871.111780

34039.217526

34930.930129

33368.582073

32534.498689

31568.113449

31189.844439

31129.246900

31345.276348

31598.421044

31666.642633

31421.793139

30691.168435

29810.949581

28958.195613

26532.496493

28335.560478

29929.222006

30802.567213

36925.667505

41189.751108

44960.595224

47994.617177

49245.219137

49078.624851

47626.319617

45577.668935

43228.302825

41002.602190

39011.831059

37400.617704

36151.958642

35266.787386

34685.721692

34356.233185

34216.844910

34204.391915

34271.113009

34363.721570

34455.463291

34513.367218

34534.977489

34511.592204

34460.914904

34394.424090

34366.288271

34250.787006

34262.319838

34488.736250

34124.166904

33767.775384

33392.299945

32981.431453

32589.630325

32252.022751

32032.383401

31958.269362

32122.945515

32766.070828

35023.104495

33872.449190

33318.065023

34359.263902

31725.532471

30616.381752

30446.696815

30542.999874

30874.750843

31289.677279

31741.896253

32132.777307

32383.528970

32317.260505

31688.249636

29640.721153

27768.396135

32212.527292

32511.392998

29084.420298

32819.299223

37784.794012

41016.946602

43000.899934

43845.149789

43814.786281

43165.907237

42118.540124

40894.575386

39620.140216

38410.615518

37317.728712

36381.274157

35617.716224

35025.784451

34603.919463

34324.386209

34173.053479

34108.227849

34112.872276

34147.102883

34202.666772

34253.582063

34306.581718

34353.306990

34431.037070

34539.136495

34422.574495

34207.008533

34282.903821

33862.399097

33192.423898

32524.651815

31962.774087

31536.289000

31316.862288

31264.235555

31457.227008

31824.928142

32962.937765

33887.550837

33206.579622

31822.139490

31146.607640

30812.551910

30217.384714

30371.974998

30881.015511

31589.652631

32405.151771

33325.931205

34251.615434

35053.075981

35302.655777

34494.505504

32571.413754

31221.458188

31744.119798

31944.359893

32061.473893

34366.697382

37611.421317

39994.716507

40920.397102

40991.870446

40610.289352

40101.981592

39522.359837

38939.941632

38333.907399

37728.648953

37112.101808

36510.021809

35925.088133

35390.223077

34912.537230

34522.361256

34215.487529

34008.518567

33881.442959

33839.338666

33856.125459

33935.903153

34056.174224

34228.982962

34411.937830

34504.507761

34428.859330

34051.315499

33907.982546

33432.544569

32631.079038

31777.193678

31042.878087

30560.485442

30327.601738

30424.795818

30760.923652

31527.552983

32442.298042

33189.156759

33031.916486

31432.583775

30249.891310

30435.857042

30899.162748

31380.370550

32107.386437

32949.943094

34004.087622

35206.069680

36605.328514

37845.411216

38567.945792

38084.238525

36473.977442

33593.326014

32920.197627

33180.050135

34515.403169

38002.722232

40002.345785

40789.797261

40570.649558

39758.130487

38910.927966

38200.429436

37750.350821

37433.346445

37232.618963

37019.254331

36789.076198

36475.988904

36107.297428

35670.501447

35216.044915

34759.527857

34355.012628

34016.577940

33782.599556

33650.025836

33637.340385

33725.349842

33914.608181

34153.817181

34365.378539

34436.453305

34395.559286

33696.985135

33385.240770

32845.464975

32031.173883

31112.050387

30311.327516

29722.701813

29462.480326

29494.713244

29924.398952

30639.768375

31616.907155

32456.170531

33262.215931

32557.821921

31328.446726

31679.978022

32313.119118

32988.719067

33652.341076

34462.471523

35428.967413

36745.148061

38247.364137

39900.599847

41095.683939

41607.017421

40516.781214

38137.603630

35097.134763

35416.035670

38949.811962

41444.472217

42327.459122

41678.842754

40434.620328

39067.812231

37857.861494

37031.222578

36519.487317

36331.635983

36274.954746

36321.547061

36314.800494

36257.347540

36067.545335

35785.790117

35397.364349

34969.317658

34525.069994

34134.489282

33822.880183

33638.432560

33583.889831

33671.066008

33861.679020

34097.026574

34277.062862

34305.721196

34287.253669

33173.262457

32749.847506

32177.570032

31402.043319

30538.380729

29713.644546

29090.994253

28697.764782

28636.524754

28871.101844

29485.977461

30397.452290

31609.157882

33344.578338

34080.212469

33549.056623

33668.275618

34052.181618

34474.377881

34932.926711

35495.855851

36335.278408

37446.180534

38975.174889

40645.827493

42484.848052

43860.739222

44527.109559

43155.518834

38259.451278

38319.932218

43217.781406

44212.409579

43264.625605

41689.223691

39933.318378

38363.867634

37132.175428

36244.373693

35759.561297

35532.394597

35558.038669

35649.469713

35798.959222

35857.315726

35845.514865

35684.542476

35430.314779

35070.909193

34684.921538

34298.220793

33984.730512

33768.326662

33687.922348

33731.417237

33871.666545

34038.378355

34135.468023

34130.551269

34120.892505

32502.688584

32057.691160

31508.946489

30824.198182

30036.371292

29267.766472

28578.591857

28092.326592

27809.647048

27833.759287

28182.611916

29011.516177

30473.510001

33061.542601

35109.542630

35294.963733

35184.354603

35161.576944

35191.961829

35361.273893

35728.150588

36366.995995

37386.673764

38730.682653

40518.373563

42548.200696

44901.786449

46885.766442

47075.892426

40158.302247

39865.441429

46058.754869

45425.014079

43381.156975

41241.830174

39426.368834

37946.114106

36789.144937

35984.545526

35446.028313

35208.217273

35127.838809

35221.240853

35326.930227

35462.551976

35496.817608

35469.463625

35309.322841

35083.718271

34780.327575

34479.124919

34197.320734

33997.170324

33885.097052

33871.668362

33921.218074

33976.052996

33981.735203

33921.982712

33910.650321

31729.667006

31363.187738

30897.819053

30314.824319

29636.158755

28888.978755

28181.333181

27540.680697

27082.028858

26827.569340

26933.369483

27554.526570

29084.692187

32131.009198

34931.322410

35393.333491

35194.488852

34891.413680

34732.593543

34748.293625

35051.185235

35670.182936

36651.380083

38045.302303

39847.031545

42139.339050

44828.296257

47581.535384

48374.467962

41417.275108

40883.789414

46888.296742

45910.525592

43531.144055

41366.072921

39632.242430

38256.767255

37202.952594

36372.313468

35805.233151

35401.470635

35212.838332

35113.630488

35144.806709

35169.913074

35228.268362

35205.821202

35155.649165

35010.847302

34840.716578

34623.383326

34427.272762

34249.154221

34127.994694

34047.692886

33995.487535

33934.221809

33831.294769

33711.588958

33671.759186

30934.599940

30708.535099

30353.823118

29873.618710

29257.125253

28548.525186

27768.347415

27029.531928

26364.478630

25911.151364

25755.950658

26175.242602

27579.341198

30958.695525

33814.585978

33857.015635

33531.494120

33271.252189

33177.925728

33353.594248

33789.824547

34567.007594

35692.120865

37245.047767

39216.411952

41666.304429

44417.728386

47052.553288

47730.753550

40800.246221

40351.899130

46720.383390

46362.542856

44451.150089

42553.766929

40903.837160

39587.760796

38458.480485

37565.472974

36798.369519

36232.983907

35770.436832

35484.295001

35264.321737

35170.855664

35086.185045

35063.531838

34999.629248

34951.163075

34847.303853

34747.898076

34612.970290

34491.196222

34356.960981

34230.095721

34085.154828

33913.220198

33710.944887

33511.186339

33432.355443

30175.419456

30141.085880

29863.560895

29429.959829

28843.016637

28106.620463

27290.422320

26427.305063

25647.559656

25008.780191

24697.709138

24920.435491

26222.059136

29630.587508

32217.970809

31568.168175

31083.150460

30953.350008

31186.423662

31692.803917

32481.914856

33527.022505

34932.619381

36686.821798

38913.609416

41409.499614

44097.523690

46061.723564

45918.232251

39830.624090

39711.456973

45984.385647

47009.219301

46185.176477

44669.622135

43215.224033

41762.215237

40528.380329

39360.921412

38389.467134

37497.535276

36792.463718

36177.434897

35742.630210

35387.260629

35181.835788

35018.631569

34953.770197

34886.185172

34865.170599

34809.467915

34762.404722

34666.067942

34552.440217

34384.120216

34176.776780

33915.212997

33619.747315

33346.012235

33207.719024

29573.957256

29659.564648

29407.218596

28931.265871

28289.158214

27510.571192

26618.289126

25706.225908

24825.348126

24122.882879

23703.331171

23869.251368

25113.018023

28727.521245

30972.568194

29576.963673

28882.378199

28906.774167

29460.906369

30391.216321

31559.492769

32987.203701

34649.022006

36705.124031

39024.298556

41662.134902

43911.972923

45256.405325

43847.562201

38635.854673

38786.798176

44883.247836

47788.398068

48079.362292

47399.108248

45967.146859

44533.077441

42956.708531

41573.131274

40211.621332

39054.833322

37978.956209

37112.732581

36358.720792

35813.933188

35379.591031

35124.933222

34943.904701

34884.596360

34842.544709

34852.753705

34824.510078

34786.122158

34671.299151

34504.571960

34249.851711

33931.512059

33563.158037

33217.762618

33030.608894

29152.522797

29304.526339

28941.548362

28340.476564

27574.113425

26699.425608

25761.641399

24797.878893

23917.144383

23190.699615

22803.439559

22987.335808

24351.611761

28053.388304

30159.651016

28412.372741

27587.771845

27714.673827

28536.523652

29788.059855

31343.788929

33081.163459

35099.893862

37309.466233

39877.267821

42306.382181

44378.876524

44644.103864

42726.484300

38424.247561

38674.564853

44186.267310

47981.512406

49904.681149

49703.194455

48774.691523

47082.140824

45438.416625

43632.026035

42049.985788

40499.645295

39189.677327

37990.810325

37039.672872

36234.635932

35668.426851

35238.863284

35004.405185

34857.001640

34830.546592

34818.272674

34841.059672

34806.691229

34734.485996

34560.032623

34306.189440

33948.868097

33536.443677

33138.788559

32907.399484

29005.890796

29037.763973

28485.811198

27648.347793

26716.490334

25736.602093

24747.195075

23794.982153

22934.038359

22287.792435

21976.124426

22308.767386

23841.477941

27984.628742

30082.321098

28067.773465

27263.034966

27519.649233

28510.490393

30010.593551

31801.767469

33878.293505

36104.010895

38657.679256

41191.245350

43750.222604

45175.390939

45150.856961

42386.606192

38516.139489

38635.573937

43487.898012

48239.037116

50606.288861

51448.990699

50503.603764

49135.705573

47153.325998

45328.131153

43387.491142

41710.703206

40097.349649

38757.885281

37561.184226

36639.164044

35885.282770

35380.482201

35019.459159

34845.895269

34752.337730

34758.603916

34761.871453

34773.130463

34706.524690

34575.227524

34321.733093

33972.252664

33533.957802

33109.030213

32857.602377

29074.676500

28905.753014

28019.827584

26925.932552

25789.345133

24720.602982

23717.032095

22800.453195

22025.629281

21475.086156

21309.099606

21776.449255

23530.750101

27889.208595

30106.474902

28205.213326

27620.775459

28077.308700

29248.934368

30856.446320

32847.575789

35044.853194

37586.371818

40189.342549

43048.485094

45280.189818

46817.130307

46073.054449

43647.532041

39809.781819

39522.751666

43744.505203

47817.060313

50860.680110

51594.661872

51305.926659

49747.608846

48098.238595

46043.255242

44220.920052

42340.891767

40736.763259

39218.099929

37981.123895

36898.240093

36090.224280

35450.468956

35046.351455

34775.037288

34666.520969

34619.960737

34644.693958

34647.701014

34632.509723

34521.269857

34319.810966

33984.141139

33562.289054

33129.670799

32876.251511

29390.621457

28855.835633

27629.921193

26226.973092

24931.673340

23785.151261

22812.681453

21975.731162

21307.214319

20882.452327

20826.396366

21400.404744

23199.903752

28052.685139

30318.856198

28322.691757

28169.510314

29012.926744

30365.681387

32125.300422

34102.314199

36442.736971

38919.072792

41786.997705

44418.073188

47006.799871

48108.940801

47954.809343

45180.742606

40346.640999

39650.478030

43973.649683

47774.962328

49956.017770

51025.881763

50439.133862

49436.167374

47689.452322

46063.455742

44202.885762

42581.314399

40932.365386

39531.238552

38209.712901

37145.554067

36223.121954

35551.936843

35033.800299

34724.196525

34529.644469

34469.614292

34454.807701

34486.926937

34483.219700

34437.309450

34276.539516

34003.744086

33610.551470

33204.424856

32967.419809

29827.377297

28934.414386

27327.233662

25696.670256

24249.786605

23092.030401

22161.905853

21437.847856

20882.299195

20561.123955

20577.122009

21130.515833

22833.104092

27649.343615

29882.932006

28007.643065

28467.002023

29804.243306

31538.343997

33363.965931

35428.951765

37557.868458

40069.560534

42562.424483

45400.278409

47561.094627

49372.899407

49175.844413

47134.942437

41803.442897

40671.667965

44714.939378

47385.772402

49055.727200

49316.575241

49027.632695

47851.473104

46673.565155

45128.685651

43769.045629

42271.957627

40961.403471

39613.339974

38451.510637

37338.740367

36438.353347

35656.537540

35093.689185

34667.612832

34423.917749

34282.943290

34256.238914

34266.608290

34307.113731

34299.126571

34222.250100

34012.296595

33691.561061

33327.396167

33120.847850

30379.831650

29087.885634

27212.554530

25394.110001

23900.369658

22736.858180

21892.009339

21253.188153

20804.699542

20541.458505

20569.596521

21050.902701

22477.176999

27424.859284

29324.688485

27156.389671

28173.563113

30162.336558

32257.238645

34387.789881

36327.025314

38425.165808

40444.011982

42850.431723

45052.543301

47554.954015

49138.794480

50001.693694

48145.477016

41294.650997

40157.854008

45452.735185

47315.649144

47825.465712

47739.808786

46951.461802

46126.325439

44958.209269

43960.779917

42814.429677

41823.730386

40722.452277

39719.041281

38635.672959

37660.870271

36697.270645

35899.717981

35203.988252

34702.398117

34332.365018

34130.728533

34032.025218

34040.244568

34084.816413

34144.580174

34136.684657

34030.527885

33791.788786

33501.550541

33335.938823

30901.226355

29361.409693

27291.247322

25426.677358

23929.422000

22836.320179

22047.130281

21503.184576

21097.766853

20873.281497

20894.241893

21335.402853

22630.504472

26979.980871

28240.290390

26056.734589

27439.267999

29826.832315

32446.722826

34720.797843

36821.806263

38547.724987

40412.626000

42123.947127

44268.434731

46179.187860

48280.961021

49239.876544

48053.622352

41925.924066

40952.597100

45949.420315

47299.707144

47044.069123

46227.238970

45328.932426

44263.886346

43412.650243

42534.877557

41861.842751

41143.922704

40504.324259

39726.582033

38940.776246

38018.974766

37132.089797

36230.726101

35465.086538

34803.256752

34328.745468

33997.475986

33837.688476

33793.736286

33858.652159

33957.332548

34047.638777

34042.086604

33921.388301

33718.749734

33601.363559

31404.589031

29712.618839

27629.027385

25794.979278

24399.118641

23386.908793

22698.007078

22197.890750

21853.677586

21641.688250

21741.097126

22364.340087

23818.311533

27687.388327

27779.938162

25317.906440

26536.093524

29126.153331

31919.934862

34540.998381

36526.433143

38258.377713

39596.400331

41154.817169

42652.385143

44593.351940

46290.298249

47529.760870

46739.726186

39984.355663

39577.798230

46204.723467

47197.956811

46633.688966

45419.322213

44108.230926

42989.243884

42021.269591

41363.141322

40857.411989

40527.757861

40173.314496

39791.602199

39208.138297

38510.132510

37627.770341

36729.116887

35816.747275

35036.574058

34385.443042

33936.506088

33658.850743

33570.822112

33616.857333

33771.164618

33941.450970

34065.017209

34067.636020

33977.004189

33919.364216

31778.298537

30193.121336

28203.938640

26526.933996

25266.670926

24397.813377

23797.677109

23393.442816

23093.062393

23009.058093

23328.924959

24467.115280

26733.706438

29194.914838

27756.934170

25411.855204

26025.833513

28273.167899

31173.100713

33744.785792

35890.268679

37334.646342

38613.259558

39691.471363

41091.418041

42538.023651

44086.379996

45029.271972

44116.672020

39774.966457

39778.210186

45092.329572

46968.853586

46421.842759

45144.318035

43591.828723

42186.519932

41112.140565

40399.453878

40027.323121

39887.769529

39853.560995

39747.142631

39490.749704

38955.059091

38216.692966

37272.677098

36297.584830

35341.953174

34544.795178

33922.584855

33536.643698

33360.065503

33396.833368

33576.679968

33845.010909

34087.346716

34237.246811

34268.101587

34274.937717

32108.284354

30761.675479

29041.283646

27569.400303

26508.631573

25783.204178

25317.962058

25005.410154

24862.253121

24973.358595

25771.529924

27736.180658

31037.396025

31632.495226

28395.016371

26319.703725

26057.400144

27837.927547

30349.964416

32950.189894

34901.939888

36380.940246

37365.874454

38359.329709

39390.129604

40618.240037

41725.754225

42149.735760

41379.997389

37368.033552

37763.748916

43418.402650

45761.619561

46198.482104

45079.408216

43499.481370

41858.828638

40573.159929

39708.645654

39334.750574

39282.595843

39450.674516

39616.632644

39615.642237

39342.005736

38723.169251

37852.022057

36794.220765

35733.306661

34754.529494

33986.133947

33451.563555

33198.339451

33190.418140

33408.044568

33749.754775

34127.590251

34418.721712

34585.097748

34670.808489

32358.492529

31461.218621

30077.913167

28896.729179

28033.817744

27474.718468

27127.713297

26963.007550

26987.245702

27464.206144

28774.477488

31593.247678

35388.452164

33265.031275

28842.746688

27476.156672

26734.861279

27812.169261

30012.697008

32233.244416

34156.815342

35427.563309

36346.024342

37089.992749

37890.250556

38754.281877

39387.321306

39532.560251

38504.361449

37131.075605

37532.953153

40787.990556

44045.301919

45182.295095

44856.028743

43408.753133

41756.275477

40234.952274

39244.759940

38717.552351

38707.943886

38950.531071

39322.166906

39560.243743

39517.451665

39103.597907

38314.628618

37277.651950

36116.320455

35019.151840

34086.348664

33431.751400

33071.501547

33034.417984

33258.033616

33685.629128

34175.360891

34618.316933

34917.892219

35083.187900

32672.265761

32234.103542

31291.442776

30406.767047

29765.042435

29342.808060

29115.420039

29071.395092

29327.707863

30094.167828

31890.552912

34887.045577

37705.316396

33390.804435

28804.923185

28325.870071

27586.427014

28402.562186

30036.327231

32047.248333

33673.307878

34839.833625

35575.149266

36061.992391

36560.880026

36955.958135

37257.369855

37072.211632

36535.153421

35833.622177

36315.625332

38583.851747

41464.515847

43492.783497

43796.259058

42980.847710

41433.176032

39962.332634

38773.783914

38198.022358

38067.860084

38381.616558

38836.070390

39276.201618

39448.858412

39239.466180

38610.064143

37627.904858

36460.104358

35265.380490

34229.252399

33445.663422

33010.272524

32916.285797

33163.001701

33642.479533

34252.096970

34822.336791

35256.384409

35510.667284

33055.349985

33094.875313

32571.446122

32012.277541

31566.284226

31270.662249

31136.752726

31216.759600

31636.786489

32673.735378

34513.332044

37051.727087

37884.680995

32936.945141

28742.699417

28688.441951

28645.924813

29175.822468

30626.784049

32205.581003

33647.713120

34613.891629

35065.520809

35304.717975

35280.420935

35294.129395

35144.669173

35012.670637

34959.499148

36097.163545

36264.717370

36541.069024

38793.986085

40817.675206

41916.350607

41674.435886

40704.021931

39343.578978

38266.275074

37555.391267

37424.756758

37670.471378

38211.169440

38754.271387

39120.037639

39109.019230

38657.515584

37804.137567

36675.446573

35471.698763

34357.442848

33506.093000

32986.522006

32869.440588

33106.899455

33652.395570

34341.836986

35038.439449

35585.588650

35919.771026

33593.450108

33981.226900

33841.218326

33568.321610

33310.259450

33145.470680

33109.770408

33318.741382

33898.463753

35013.237080

36753.256119

38331.831848

37832.526780

32746.391415

29214.430424

29561.502660

29661.136389

30339.208086

31354.762303

32751.039573

33916.946612

34591.721587

34840.081450

34518.943959

34117.933309

33512.450207

33102.281619

32987.436683

33562.208407

35611.219694

35930.103323

34729.308847

35884.683355

37708.229910

39060.351609

39609.472960

39170.064205

38345.384058

37399.722091

36819.844092

36627.530796

36893.537929

37426.188404

38060.934992

38552.916719

38720.654884

38455.117563

37754.400393

36739.372552

35569.936781

34463.447862

33562.848540

33020.153704

32862.683348

33122.812760

33692.115852

34467.388927

35245.562980

35895.187680

36305.437177

34265.909539

34857.688298

34998.109904

34952.820664

34902.215586

34885.779371

35044.142144

35407.153773

36145.773411

37312.941991

38773.358770

39798.840857

38664.217092

33796.564142

30426.500109

30991.189900

31274.692424

31471.168646

32335.696796

33328.823260

34228.606073

34712.997460

34425.473075

33794.293366

32667.525106

31693.619924

30913.457164

30781.724692

31897.852611

34951.939495

34950.116885

32785.452508

32970.318735

34308.863224

35822.828346

36763.252632

37072.085803

36722.917824

36228.797066

35805.722437

35724.972033

35999.272760

36553.423104

37234.537781

37814.338946

38127.326562

38020.984735

37498.175050

36613.977405

35556.932574

34488.018386

33622.169980

33059.983203

32920.454413

33172.167796

33790.416135

34598.516592

35453.329310

36164.667773

36629.983236

35002.621962

35685.921069

35956.368912

36129.757746

36263.837575

36551.175368

36937.865096

37600.829306

38460.501965

39657.886893

40960.524853

41722.342442

40590.566487

35231.260962

32243.294820

33340.089190

32984.938559

32916.986266

33116.707018

33809.436070

34418.634840

34442.845068

33937.260617

32575.433786

31132.937589

29593.513483

28618.739254

28471.805262

29686.668774

33535.904018

33963.832210

30592.883707

30203.642071

31099.696116

32464.482539

33746.539647

34469.136704

34749.501086

34672.716897

34584.752501

34681.984897

35024.234750

35639.366292

36328.288701

36993.315347

37381.576177

37432.663174

37047.263831

36337.769016

35394.839675

34445.818683

33623.993036

33122.957535

32985.610782

33280.712604

33901.337287

34756.825178

35630.107371

36388.454507

36891.397286

35758.586714

36363.267619

36755.861448

37051.161168

37532.867902

38106.162375

38961.501828

39827.648775

40913.657104

42015.290350

43253.836772

43949.235510

42944.061312

37129.414278

34138.840722

35646.160448

35033.921585

34020.225067

33806.187443

33948.147032

34122.783364

33927.120557

32781.293627

31235.158421

29168.387197

27515.145624

26313.511908

26108.061776

27389.898138

31200.066382

31509.157070

28496.344592

27741.522274

28301.074027

29491.695839

30763.477938

31871.195134

32540.250583

32938.690447

33220.861227

33529.962032

34057.963705

34685.232382

35462.870509

36112.082828

36607.184695

36716.917089

36496.507350

35905.113493

35137.580359

34290.385227

33597.023897

33143.171206

33082.350145

33384.980583

34049.886355

34894.360605

35789.575369

36543.690198

37057.239976

36340.227645

36926.668374

37334.571987

37937.380640

38675.124803

39813.250588

40935.798729

42218.034394

43200.636876

44363.147107

45396.860179

46162.693072

44868.881209

38188.683065

35765.865481

37907.151422

36501.282508

35071.828196

34019.402867

33693.679519

33483.414550

32744.268262

31478.617976

29353.876465

27339.453344

25361.292046

24259.829648

24034.151809

25284.035719

29220.259323

29958.832240

26685.093391

25773.738963

26021.422402

26935.390342

28222.966929

29393.032864

30419.768412

31187.377123

31792.105266

32433.536637

33058.639088

33860.869047

34592.472508

35335.769900

35790.331591

36017.483122

35842.553645

35422.231848

34758.491588

34087.096391

33483.729862

33159.424518

33138.815459

33514.132691

34170.821639

35035.227095

35891.538844

36635.643817

37136.522187

36748.100127

37249.200750

37900.374094

38723.879282

40043.241317

41453.071349

43127.773922

44299.636153

45490.004702

46301.267955

47485.981927

48113.669494

46574.941022

39462.455394

37114.083240

39465.109129

38038.801282

35558.906591

34045.942677

33099.292775

32392.378932

31434.175413

29684.368192

27686.383493

25320.362553

23652.489317

22382.798265

22311.233804

23439.841337

26624.903167

27283.618730

25061.633037

24112.667831

24120.539279

24927.440534

25987.371910

27304.038439

28473.585456

29530.859637

30500.830750

31328.913202

32247.882270

33047.544705

33926.712455

34573.933233

35116.087115

35287.822098

35238.178279

34858.773921

34370.236373

33791.085685

33356.988231

33105.457510

33200.933116

33594.323363

34297.668175

35120.741996

35959.595203

36642.953999

37109.453319

36820.667058

37453.185947

38333.697432

39737.967419

41366.970663

43410.626048

44977.369163

46477.811965

47177.948845

48326.011174

49305.811786

50087.574786

48388.229572

39820.842165

38084.124007

41573.834747

38936.882829

36181.186720

33808.665079

32368.981270

31241.995699

29877.470289

28138.007953

25842.826124

23864.793867

21897.185156

21025.795950

20658.532007

21752.549851

24514.552632

25229.219816

23366.274731

22490.325888

22571.123423

23073.648493

24248.784896

25446.970794

26801.308412

28100.200354

29270.170391

30457.133771

31446.008718

32492.042847

33288.265850

34046.945565

34462.394743

34716.091091

34613.599631

34368.368259

33923.379580

33516.595282

33160.105831

33058.146802

33198.765631

33676.998149

34361.102477

35188.712677

35950.656799

36585.826687

36996.743572

36637.178253

37451.129814

38850.915903

40668.550179

43002.748919

45045.268754

47036.649090

47943.245197

49074.736658

49795.704071

51486.858394

52308.679211

49528.950468

41654.247114

39775.730052

42440.139868

40515.736224

36560.785592

33716.771656

31678.173934

30152.147634

28567.383729

26625.680425

24562.312704

22329.759579

20873.436092

19420.886139

19321.140593

19809.838652

21898.455607

22501.871413

21317.052044

20874.594966

20796.866564

21672.475183

22575.404888

23957.961568

25375.081001

26822.327179

28312.864997

29601.973057

30923.576771

31941.625778

32925.400148

33546.744522

34041.199127

34165.812439

34148.591718

33869.732217

33565.154684

33204.459287

33004.098194

32956.125391

33210.538546

33694.319361

34417.057959

35181.068331

35904.695078

36444.230753

36792.051748

36209.513319

37349.123832

39232.169950

41738.345763

44295.074255

46865.812708

48331.612998

49665.573504

50071.764042

51693.350219

53106.612417

54250.025864

52355.875289

42454.892866

41006.032309

45286.536139

41319.992081

37233.058296

33664.484675

31208.981667

29312.117644

27569.816209

25575.610478

23428.386163

21506.575273

19542.123484

18668.764079

17545.811640

17932.732567

19438.956312

19793.515260

19083.615322

18775.164405

19489.344871

19994.895455

21295.124282

22631.044759

24179.777857

25849.680887

27408.115608

29053.075055

30381.114521

31675.199528

32556.733769

33303.606167

33641.133200

33828.064280

33708.425006

33525.506176

33213.581274

32988.768244

32828.275758

32903.098591

33176.135301

33723.901053

34404.588287

35156.099897

35779.793528

36253.304608

36519.706350

35623.796927

37144.079511

39551.532198

42464.849321

45569.266712

47899.235502

49790.188030

50307.803869

51482.365712

52219.615142

54576.142083

55480.110525

52136.200250

45693.549228

43678.121252

44968.605084

42494.952311

37513.435883

33663.287232

30943.064607

28900.867752

26908.865475

24991.984240

22838.442941

20718.750294

19011.900029

17154.980832

16996.040510

16416.407513

17789.821815

17937.416403

17087.409835

17613.364277

17526.446109

18801.859136

20035.990300

21600.597950

23303.536492

24982.177880

26869.517557

28489.300991

30145.261988

31365.903123

32441.338427

33045.325900

33460.309936

33510.002046

33455.217734

33215.023837

33006.936414

32794.752463

32748.138136

32842.397079

33189.173937

33710.435666

34398.770922

35062.722300

35632.076957

35991.742563

36183.781697

35040.493236

36819.958719

39635.794107

42937.801408

46117.643359

48814.174309

50137.976392

51335.532018

51429.481533

52933.770728

53711.250043

55194.386109

54136.268114

46361.924669

45218.668027

47279.659435

42100.297087

37274.960343

33614.641678

30895.344167

28745.038918

26879.056856

24674.868287

22704.205440

20489.247456

18300.101700

16741.789627

14976.654482

16552.414837

16811.828559

16773.531829

17172.010645

15335.435895

16454.874866

17583.431599

19208.841595

20911.639721

22574.124936

24575.848478

26349.065208

28304.348390

29862.576004

31322.664110

32272.840365

32988.341521

33263.087362

33369.729824

33228.915201

33065.841717

32845.815315

32730.982568

32700.301608

32867.860400

33199.389975

33736.208764

34350.355431

34971.094206

35422.506423

35705.869171

35805.127238

34462.703586

36483.805659

39401.336270

42871.809439

46214.018883

48734.650124

50538.333991

51040.708283

52176.233812

51851.787891

52806.136865

52857.752447

53602.086576

50371.570399

48093.120148

46885.076636

41128.455844

36539.538140

33327.390301

31091.033939

29048.013836

26962.558333

25070.744185

22597.260106

20586.401263

18262.896619

15980.898582

14997.124174

13165.350012

15234.978557

15485.155071

13820.575887

15020.366872

15569.641800

17149.974971

18831.464314

20380.526142

22434.366651

24208.264150

26324.959322

28106.706085

29905.038673

31223.703356

32301.269821

32879.667222

33212.546841

33224.083353

33144.043776

32956.863795

32819.517401

32721.324902

32761.331182

32928.137363

33279.021028

33757.193009

34330.617030

34838.523041

35213.488835

35373.375915

35395.717061

34068.695496

36002.694304

38935.641462

42216.252894

45567.660609

48226.872324

49856.655564

51226.716428

51406.160239

52793.868924

51122.207794

50994.125571

52113.971702

51270.556788

51354.488634

46809.443411

39397.429234

35496.297135

33505.225942

31329.442525

29536.558184

27595.403453

25265.606730

23142.287268

20363.090292

18386.272400

16188.847433

14099.279036

15648.382024

13946.695681

14202.451173

17570.546786

14896.439902

15956.566181

17347.748547

18528.653088

20578.806704

22284.802023

24456.061494

26328.110209

28324.421831

29934.353684

31352.173723

32276.145020

32894.656537

33126.145384

33180.981339

33074.554475

32957.493083

32844.822482

32815.998200

32876.347047

33069.579221

33387.005061

33827.430146

34300.729060

34726.876871

34970.982033

35044.912511

34972.951686

33757.400499

35579.610635

38068.475798

41185.466395

44207.833548

47013.743255

48982.797818

50180.803168

51786.137699

51735.029011

54247.448886

50911.211929

52818.370359

53182.464487

51526.344241

45855.462579

37758.491350

35816.848744

33224.925296

32002.527455

30183.972591

28206.402698

25867.544505

23192.500524

20634.671556

17959.081497

16401.696011

14576.511904

11530.134615

13436.759888

14546.232419

13404.700444

15457.767549

16719.269894

17189.797947

18939.540633

20575.893213

22759.869129

24730.436323

26800.728207

28595.471413

30236.744108

31469.111214

32373.688169

32870.804880

33106.400513

33131.327604

33074.594985

32993.907348

32946.825928

32963.869534

33059.942499

33254.486624

33545.652955

33913.711001

34302.618825

34602.637513

34749.265996

34700.440537

34554.113146

33654.178246

35026.459830

37179.461688

39592.243870

42566.693360

45145.076383

47565.636533

49145.097141

50122.602817

52038.746661

51958.460910

58558.838252

52861.928090

52187.377381

51519.159552

41226.415807

39292.213042

34523.083865

33748.508629

32462.254310

31096.773066

28861.556602

26440.434223

23282.348334

20636.763838

17917.373882

16651.287692

15344.314125

14601.386631

13304.016964

14473.104113

15709.426958

16472.033605

16693.273023

17360.234609

18872.265341

20893.012827

23194.967039

25360.413663

27388.146866

29134.433370

30599.617234

31711.103650

32464.741992

32888.668627

33079.775658

33111.850852

33099.918651

33069.669976

33093.614428

33150.703724

33285.800089

33470.018050

33730.229265

34023.910714

34309.315085

34502.335809

34522.282654

34386.340147

34155.549347

33560.860749

34590.987145

36050.386679

38107.239553

40323.887188

43297.135794

45568.570243

47604.340390

48184.152795

48235.520602

49483.137029

49166.968221

57893.984046

54397.198909

47157.548733

43395.263523

36179.317049

34464.620914

33764.551267

33375.788932

32031.096482

29922.546681

26614.522972

24027.229711

20194.400900

18986.263640

16505.046322

17205.323725

14422.615826

13680.982539

14733.849052

14412.248537

17208.420630

16438.658585

17566.739336

18532.570196

21261.090680

23547.643028

26179.086686

28077.430440

29819.670273

31040.331814

32003.359621

32567.788668

32925.252318

33048.629410

33126.141762

33128.794236

33190.341038

33245.149134

33375.508738

33510.180929

33708.229142

33912.220960

34142.984081

34324.788137

34404.902439

34325.625868

34087.503057

33795.478369

33565.666104

34054.339473

35167.260570

36397.677152

38466.221566

40797.563929

43984.742349

45469.568102

45864.547090

44119.154880

43188.664493

43821.264416

38730.690324

44730.874144

43236.624730

36181.261486

35472.725566

34491.692409

34256.861898

34750.935262

33477.993149

30686.702582

27976.568417

23681.869014

22165.225578

18467.575418

20116.480309

15169.522156

14732.041187

14116.183155

15198.819589

14002.203612

15125.869173

18334.248847

16892.295653

19296.728848

20909.628302

24421.162930

26677.139010

29043.687619

30410.687143

31597.159943

32234.765515

32730.388108

32915.215475

33081.103244

33111.695138

33221.908885

33285.463979

33441.743658

33566.435321

33754.192954

33909.124685

34097.111982

34239.399133

34341.258095

34318.316770

34144.145917

33838.302467

33488.182865

33430.037515

33663.467713

34239.714186

35204.281814

36393.103345

38912.734894

41635.179982

44293.838829

43575.564534

41248.278557

39514.339266

41837.939134

49085.167771

44837.160978

43443.177355

42816.624550

36755.907019

34512.612171

36038.828568

36474.799377

35228.336077

32422.975067

28352.370838

25944.038818

21923.071886

23050.161339

19460.851873

21639.548754

16509.562629

18150.123779

18663.703072

19444.185041

21891.342308

18529.723017

19731.306986

18824.524103

22102.406238

24464.648626

27785.925871

29593.174770

31198.187359

31932.088287

32561.306881

32771.475163

33010.979302

33047.861278

33202.008539

33263.975796

33452.805551

33578.357036

33787.139311

33929.096864

34109.463012

34222.420198

34327.949292

34334.210196

34239.479375

33992.422067

33628.869465

33246.993434

33237.985845

33216.404107

33669.174725

34084.467485

35048.208934

36699.480690

39929.436584

42623.738012

43015.708246

40540.916854

38578.006883

46472.967157

44192.692376

47056.425269

43672.695121

38809.160630

39150.102896

36073.813634

38066.445526

39096.136154

37326.228445

33713.138463

30394.292709

26564.829274

25193.133244

23626.419304

25410.684216

20392.751845

20551.742565

17869.904486

18891.270346

22418.378087

22862.586955

24710.635524

20816.150603

21031.435185

22289.229118

25736.957610

28228.855021

30478.296916

31525.152021

32369.017867

32632.365339

32953.712326

32984.107819

33175.140075

33214.840139

33427.090897

33540.107294

33775.013514

33915.011748

34113.955008

34218.494293

34335.180163

34354.701909

34323.217331

34155.421404

33868.321581

33477.331448

33079.893080

32878.621053

32870.366992

33184.818363

33514.457687

33882.963127

35177.198021

37738.104245

41325.794076

43199.489626

41038.567740

41342.716694

42003.295119

45720.990044

42351.617829

41531.980623

38879.392081

37030.607037

39043.228818

40720.318130

42005.830735

38790.334723

35458.743767

31783.417609

28616.661681

26204.882735

26001.635509

25600.904209

22688.648996

20554.342291

19209.057413

20149.194894

21989.352799

24614.213638

25426.790881

23625.435000

22129.112812

23910.500718

26555.132868

29192.580415

30756.738824

31920.929996

32365.913080

32847.909740

32921.874018

33175.954065

33188.151317

33415.035509

33490.932763

33738.312408

33861.645802

34082.434754

34185.062277

34324.304939

34354.405221

34371.178812

34268.635209

34084.753282

33768.928861

33378.205731

32990.273464

32405.923394

32558.315273

32927.415795

33182.837224

33327.654099

33953.638214

35847.578120

39415.403933

42878.616392

43651.053216

41317.258696

41585.643970

41949.300893

41598.202991

38164.024509

37904.254547

37594.495978

41187.589090

45877.526477

43008.129831

39971.270920

35999.014478

33358.293197

30165.042030

26830.864306

25445.365619

24263.711226

25637.817741

19321.304474

21925.802188

21196.530874

20864.313987

25939.012968

24186.017427

23266.377526

23523.892081

25440.124174

27901.012607

29655.433333

31054.343088

31718.127469

32475.119927

32727.956988

33155.396280

33198.150095

33463.651607

33490.018198

33732.633160

33809.934716

34035.318187

34120.227770

34279.631834

34314.948516

34370.635598

34312.668924

34219.480700

34001.838574

33705.421193

33333.139483

32976.697104

31966.429194

32241.584290

32817.555657

33084.337588

33208.266062

33262.784980

34424.315586

37010.081354

41355.933400

44771.615996

43944.701362

41222.314558

39441.221827

38519.142169

38070.982110

34853.954223

41068.655709

49154.483698

47174.240021

44092.583209

38412.868510

36334.878771

33549.690793

31131.194010

27492.278429

23528.736501

23413.788778

20300.352196

25655.784462

20923.270952

22561.008876

24500.964012

19667.942766

22688.098477

22298.936672

24635.075006

27299.807552

28728.253017

30118.824266

30639.202275

31635.623705

32139.512347

32922.254281

33149.785019

33559.041308

33575.015761

33817.793991

33824.189793

34028.117422

34063.210804

34222.587778

34243.990284

34325.285460

34290.964260

34264.590719

34127.948386

33945.583969

33661.603353

33340.627561

33030.738940

31487.417047

32072.325580

32660.968022

33214.445188

33221.918283

33296.182043

33407.042611

35190.327519

38278.198817

43135.180975

45953.899739

44890.876480

40827.486762

36991.473691

32681.496266

41237.022556

53674.986677

50223.157062

48116.871385

40414.717438

37760.869543

34222.771037

33435.383142

30708.069226

27808.795526

23934.959305

21037.317146

19028.835940

18326.261501

35028.813097

30682.829814

16046.351316

18143.844368

20776.828783

22865.486361

26488.255438

28062.275960

29651.837610

29536.948134

30522.352283

31044.932775

32258.316310

32829.029825

33575.096600

33707.363446

34014.722810

33958.609444

34124.924349

34076.045217

34204.017667

34178.794498

34261.770670

34225.479987

34240.161350

34154.291909

34066.301004

33881.292219

33659.903141

33388.103938

33143.030000

31288.387295

31838.876975

32639.961528

33140.531615

33535.930450

33332.381507

33454.774585

33724.721251

35941.677857

38693.682741

43762.223401

43757.947444

49148.878233

43576.543941

47048.986225

58060.200660

46977.103469

49118.988473

41295.640377

39010.785701

34576.750725

33576.385834

31064.225371

30431.503474

27268.716438

25400.283902

20700.396735

23405.368514

16364.678163

42051.532185

34516.597963

14733.191235

24766.983937

20255.226980

26229.874349

26911.343622

29443.598149

28770.103744

29670.958117

29812.984471

31260.898727

32117.698696

33340.392293

33757.994350

34267.662121

34219.010979

34365.843258

34216.426603

34283.193233

34173.870753

34225.344819

34154.244290

34181.077582

34113.757488

34088.588039

33978.770748

33861.456412

33673.457730

33478.545105

33295.498923

31145.637050

31832.266791

32440.252053

33121.951207

33455.097887

33678.000904

33438.238009

33600.898337

34028.002886

35959.599127

37212.768095

39399.645316

34381.794745

26232.926327

27031.752145

34933.029246

41445.878743

39044.131522

38843.016703

35439.446096

34270.382482

31513.267007

30689.933313

28170.237684

28082.729425

24472.301258

27496.899977

19003.850548

57766.662074

23539.572895

28016.197231

63492.056458

19675.085933

30757.512300

25503.662360

29681.872606

28161.402732

29371.369712

29060.105462

30477.619972

31326.320262

32904.645192

33646.346758

34480.121018

34551.729178

34742.113243

34510.880468

34503.157776

34280.562471

34265.765180

34123.435493

34129.075703

34046.957218

34052.040194

33984.821516

33948.006711

33842.210254

33731.877350

33588.922256

33476.887936

31358.991007

31810.560567

32358.751314

32814.706630

33269.766475

33514.688706

33558.896288

33486.393164

33464.473960

34019.616020

34208.957781

34529.302422

29881.085807

34361.835765

35454.879424

30825.838732

35542.642777

36332.199241

36068.842546

35324.116298

33381.454251

32137.867553

29630.327353

28765.963819

26172.625262

27941.325228

24578.499391

35936.940461

42458.103553

28308.547304

28708.121701

42561.992500

38691.708905

26687.977592

31316.693962

27805.651244

29743.879430

29106.056067

30488.518007

31117.749320

32724.521027

33593.334466

34684.806309

34922.937628

35216.409935

34948.122353

34874.723895

34528.228538

34420.373437

34174.980670

34124.941214

33993.960983

33996.126881

33938.979312

33952.790725

33907.888260

33879.547928

33799.426820

33727.506411

33664.779666

31655.768844

32002.736227

32236.619250

32495.022429

32794.159533

32991.370489

33253.487414

33072.621209

33266.097688

32730.816862

33436.842133

31768.928977

33436.640612

35933.477746

36867.002110

35849.766819

34589.637741

36413.136332

35990.508762

35641.230684

34545.043095

32721.974766

31250.021929

28892.728487

28422.140850

26573.254682

28374.152425

32787.479797

33226.149458

30802.949202

30636.801711

33912.313504

34489.452978

31256.366047

28960.511290

30828.183175

29985.197786

31507.592398

31942.475355

33354.464224

34105.609300

35179.662626

35466.623570

35814.594667

35521.466467

35388.665931

34920.206750

34703.868020

34334.934837

34200.185669

33990.012436

33955.936048

33876.391028

33909.216232

33899.005540

33936.374382

33919.968420

33907.636285

33865.524026

33853.522531

32185.205331

32251.430337

32227.970140

32222.102490

32176.514612

32361.145663

32298.902464

32605.879020

32195.940758

32584.449402

31826.200998

32722.112196

34157.077746

35842.497386

37012.543663

37223.769511

36730.394984

36483.514542

37129.288191

36530.370059

35886.921772

34601.671405

32928.505146

31609.696513

30107.717263

29673.346542

30977.452038

32999.762927

33139.169071

30953.814502

31915.638932

34071.548168

34597.371468

33098.027829

32126.279932

32101.240482

33287.746305

33704.485656

34904.813036

35491.822816

36300.555533

36463.974260

36685.346696

36297.182669

36059.437629

35455.521872

35114.854700

34610.268441

34371.068682

34061.018392

33962.450124

33830.504175

33848.275567

33841.695748

33919.858068

33957.510928

34012.939723

34014.377707

34016.439440

34022.089275

32738.017869

32608.447344

32363.276220

32011.852697

31814.684022

31506.958267

31599.953459

31350.552168

31662.069617

31314.196346

31790.912001

32466.820014

33620.142349

35265.670574

36416.425728

36659.378984

37162.719033

37225.282044

37326.680484

37570.129063

36987.717694

36348.780313

35229.160773

34240.741401

33347.672398

33493.950615

34206.288135

34831.848515

33617.721597

33828.975032

33883.250842

35163.295441

36750.948136

36424.125064

35755.132417

35694.372227

36189.919862

36960.495013

37486.126764

37976.881953

37999.359681

37936.568428

37376.550842

36934.613374

36153.922187

35654.087387

34997.970252

34639.505657

34219.120768

34038.899409

33834.512271

33806.975073

33770.170552

33852.482787

33918.115970

34033.843873

34098.018212

34148.009619

34150.349180

34175.253384

33306.129611

33032.307897

32575.383316

32111.116277

31507.270761

31168.809528

30709.646045

30737.894552

30538.570027

30845.066608

31206.912152

31863.080396

33073.558602

34162.294244

35135.114709

36098.447655

36323.271528

37028.885891

37359.434530

37589.468809

37781.720702

37402.090138

37164.942502

36564.503897

36520.049794

36485.118833

36739.905642

36037.425103

35821.830861

35224.812118

35995.704491

37141.794097

38193.007131

39210.152819

39137.880219

39117.163684

39278.302036

39618.825565

39775.618118

39724.644273

39382.976843

38690.529567

37987.021917

37016.341508

36314.741845

35490.339467

34996.954011

34461.360990

34193.644729

33911.585227

33823.201004

33732.882618

33781.571392

33832.807810

33971.040858

34087.631887

34211.822849

34263.981259

34284.124049

34296.164982

33803.593639

33439.050628

32974.684430

32289.872169

31659.889452

30922.778307

30521.679541

30111.803248

30127.639889

30280.232695

30658.575924

31447.189865

32173.475336

33187.734350

34124.234137

34704.834813

35621.306956

35987.152228

36732.895289

37209.166413

37594.256139

38002.574558

38078.419109

38380.377062

38423.170718

38572.294333

38178.792311

37772.694102

37092.865242

37128.279561

37527.173523

38632.627394

39932.558087

40874.083410

41486.649331

41621.306471

41595.290762

41472.827408

41230.214589

40689.289358

39927.962131

39015.840260

37921.178089

37018.987688

36044.669742

35410.815001

34765.380972

34413.402636

34061.474878

33914.939863

33769.698128

33767.771923

33772.602869

33881.340414

33996.247158

34164.962436

34294.172773

34383.337557

34389.724198

34400.131578

34159.753960

33867.663796

33367.603756

32730.334927

31899.987331

31210.985218

30530.751419

30146.284940

29937.950807

29970.891555

30365.485513

30755.037303

31519.490106

32166.348902

32840.326551

33650.143085

34094.590973

34959.711796

35459.293879

36281.506731

36978.312204

37710.743447

38477.691388

39095.373163

39629.755391

39852.587189

39779.317811

39503.983677

39262.871549

39301.752659

39831.047506

40644.594017

41747.005497

42556.411712

43146.657298

43144.635172

42980.344359

42436.569998

41757.258690

40849.644617

39806.129460

38643.151837

37596.704950

36537.906270

35790.006960

35069.454658

34651.057534

34251.298566

34064.074919

33882.112875

33839.763381

33799.708006

33858.339294

33924.393213

34062.965782

34205.437814

34368.406897

34462.933370

34483.445316

34472.659888

34415.170427

34190.184147

33817.012387

33133.125869

32421.395063

31668.142297

31030.654078

30487.104772

30097.357353

29993.563469

29947.427990

30283.914241

30542.066410

31040.621140

31550.067695

31985.747665

32713.551066

33182.485813

34094.344553

34831.925765

35938.163385

37007.139793

38254.539949

39398.381008

40541.062707

41352.683675

42135.726369

42527.890310

43050.675572

43426.043106

43891.149930

44449.288137

44698.954193

45060.116659

44732.606470

44450.806701

43555.593196

42713.409103

41524.954733

40348.311839

39064.287909

37910.211622

36809.692849

35991.693006

35256.247590

34809.794165

34406.343645

34210.507445

34024.899220

33970.501630

33912.987293

33940.517184

33963.858881

34047.769624

34132.663320

34261.928725

34391.342919

34512.961845

34538.456956

34536.008525

34516.693207

34456.050742

34086.293212

33580.451697

33015.423266

32406.973135

31766.971331

31113.145665

30580.212159

30035.101500

29779.636567

29489.371987

29529.057910

29573.414127

29792.689289

30204.278049

30586.999998

31374.652085

32075.964035

33279.359771

34475.221088

36139.342633

37802.461430

39832.087991

41716.661829

43924.047468

45742.480868

47770.835749

49112.010497

50240.845752

50667.638704

50380.974010

49846.709108

48446.640955

47280.980212

45488.832161

44071.793511

42326.420899

40844.792127

39289.863592

37975.226663

36792.920591

35912.127975

35197.418785

34761.044557

34411.281188

34252.508022

34111.851112

34086.114722

34050.824026

34084.446746

34101.095027

34160.671498

34203.656937

34274.575445

34335.045337

34416.525252

34499.239154

34563.030002

34573.264333

34582.071041

34500.479725

34284.272057

34059.374326

33711.989499

33243.736279

32612.713803

31918.290179

31042.766022

30253.589043

29338.352864

28685.346539

28042.259677

27718.858653

27587.378275

27683.086462

28162.533923

28769.047647

29903.984383

31160.204344

33023.362296

35037.988168

37688.034141

40432.509746

43837.483964

47084.760341

50821.551069

53744.027820

56433.376907

57792.585473

58180.892229

57539.120690

55506.087380

53197.809393

49941.269513

47219.055687

44266.697339

41951.949692

39751.518174

38037.486964

36613.593174

35589.648311

34857.562031

34426.182483

34158.862021

34074.366510

34030.871715

34082.933889

34117.150892

34201.017379

34251.330538

34327.769821

34369.200735

34422.900557

34446.445717

34476.070976

34487.341256

34503.794734

34521.223371

34596.679065

34551.452278

34544.147590

34530.437992

34473.813878

34296.704583

33921.553170

33347.698890

32442.856775

31382.812679

30002.634927

28664.756868

27214.237358

26042.763082

25074.142949

24501.103775

24411.171383

24692.137409

25630.970071

26872.769784

28869.595533

31130.833838

34247.403481

37579.570498

41838.692226

45993.639555

50758.950890

54589.028339

58196.403755

60346.484402

61799.970739

62175.127317

61494.870290

59995.072126

56881.953422

53467.574816

49030.353830

45299.045600

41639.554322

38983.851565

36822.106985

35408.676302

34438.554627

33922.361082

33657.245066

33640.497779

33693.363358

33866.066219

34002.022297

34189.309888

34306.549602

34443.805970

34512.198226

34585.134876

34600.268354

34615.758113

34593.500817

34582.426866

34567.929877

34575.987987

34642.453737

