AXIS X

0.000000 0.000500 0.001000 0.001500 0.002000 0.002500 0.003000 0.003500 0.004000 0.004500 0.005000 0.005500 0.006000 0.006500 0.007000 0.007500 0.008000 0.008500 0.009000 0.009500 0.010000 0.010500 0.011000 0.011500 0.012000 0.012500 0.013000 0.013500 0.014000 0.014500 0.015000 0.015500 0.016000 0.016500 0.017000 0.017500 0.018000 0.018500 0.019000 0.019500 0.020000 0.020500 0.021000 0.021500 0.022000 0.022500 0.023000 0.023500 0.024000 0.024500 0.025000 0.025500 0.026000 0.026500 0.027000 0.027500 0.028000 0.028500 0.029000 0.029500 

AXIS Y

0.000000 0.000500 0.001000 0.001500 0.002000 0.002500 0.003000 0.003500 0.004000 0.004500 0.005000 0.005500 0.006000 0.006500 0.007000 0.007500 0.008000 0.008500 0.009000 0.009500 0.010000 0.010500 0.011000 0.011500 0.012000 0.012500 0.013000 0.013500 0.014000 0.014500 0.015000 0.015500 0.016000 0.016500 0.017000 0.017500 0.018000 0.018500 0.019000 0.019500 0.020000 0.020500 0.021000 0.021500 0.022000 0.022500 0.023000 0.023500 0.024000 0.024500 0.025000 0.025500 0.026000 0.026500 0.027000 0.027500 0.028000 0.028500 0.029000 0.029500 



DATA
14735.822310

14858.586192

14877.075777

14886.434032

14833.519914

14710.346219

14527.796735

14327.378623

14181.373530

14146.755510

14320.219875

14543.784764

15039.596837

14710.036942

14783.044340

15170.310203

14491.791063

14129.553252

13709.857475

13545.577331

13519.260154

13613.080552

13723.019896

13752.648156

13646.311372

13329.005094

12946.730903

12576.384560

11522.916818

12305.977557

12998.095965

13377.384969

16036.613638

17888.481617

19526.138409

20843.797401

21386.926931

21314.575952

20683.847803

19794.130117

18773.813379

17807.203875

16942.622958

16242.881889

15700.596148

15316.171156

15063.817532

14920.722491

14860.186933

14854.778666

14883.755269

14923.974656

14963.817578

14988.964935

14998.350156

14988.194056

14966.185184

14937.308591

14925.089359

14874.927798

14879.936443

14978.267841

14819.937386

14665.158516

14502.091604

14323.653685

14153.496617

14006.875511

13911.487353

13879.300035

13950.817980

14230.123754

15210.341021

14710.617772

14469.851787

14922.038715

13778.223688

13296.525651

13222.832419

13264.656306

13408.733921

13588.934183

13785.330388

13955.087873

14063.987936

14035.207908

13762.031958

12872.801636

12059.661213

13989.722851

14119.518578

12631.203245

14253.240553

16409.727539

17813.433574

18675.053558

19041.706612

19028.519908

18746.715319

18291.849562

17760.288430

17206.808268

16681.518366

16206.883657

15800.186611

15468.577614

15211.504911

15028.291275

14906.891525

14841.168556

14813.015142

14815.032191

14829.898355

14854.029445

14876.141675

14899.159133

14919.451661

14953.209406

15000.156389

14949.534156

14855.915048

14888.875953

14706.253072

14415.286540

14125.276809

13881.256412

13696.036292

13600.740482

13577.884983

13661.700106

13821.390679

14315.621979

14717.176334

14421.434293

13820.179583

13526.799828

13381.721268

13123.243439

13190.381146

13411.454632

13719.211823

14073.378600

14473.268027

14875.287579

15223.357472

15331.748600

14980.773396

14145.585261

13559.307008

13786.296061

13873.259230

13924.121194

14925.267034

16334.432735

17369.484684

17771.502659

17802.543138

17636.824574

17416.069319

17164.342789

16911.401777

16648.204453

16385.344050

16117.581027

15856.101006

15602.067538

15369.778596

15162.322268

14992.870996

14859.597429

14769.711951

14714.523716

14696.238054

14703.528465

14738.175478

14790.408540

14865.458422

14944.914711

14985.117322

14952.263625

14788.298423

14726.049712

14519.569622

14171.497565

13800.659865

13481.750656

13272.250192

13171.110084

13213.320937

13359.299400

13692.242288

14089.511020

14413.867639

14345.579057

13650.997685

13137.360874

13218.124765

13419.335877

13628.321770

13944.060758

14309.978465

14767.787617

15289.801792

15897.492182

16436.053256

16749.846036

16539.774639

15840.447136

14589.396116

14297.060172

14409.912683

14989.849137

16504.372563

17372.798038

17714.783868

17619.609230

17266.736681

16898.801301

16590.235710

16394.769052

16257.095800

16169.920962

16077.257880

15977.292787

15841.320703

15681.200029

15491.501945

15294.133981

15095.871142

14920.192410

14773.212092

14671.596572

14614.020537

14608.511315

14646.733337

14728.927189

14832.814338

14924.694268

14955.561647

14937.801600

14634.414701

14499.025844

14264.604194

13910.962066

13511.791804

13164.042279

12908.405384

12795.392629

12809.391207

12996.001339

13306.682332

13731.048312

14095.535766

14445.596835

14139.682403

13605.771540

13758.439642

14033.409326

14326.818656

14615.026033

14966.861215

15386.605047

15958.215040

16610.619192

17328.610338

17847.628765

18069.698074

17596.214506

16562.950809

15242.491958

15380.988862

16915.688406

17999.105589

18382.581930

18100.891420

17560.532486

16966.935272

16441.460343

16082.455624

15860.211824

15778.629026

15754.012678

15774.247463

15771.317466

15746.365965

15663.935915

15541.571178

15372.880011

15186.981695

14994.047386

14824.420338

14689.090226

14608.985641

14585.298034

14623.158167

14705.940346

14808.150490

14886.339257

14898.785413

14890.765068

14406.964832

14223.078055

13974.541106

13637.734134

13262.650237

12904.471864

12634.058277

12463.280888

12436.684682

12538.560217

12805.597305

13201.445793

13727.682846

14481.366374

14800.848218

14570.170164

14621.946316

14788.674573

14972.032081

15171.177307

15415.654326

15780.210911

16262.669574

16926.703386

17652.258593

18450.935074

19048.477016

19337.877976

18742.203693

16615.868571

16642.135109

18769.243985

19201.205512

18789.588162

18105.399804

17342.819815

16661.216018

16126.298889

15740.731495

15530.180147

15431.522902

15442.659981

15482.367979

15547.290448

15572.634356

15567.509307

15497.599887

15387.190201

15231.102338

15063.470029

14895.528030

14759.380930

14665.397932

14630.478783

14649.368373

14710.277874

14782.679892

14824.845400

14822.710080

14818.515333

14115.738299

13922.478373

13684.161591

13386.779180

13044.630309

12710.829477

12411.524744

12200.342423

12077.576257

12088.048069

12239.552841

12599.541387

13234.477238

14358.445515

15247.880626

15328.407988

15280.371053

15270.478842

15283.674830

15357.206125

15516.538649

15793.985684

16236.826112

16820.521757

17596.906054

18478.448777

19500.598082

20362.229645

20444.800311

17440.529069

17313.341231

20003.063083

19727.832955

18840.197093

17911.099268

17122.654426

16479.787966

15977.322640

15627.889556

15394.014502

15290.734479

15255.826556

15296.390548

15342.290860

15401.190637

15416.072012

15404.192328

15334.644070

15236.665250

15104.904345

14974.093693

14851.707691

14764.783472

14716.110668

14710.278663

14731.797829

14755.612333

14758.080084

14732.129907

14727.208312

13780.019293

13620.859370

13418.752317

13165.560922

12870.820212

12546.324061

12238.997493

11960.765655

11761.575692

11651.065327

11697.013746

11966.778841

12631.321324

13954.319993

15170.480568

15371.129431

15284.772302

15153.148427

15084.173718

15090.992177

15222.536332

15491.363617

15917.492124

16522.864852

17305.345920

18300.882421

19468.681698

20664.398258

21008.764501

17987.294035

17755.604142

20363.328541

19938.687926

18905.335654

17965.057208

17212.064193

16614.702914

16157.037022

15796.295033

15550.015181

15374.663348

15292.741380

15249.655960

15263.195621

15274.099177

15299.442557

15289.693879

15267.904440

15205.017790

15131.130955

15036.744323

14951.574587

14874.218688

14821.599774

14786.725142

14764.052646

14737.445280

14692.744634

14640.757061

14623.459211

13434.726054

13336.547341

13182.497885

12973.947760

12706.208054

12398.466955

12059.640054

11738.776565

11449.947587

11253.070057

11185.667247

11367.763425

11977.555697

13445.190633

14685.488098

14703.915064

14562.542866

14449.521231

14408.990065

14485.281934

14674.734345

15012.260654

15500.891139

16175.318723

17031.471311

18095.446095

19290.374337

20434.664252

20729.202884

17719.321794

17524.607127

20290.404698

20134.996529

19304.889198

18480.866161

17764.310767

17192.746065

16702.305857

16314.477623

15981.328825

15735.784974

15534.903332

15410.633513

15315.100339

15274.508539

15237.736556

15227.898393

15200.145851

15179.097260

15133.991773

15090.820392

15032.221999

14979.336193

14921.038569

14865.941687

14802.994656

14728.324396

14640.477344

14553.723309

14519.487486

13105.018159

13090.107276

12969.579707

12781.269156

12526.362967

12206.550172

11852.079822

11477.232761

11138.593633

10861.175236

10726.078794

10822.807620

11388.095587

12868.400650

13992.086940

13709.881242

13499.240725

13442.869105

13544.091707

13764.009857

14106.716384

14560.600869

15171.043836

15932.884265

16899.965840

17983.917181

19151.311204

20004.352371

19942.034885

17298.220253

17246.466632

19970.764940

20415.844541

20057.967290

19399.770402

18768.133332

18137.099630

17601.251938

17094.230972

16672.333740

16284.972655

15978.763968

15711.660345

15522.827069

15368.492021

15279.277146

15208.398454

15180.229518

15150.877715

15141.751202

15117.559833

15097.120549

15055.282017

15005.934122

14932.833675

14842.785565

14729.189857

14600.870742

14481.989107

14421.929129

12843.806444

12880.985262

12771.392764

12564.689122

12285.825310

11947.689263

11560.176085

11164.072062

10781.511703

10476.434922

10294.225930

10366.284156

10906.445151

12476.203956

13451.215457

12845.112115

12543.457476

12554.052510

12794.709068

13198.737546

13706.113561

14326.160541

15047.879060

15940.832824

16948.037523

18093.635292

19070.727530

19654.607104

19042.754309

16779.338488

16844.892419

19492.546865

20754.237580

20880.601737

20585.171159

19963.278230

19340.469795

18655.861476

18054.981508

17463.685253

16961.298603

16494.051110

16117.854968

15790.391809

15553.793559

15365.161157

15254.564676

15175.944988

15150.187702

15131.924903

15136.358613

15124.092562

15107.420900

15057.553902

14985.145203

14874.521604

14736.268450

14576.294331

14426.291006

14345.011176

12660.779784

12726.794084

12569.154752

12308.112586

11975.285304

11595.413211

11188.138705

10769.581966

10387.083828

10071.592874

9903.407969

9983.273095

10575.770613

12183.431739

13098.170012

12339.336699

11981.217080

12036.329911

12393.254755

12936.790022

13612.434574

14366.966745

15243.690220

16203.295308

17318.477368

18373.428330

19273.501187

19388.687958

18555.876363

16687.438687

16796.150106

19189.852068

20838.106071

21673.327644

21585.823085

21182.579385

20447.513956

19733.653607

18949.148141

18262.076792

17588.772471

17019.860611

16499.199287

16086.125540

15736.502439

15490.600960

15304.043873

15202.220014

15138.203468

15126.714187

15121.383692

15131.279959

15116.353934

15084.995600

15009.231463

14898.988769

14743.806081

14564.692432

14391.993008

14291.502010

12597.098315

12610.940660

12371.230616

12007.524880

11602.824328

11177.264272

10747.570264

10334.029446

9960.126307

9679.465268

9544.109572

9688.574574

10354.222310

12153.569841

13064.586056

12189.679135

11840.185646

11951.631806

12381.948654

13033.435178

13811.332126

14713.155926

15679.772706

16788.816784

17889.130558

19000.480259

19619.423003

19608.768031

18408.269176

16727.346844

16779.216566

18886.554136

20949.947632

21978.032002

22344.012760

21933.436431

21339.365795

20478.429284

19685.757235

18842.947987

18114.728238

17414.057691

16832.335708

16312.615043

15912.186766

15584.780289

15365.548187

15208.757872

15133.380032

15092.748509

15095.469879

15096.888953

15101.778679

15072.852159

15015.830524

14905.739292

14753.961870

14563.612830

14379.069123

14269.875401

12626.971567

12553.609029

12168.856503

11693.783927

11200.170283

10736.021464

10300.176166

9902.111007

9565.609257

9326.511416

9254.424373

9457.391747

10219.274924

12112.129398

13075.075920

12249.368508

11995.550368

12193.820235

12702.650798

13400.784368

14265.520909

15219.786361

16323.553875

17454.009701

18695.719531

19664.936577

20332.421351

20009.273312

18955.882314

17289.168570

17164.512958

18997.997223

20766.685435

22088.512717

22407.276947

22281.880837

21605.112010

20888.799611

19996.331681

19204.901563

18388.415653

17691.751494

17032.204390

16494.992524

16024.702064

15673.785256

15395.943048

15220.437048

15102.606802

15055.478764

15035.257912

15045.999413

15047.305361

15040.707867

14992.397007

14904.904522

14759.124969

14575.916936

14388.033215

14277.974617

12764.184718

12531.930186

11999.522309

11390.229691

10827.688156

10329.759944

9907.421673

9543.938779

9253.605604

9069.133814

9044.789020

9294.077691

10075.590180

12183.126358

13167.311945

12300.388743

12233.862887

12600.153989

13187.647865

13951.840703

14810.446877

15826.879572

16902.338554

18147.862519

19290.524082

20414.793796

20893.447520

20826.509078

19621.747202

17522.323549

17219.983813

19097.513406

20748.402512

21695.622856

22160.258884

21905.437508

21469.854697

20711.265988

20005.104646

19197.069371

18492.829875

17776.700418

17168.198766

16594.267468

16132.109158

15731.501982

15440.009992

15214.986150

15080.526939

14996.034055

14969.963280

14963.532859

14977.482066

14975.872034

14955.933466

14886.111971

14767.638421

14596.877037

14420.498490

14317.568505

12953.865370

12566.056505

11868.066785

11159.922095

10531.548510

10028.741379

9624.793420

9310.339028

9069.067310

8929.582675

8936.530542

9176.866426

9916.291112

12007.957360

12977.992473

12163.564834

12363.061895

12943.818405

13696.928766

14489.786298

15386.598251

16311.175023

17401.989032

18484.626089

19717.090390

20655.520950

21442.377768

21356.797872

20470.445405

18155.004575

17663.480967

19419.451431

20579.379475

21304.631629

21417.916494

21292.430340

20781.630720

20270.071798

19599.139154

19008.654995

18358.477937

17789.311498

17203.854961

16699.278891

16216.008903

15824.975788

15485.437497

15240.995563

15055.952954

14950.117524

14888.893094

14877.295531

14881.798894

14899.390183

14895.921404

14862.534377

14771.352728

14632.059056

14473.904251

14384.201457

13193.793247

12632.708221

11818.262271

11028.521846

10379.798658

9874.492043

9507.578854

9230.142338

9035.366209

8921.042079

8933.262264

9142.290882

9761.713939

11910.465054

12735.550393

11793.870182

12235.622996

13099.336328

14009.140745

14934.427390

15776.626638

16687.837477

17564.611230

18609.706044

19566.070951

20652.854116

21340.707290

21715.459657

20909.314996

17934.039060

17440.334401

19739.872078

20548.925331

20770.335853

20733.135523

20390.760778

20032.408609

19525.102202

19091.924138

18594.070555

18163.815319

17685.536313

17249.760455

16779.259571

16355.908142

15937.422142

15591.049421

15288.897839

15071.060011

14910.356678

14822.787065

14779.920760

14783.490378

14802.847685

14828.802757

14825.373777

14779.270477

14675.587403

14549.538535

14477.614280

13420.232090

12751.498211

11852.438116

11042.665670

10392.415930

9917.687841

9574.947023

9338.714405

9162.643725

9065.150974

9074.253958

9265.847728

9828.303215

11717.256814

12264.602284

11316.296048

11916.722679

12953.628687

14091.432679

15079.050910

15991.507274

16741.064252

17550.980471

18294.197793

19225.536926

20055.366466

20968.154953

21384.606673

20869.423023

18208.197471

17785.486940

19955.579690

20542.001808

20430.979626

20076.234798

19686.105223

19223.561588

18853.874446

18472.662611

18180.367309

17868.578594

17590.804519

17253.035362

16911.764245

16511.430948

16126.261701

15734.804421

15402.291384

15114.862360

14908.784727

14764.916220

14695.521385

14676.433192

14704.625797

14747.482146

14786.701643

14784.290364

14731.871757

14643.866946

14592.886778

13638.839723

12904.026405

11999.134134

11202.617161

10596.402589

10156.805438

9857.619224

9640.421463

9490.931585

9398.865786

9442.038512

9712.709491

10344.161267

12024.479969

12064.673851

10995.427060

11524.478989

12649.327671

13862.651573

15000.964996

15863.228358

16615.402327

17196.498167

17873.310000

18523.695508

19366.646677

20103.621095

20641.912872

20298.805168

17364.985027

17188.419377

20066.456439

20497.812200

20252.753789

19725.361009

19155.961298

18669.991400

18249.605506

17963.784030

17744.148572

17600.981603

17447.048805

17281.273261

17027.878108

16724.738047

16341.533025

15951.252789

15555.015701

15216.190778

14933.408171

14738.437329

14617.853145

14579.622796

14599.615638

14666.630441

14740.584864

14794.249000

14795.386335

14756.025431

14730.992709

13801.139699

13112.705988

12248.814919

11520.501056

10973.175759

10595.835720

10335.199851

10159.643128

10029.189568

9992.706963

10131.623378

10625.933154

11610.301187

12679.190414

12054.683345

11036.228490

11302.875882

12278.880805

13538.305623

14655.174263

15586.945641

16214.230890

16769.525555

17237.786992

17845.776109

18474.028943

19146.471559

19555.964341

19159.627218

17274.048450

17275.457184

19583.349909

20398.313934

20160.750150

19605.928212

18931.690670

18321.372817

17854.775787

17545.259891

17383.645557

17323.038202

17308.181624

17261.964716

17150.614683

16917.967205

16597.298872

16187.317990

15763.840798

15348.815243

15002.613924

14732.391415

14564.779300

14488.092364

14504.060445

14582.166831

14698.701478

14803.946581

14869.047366

14882.447425

14885.416318

13944.450719

13359.625915

12612.469235

11973.238421

11512.552415

11197.503300

10995.451215

10859.711648

10797.539338

10845.791833

11192.433236

12045.670209

13479.369826

13737.818126

12331.798924

11430.502093

11316.585095

12089.858321

13180.822072

14310.085649

15157.719901

15800.041595

16227.793087

16659.245222

17106.915929

17640.277513

18121.264813

18305.397654

17971.104527

16228.730771

16400.587770

18856.372684

19874.018858

20063.745850

19577.738236

18891.584724

18179.058296

17620.699471

17245.245691

17082.865121

17060.214609

17133.210250

17205.284949

17204.854820

17086.015998

16817.258727

16438.924308

15979.527044

15518.777903

15093.700380

14759.990435

14527.829463

14417.855632

14414.415450

14508.929407

14657.332264

14821.424127

14947.860914

15020.117108

15057.340810

14053.114748

13663.433641

13062.671716

12549.690027

12174.932353

11932.118622

11781.416192

11709.885395

11720.411890

11927.553178

12496.596792

13720.773132

15369.009498

14446.819523

12526.245730

11932.743226

11610.802728

12078.671640

13034.348697

13998.720184

14834.116422

15385.995252

15784.877811

16107.979185

16455.526734

16830.770769

17105.696300

17168.772773

16722.231707

16125.821243

16300.354444

17713.999226

19128.631577

19622.421440

19480.725763

18852.181952

18134.520025

17473.817752

17043.782685

16814.819339

16810.646436

16916.000712

17077.400104

17180.795561

17162.211197

16982.476793

16639.831785

16189.478540

15685.118680

15208.624405

14803.513133

14519.225153

14362.770630

14346.665444

14443.780478

14629.482850

14842.170652

15034.544017

15164.647911

15236.434912

14189.384731

13999.093297

13589.700928

13205.491141

12926.793683

12743.419624

12644.666261

12625.546470

12736.861692

13069.731025

13849.891154

15151.251384

16375.210849

14501.442113

12509.819191

12301.769067

11980.633028

12335.076029

13044.611173

13917.943111

14624.131799

15130.747494

15450.091019

15661.524302

15878.188449

16049.768691

16180.670138

16100.256944

15867.015526

15562.344378

15771.675689

16756.753904

18007.810427

18888.675875

19020.473637

18666.344988

17994.199718

17355.420547

16839.240396

16589.190330

16532.661572

16668.924278

16866.291069

17057.437633

17132.421526

17041.483635

16768.137803

16341.591446

15834.422132

15315.560149

14865.575437

14525.267068

14336.179203

14295.361286

14402.508642

14610.743219

14875.496708

15123.148715

15311.653201

15422.086850

14355.756096

14372.921728

14145.599318

13902.755489

13709.063054

13580.676060

13522.519893

13557.266437

13739.681797

14190.022978

14988.949659

16091.360619

16453.107905

14304.333526

12482.795752

12459.232034

12440.767075

12670.898703

13301.043311

13986.706116

14613.016137

15032.622131

15228.762192

15332.644202

15322.092131

15328.045640

15263.135890

15205.809654

15182.717570

15676.798940

15749.566642

15869.584640

16848.014088

17726.891106

18204.039770

18098.977542

17677.532116

17086.699248

16618.832108

16310.099193

16253.365346

16360.077850

16594.900035

16830.766214

16989.616479

16984.831244

16788.745702

16418.128338

15927.944068

15405.163037

14921.247841

14551.511300

14325.864484

14275.016670

14378.143746

14615.049699

14914.470301

15217.000907

15454.624786

15599.758348

14589.450010

14757.859331

14697.054380

14578.536842

14466.461870

14394.895016

14379.390585

14470.145526

14721.915753

15206.055657

15961.736325

16647.303053

16430.457617

14221.577094

12687.665925

12838.397482

12881.667861

13176.150657

13617.200249

14223.595763

14729.942757

15022.993805

15130.855123

14991.386883

14817.230170

14554.272200

14376.138246

14326.261723

14575.881912

15465.756207

15604.245607

15082.747193

15584.519966

16376.476172

16963.695165

17202.175538

17011.342740

16653.188703

16242.492929

15990.655114

15907.134511

16022.659940

16253.987102

16529.654043

16743.318992

16816.166752

16700.845359

16396.527758

15955.706768

15447.827266

14967.285234

14576.159918

14340.470545

14272.082039

14385.054807

14632.299998

14968.996816

15306.953514

15589.081936

15767.251029

14881.495430

15138.501680

15199.486009

15179.817141

15157.839635

15150.701478

15219.477556

15377.131504

15697.909937

16204.804810

16839.055759

17284.416970

16791.656130

14677.661314

13214.061101

13459.302761

13582.426343

13667.754882

14043.214687

14474.524030

14865.294741

15075.663247

14950.792993

14676.675129

14187.325891

13764.364244

13425.543863

13368.333177

13853.061374

15179.434455

15178.642905

14238.541111

14318.827493

14900.149979

15557.656677

15966.077755

16100.202297

15948.560570

15733.966652

15550.227675

15515.158220

15634.285512

15874.949949

16170.754295

16422.558741

16558.487536

16512.303867

16285.250506

15901.248348

15442.179610

14977.956077

14601.922892

14357.768277

14297.171693

14406.489427

14674.991269

15025.944838

15397.185285

15706.115653

15908.199591

15201.445570

15498.198602

15615.652608

15690.954422

15749.184551

15873.973770

16041.910984

16329.832682

16703.183775

17223.201441

17788.929920

18119.783095

17628.259043

15300.742226

14003.085019

14479.416761

14325.176802

14295.665496

14382.403117

14683.251521

14947.823186

14958.337554

14738.765017

14147.331139

13520.863000

12852.299606

12428.960537

12365.147915

12892.756435

14564.458061

14750.304913

13286.320579

13117.275085

13506.426412

14099.145624

14655.935952

14969.755867

15091.516571

15058.169621

15019.967169

15062.194662

15210.831885

15477.980119

15777.175320

16065.992723

16234.612259

16256.799059

16089.422251

15781.292569

15371.783559

14959.628979

14602.714635

14385.117682

14325.468745

14453.629838

14723.163713

15094.697383

15473.959021

15803.304997

16021.730271

15529.756891

15792.366471

15962.867804

16091.114844

16300.317420

16549.296046

16920.765251

17296.928090

17768.575515

18247.008754

18784.902631

19086.910466

18650.368858

16125.099737

14826.310144

15480.930783

15215.038824

14774.796020

14681.840661

14743.492927

14819.336522

14734.361245

14236.734932

13565.256944

12667.669606

11949.675913

11427.813021

11338.587162

11895.281621

13550.016665

13684.253045

12375.805211

12047.990043

12291.000282

12808.080765

13360.408713

13841.484178

14132.051268

14305.091502

14427.636715

14561.877489

14791.185702

15063.605027

15401.328974

15683.278302

15898.298311

15945.954484

15850.231751

15593.392662

15260.057257

14892.125087

14591.002087

14393.896368

14367.482116

14498.912845

14787.677753

15154.428260

15543.215092

15870.723001

16093.754836

15782.360337

16037.048310

16214.198598

16475.995070

16796.393289

17290.675037

17778.191501

18335.059374

18761.798210

19266.669988

19715.605871

20048.202871

19486.307518

16585.134326

15532.918019

16462.866687

15852.305576

15231.501456

14774.438943

14632.979090

14541.662174

14220.655020

13670.990085

12748.226571

11873.373726

11014.269190

10535.910148

10437.899508

10980.717193

12690.197384

13010.955526

11589.188809

11193.392610

11300.960161

11697.891394

12257.078800

12765.231979

13211.137562

13544.505790

13807.135885

14085.705990

14357.184535

14705.588580

15023.319925

15346.129881

15543.543515

15642.194172

15566.223266

15383.679828

15095.421096

14803.837867

14541.799112

14400.955091

14392.004691

14555.002894

14840.199280

15215.605799

15587.497267

15910.657951

16128.186663

15959.497106

16177.122341

16459.923331

16817.567090

17390.558742

18002.840145

18730.154231

19239.087531

19756.058024

20108.385178

20622.899919

20895.501165

20227.239881

17138.326620

16118.441552

17139.479122

16520.041495

15443.036915

14785.965036

14374.840207

14067.831426

13651.688925

12891.757305

12024.043575

10996.493736

10272.145594

9720.725776

9689.645725

10179.793749

11563.048527

11849.125061

10884.128936

10471.998583

10475.417109

10825.849872

11286.172220

11857.993228

12365.921043

12825.089386

13246.342488

13605.974128

14005.077323

14352.366306

14734.184008

15015.268421

15250.722860

15325.306415

15303.746379

15138.973160

14926.803999

14675.282051

14486.755922

14377.517518

14418.982046

14589.829260

14895.288030

15252.744449

15617.053768

15913.832723

16116.430803

15991.012523

16265.711986

16648.113266

17257.979972

17965.447092

18852.995349

19533.423238

20185.057267

20489.122851

20987.719985

21413.241984

21752.757342

21014.741092

17293.972017

16539.724904

18055.287022

16910.073355

15713.289741

14682.916684

14057.669951

13568.226336

12975.620480

12220.181586

11223.396782

10364.348288

9509.826683

9131.387159

8971.886455

9447.012368

10646.534935

10956.910949

10147.844178

9767.424429

9802.514353

10020.758218

10531.113473

11051.478997

11639.660351

12203.761954

12711.873485

13227.365131

13656.828064

14111.114914

14456.910171

14786.400584

14966.827870

15077.006794

15032.495318

14925.992687

14732.736559

14556.072383

14401.250982

14356.970738

14418.040720

14625.734463

14922.837198

15282.263741

15613.171869

15889.022646

16067.481582

15911.324348

16264.819019

16872.738394

17662.126930

18675.856562

19562.911656

20427.757147

20821.486833

21312.887332

21625.999501

22360.458491

22717.370737

21510.149883

18090.209670

17274.380075

18431.518556

17595.760673

15878.147437

14643.007878

13757.656136

13094.911335

12406.657116

11563.386086

10667.276870

9697.691367

9065.218113

8434.383684

8391.064744

8603.303614

9510.378432

9772.438587

9257.878073

9065.721406

9031.964390

9412.236381

9804.373769

10404.810507

11020.257657

11648.788686

12296.121035

12855.973552

13429.938752

13872.071818

14299.319599

14569.166032

14783.904938

14838.023812

14830.544948

14709.437805

14577.161464

14420.513443

14333.497726

14312.663402

14423.153631

14633.256970

14947.138355

15278.943843

15593.210947

15827.528313

15978.585052

15725.591827

16220.518384

17038.314922

18126.733249

19237.106325

20353.563849

20990.152827

21569.484513

21745.890823

22450.136751

23063.908725

23560.486876

22737.867733

18437.925702

17808.693556

19667.692750

17945.044553

16170.111762

14620.299931

13553.888524

12730.090946

11973.419047

11107.346502

10174.818830

9340.186966

8487.036394

8107.741223

7620.049176

7788.086799

8442.231460

8596.214455

8287.908829

8153.950298

8464.114934

8683.672763

9248.354967

9828.537858

10501.144097

11226.373768

11903.193368

12617.590179

13194.350391

13756.364368

14139.209824

14463.572386

14610.158514

14691.341650

14639.382974

14559.942335

14424.475072

14326.840013

14257.139012

14289.634156

14408.212492

14646.104135

14941.722845

15268.100190

15538.966893

15744.610142

15860.306948

15471.218430

16131.468767

17177.012184

18442.249735

19790.481078

20802.373666

21623.603914

21848.401617

22358.507344

22678.690703

23702.117350

24094.705856

22642.464076

19844.456288

18969.167040

19529.617047

18455.323298

16291.878201

14619.779888

13438.402212

12551.487387

11686.371790

10853.880847

9918.609745

8998.038925

8256.763273

7450.313513

7381.286608

7129.555196

7726.021448

7790.120963

7420.967801

7649.386913

7611.638832

8165.543672

8701.520027

9381.020495

10120.597307

10849.621999

11669.283206

12372.746214

13091.920937

13622.038646

14089.094264

14351.402691

14531.627968

14553.208977

14529.416453

14425.101569

14334.730349

14242.580030

14222.335685

14263.271824

14413.875100

14640.256192

14939.196396

15227.546815

15474.814401

15631.015189

15714.416726

15217.892856

15990.704895

17213.606666

18647.650217

20028.638029

21199.726541

21774.646481

22294.738281

22335.540037

22988.844533

23326.499510

23970.617319

23511.082513

20134.728054

19638.218003

20533.295199

18283.926711

16188.309590

14598.653392

13417.677488

12483.811784

11673.426071

10716.159139

9860.311139

8898.367109

7947.633187

7270.866852

6504.278399

7188.622426

7301.284374

7284.652315

7457.709466

6660.095187

7146.261354

7636.387316

8342.293908

9081.809738

9803.817893

10673.155382

11443.253623

12292.422319

12969.151974

13603.260182

14015.916486

14326.654690

14445.975292

14492.289525

14431.134512

14360.312597

14264.756345

14214.885117

14201.560545

14274.330404

14418.311869

14651.449307

14918.169815

15187.753240

15383.799075

15506.861953

15549.969183

14966.961999

15844.715476

17111.782922

18618.990269

20070.493387

21165.189626

21948.519577

22166.697960

22659.850431

22518.945358

22933.413851

22955.830214

23279.090418

21876.095069

20886.576698

20361.930067

17861.861422

15868.919786

14473.901704

13502.664476

12615.392119

11709.690302

10888.085857

9813.865370

8940.560471

7931.475225

6940.416070

6513.168273

5717.638862

6616.467119

6725.117399

6002.199845

6523.262449

6761.809519

7448.139495

8178.401038

8851.150042

9743.121642

10513.515537

11432.784570

12206.587357

12987.593277

13560.282072

14028.263242

14279.458041

14424.025823

14429.036067

14394.275320

14312.984087

14253.335306

14210.690845

14228.065352

14300.508356

14452.895195

14660.562648

14909.597536

15130.178315

15293.023890

15362.461966

15372.164603

14795.846460

15635.771470

16909.534236

18334.285679

19789.783556

20944.664530

21652.470398

22247.480271

22325.411728

22928.085952

22202.092748

22146.467345

22632.810340

22266.519897

22302.971035

20329.082975

17110.086117

15415.845974

14551.134742

13606.204010

12827.564234

11984.531446

10972.713585

10050.567659

8843.577748

7985.056646

7030.727108

6123.239084

6796.005964

6056.972975

6168.046174

7630.791513

6469.441649

6929.848642

7534.031468

8046.891793

8937.262196

9678.166549

10621.132556

11434.152983

12301.140105

13000.324624

13616.076043

14017.351679

14285.967818

14386.502147

14410.317100

14364.096500

14313.257384

14264.325163

14251.806937

14278.016108

14361.935775

14499.792065

14691.066249

14896.617356

15081.690999

15187.704524

15219.812122

15188.559933

14660.652760

15452.028567

16532.928973

17886.620790

19199.218167

20417.809269

21272.958801

21793.245913

22490.433842

22468.237621

23559.367709

22110.458408

22938.726790

23096.850861

22377.606977

19914.774363

16398.304438

15555.059769

14429.401718

13898.521081

13108.732738

12249.885046

11234.131839

10072.374999

8961.523993

7799.529994

7123.166071

6330.498685

5007.473839

5835.510674

6317.348472

5821.587435

6713.223149

7261.086656

7465.434393

8225.337987

8935.996883

9884.485572

10740.292030

11639.408371

12418.855442

13131.651117

13666.861351

14059.714131

14275.609175

14377.927059

14388.752757

14364.114093

14329.071898

14308.624697

14316.026641

14357.750599

14442.240039

14568.691970

14728.537548

14897.438071

15027.734531

15091.414472

15070.209845

15006.660666

14615.823905

15211.798225

16146.835051

17194.693039

18486.480039

19606.257558

20657.493475

21343.444501

21767.969822

22600.140520

22565.272861

25431.780319

22957.643672

22664.690021

22374.486706

17904.404894

17064.391306

14993.184821

14656.791070

14098.177917

13505.156947

12534.414771

11482.934682

10111.395407

8962.432659

7781.416607

7231.562361

6663.950953

6341.301642

5777.861155

6285.589252

6822.517442

7153.713300

7249.796359

7539.454095

8196.120698

9073.720181

10073.446193

11013.887713

11894.521053

12652.923646

13289.244913

13771.957330

14099.258303

14283.367302

14366.364031

14380.294111

14375.112022

14361.975189

14372.374132

14397.167699

14455.839305

14535.844149

14648.852443

14776.396676

14900.346219

14984.174055

14992.836859

14933.797779

14833.566608

14575.296631

15022.674841

15656.484005

16549.763859

17512.441695

18803.707158

19790.178605

20674.302346

20926.111674

20948.420429

21490.253359

21352.942990

25143.037807

23624.403317

20480.263195

18846.323489

15712.477753

14967.794684

14663.758299

14494.920962

13910.928451

12995.196908

11558.540465

10434.893279

8770.316876

8245.629531

7168.050541

7472.177153

6263.662468

5941.575224

6398.829341

6259.160011

7473.522122

7139.218713

7629.137959

8048.592972

9233.574361

10226.611429

11369.432889

12193.873106

12950.518252

13480.644823

13898.882486

14144.010906

14299.255397

14352.837387

14386.500574

14387.652529

14414.381965

14438.184819

14494.799276

14553.286665

14639.297911

14727.890432

14828.109582

14907.066080

14941.859280

14907.429902

14804.014480

14677.189769

14577.383570

14789.611718

15272.947209

15807.310341

16705.667766

17718.156889

19102.330890

19747.182521

19918.719716

19160.705511

18756.598670

19031.333326

16820.525088

19426.371811

18777.427536

15713.322212

15405.608971

14979.551685

14877.566090

15092.139425

14539.307690

13327.065599

12150.069286

10284.905034

9626.235159

8020.366098

8736.476394

6588.039766

6398.044195

6130.580450

6600.763479

6081.079763

6569.081516

7962.463104

7336.230789

8380.462857

9080.936190

10605.976302

11585.734265

12613.513267

13207.193617

13722.472207

13999.380788

14214.626946

14294.896452

14366.940594

14380.226485

14428.091707

14455.693334

14523.564736

14577.717637

14659.259741

14726.545737

14808.187582

14869.982107

14914.218892

14904.255601

14828.614161

14695.788038

14543.733027

14518.480823

14619.858270

14870.118933

15289.025331

15805.323962

16899.586040

18081.928919

19236.569786

18924.627223

17913.899765

17160.859499

18169.986100

21317.417506

19472.531597

18867.132202

18595.023776

15962.887596

14988.637022

15651.464381

15840.804098

15299.471965

14081.119158

12313.278204

11267.352897

9521.069147

10010.557877

8451.740582

9397.936615

7170.011948

7882.498603

8105.543256

8444.502269

9507.289166

8047.356457

8569.197745

8175.386942

9598.953066

10624.861900

12067.274280

12852.152505

13549.200615

13867.929739

14141.195902

14232.470827

14336.486153

14352.503792

14419.449097

14446.361135

14528.368855

14582.895172

14673.568162

14735.219544

14813.551567

14862.608249

14908.438953

14911.158029

14870.016956

14762.721330

14604.832441

14438.985788

14435.073842

14425.701012

14622.336793

14802.696147

15221.243741

15938.381952

17341.133974

18511.254217

18681.484726

17606.696481

16754.215512

20182.953194

19192.642439

20436.345833

18966.810501

16854.604309

17002.673654

15666.658202

16532.047238

16979.236195

16210.575044

14641.430002

13200.073605

11536.958766

10941.238750

10260.823531

11035.719936

8856.459597

8925.508389

7760.800910

8204.374467

9736.177896

9929.095357

10731.692652

9040.339341

9133.836247

9680.089212

11177.418671

12259.635966

13236.556169

13691.199564

14057.685844

14172.056198

14311.615421

14324.816016

14407.780271

14425.021790

14517.201123

14566.283520

14668.301995

14729.102456

14815.502416

14860.903250

14911.579280

14920.057466

14906.383888

14833.511043

14708.825174

14539.020317

14366.415026

14279.003696

14275.419003

14411.983498

14555.144038

14715.183917

15277.262989

16389.450431

17947.564327

18761.299966

17822.823514

17954.913727

18241.799292

19856.373683

18393.073923

18037.110007

16885.105441

16082.188298

16956.258831

17684.609465

18242.900496

16846.428321

15399.536753

13803.362884

12428.058258

11380.635971

11292.366822

11118.331430

9853.555061

8926.637436

8342.387637

8750.684157

9549.854581

10689.817159

11042.714972

10260.396053

9610.551584

10384.198521

11532.747671

12678.176587

13357.481953

13863.083755

14056.337453

14265.665942

14297.788220

14408.133782

14413.430981

14511.965534

14544.927293

14652.362907

14705.925920

14801.813343

14846.383911

14906.856230

14919.928616

14927.213294

14882.679174

14802.820267

14665.659464

14495.970565

14327.493722

14073.713711

14139.896663

14300.194983

14411.123100

14474.016270

14745.877717

15568.405367

17117.892430

18621.946491

18957.411541

17943.857459

18060.415702

18218.349898

18065.870016

16574.425251

16461.608590

16327.082153

17887.542665

19924.356593

18678.193463

17359.302395

15634.173342

14487.322661

13100.511300

11652.496313

11050.781879

10537.595896

11134.362773

8391.135916

9522.254901

9205.536394

9061.256433

11265.170198

10503.853908

10104.459373

10216.296524

11048.505548

12117.255815

12879.191055

13486.729842

13775.007736

14103.765383

14213.571124

14399.205650

14417.773396

14533.079237

14544.530102

14649.896441

14683.468081

14781.350878

14818.226642

14887.454947

14902.792787

14926.977380

14901.802773

14861.331641

14766.810867

14638.078434

14476.398542

14321.597584

13882.843805

14002.342145

14252.483332

14368.345252

14422.166704

14445.843969

14950.290302

16073.274107

17960.653669

19444.065773

19084.941310

17902.623744

17129.104999

16728.650892

16534.017451

15136.879992

17835.890554

21347.521031

20487.512129

19149.165581

16682.496828

15780.037351

14570.445581

13520.105773

11939.744817

10218.400429

10168.479267

8816.330939

11142.165621

9086.861118

9798.121661

10640.633472

8541.679014

9853.315973

9684.305149

10698.877136

11856.155777

12476.521760

13080.439180

13306.436478

13739.176807

13958.012864

14297.953366

14396.768710

14574.506458

14581.444075

14686.881320

14689.658982

14778.223626

14793.464488

14862.681028

14871.976019

14907.282065

14892.376557

14880.922674

14821.579663

14742.379803

14619.048588

14479.650573

14345.067655

13674.811473

13928.834021

14184.478186

14424.850264

14428.095788

14460.348130

14508.494263

15282.965058

16624.010523

18733.371073

19957.525078

19495.859943

17731.152211

16065.192901

14193.393489

17909.011346

23310.750530

21811.639976

20896.891729

17551.888771

16399.337274

14862.760617

14520.802399

13336.345015

12077.206445

10394.820751

9136.390751

8264.118446

7958.994244

15212.820236

13325.383677

6968.841831

7879.771490

9023.262092

9930.354552

11503.703172

12187.291599

12877.629452

12827.733587

13255.689171

13482.642995

14009.608769

14257.466499

14581.479183

14638.921944

14772.406420

14748.036695

14820.266340

14799.038403

14854.616132

14843.661849

14879.697942

14863.937099

14870.313134

14833.020509

14794.806545

14714.458250

14618.310195

14500.269301

14393.835042

13588.373950

13827.448580

14175.355181

14392.750008

14564.469540

14476.069357

14529.223996

14646.460343

15609.272364

16804.452899

19005.692139

19003.835114

21345.086608

18925.052574

20433.115096

25215.224765

20401.896812

21332.105651

17934.468743

16942.168965

15016.492042

14582.039090

13491.021663

13216.234035

11842.653078

11031.203137

8990.068075

10164.822393

7107.089424

18262.748384

14990.368029

6398.543654

10756.164457

8796.733307

11391.489691

11687.448036

12787.192203

12494.697300

12885.933383

12947.614645

13576.435816

13948.539315

14479.548397

14660.910666

14882.256567

14861.127645

14924.896093

14860.005264

14889.001643

14841.523493

14863.878396

14832.999829

14844.653379

14815.416634

14804.485681

14756.792638

14705.843669

14624.196879

14539.547401

14460.051455

13526.378306

13824.577814

14088.622458

14384.680639

14529.364404

14626.169954

14522.042252

14592.684735

14778.173884

15617.055472

16161.299840

17111.048550

14931.823736

11392.815148

11739.740793

15171.221838

17999.716436

16956.650871

16869.307815

15391.155881

14883.438005

13686.037968

13328.468688

12234.178780

12196.174426

10628.185396

11941.751929

8253.267428

25087.742577

10223.106615

12167.279862

27574.249764

8544.781252

13357.817869

11076.099831

12890.673485

12230.341809

12755.823792

12620.643446

13236.262175

13604.848028

14290.305836

14612.422733

14974.526293

15005.625322

15088.308071

14987.884953

14984.531030

14887.859118

14881.432736

14819.619738

14822.069250

14786.405645

14788.613154

14759.420453

14743.431986

14697.485169

14649.568197

14587.483589

14538.827702

13619.036753

13815.150921

14053.227137

14251.246015

14448.875994

14555.244368

14574.443477

14542.955770

14533.436380

14774.531514

14856.761596

14995.885506

12977.190679

14923.155661

15397.858490

13387.491661

15435.973630

15778.873646

15664.499286

15341.068786

14497.381379

13957.298539

12868.287666

12492.899353

11366.626728

12134.763363

10674.306659

15607.214939

18439.320085

12294.245885

12467.778840

18484.438481

16803.595673

11590.441401

13600.667379

12075.840901

12917.602707

12640.599540

13240.995132

13514.266819

14212.078905

14589.399788

15063.419986

15166.839104

15294.292507

15177.776691

15145.900146

14995.419124

14948.578249

14842.005524

14820.273664

14763.389673

14764.330310

14739.511437

14745.509657

14726.008764

14713.700715

14678.904559

14647.669923

14620.428043

13747.925729

13898.611749

14000.185856

14112.408930

14242.322524

14327.970154

14441.806088

14363.256893

14447.282660

14214.813151

14521.436030

13797.070551

14521.348511

15605.711100

16011.135581

15569.355907

15022.088802

15814.024178

15630.479356

15478.789814

15002.721593

14210.973078

13571.712083

12547.952549

12343.578935

11540.617875

12322.737827

14239.421551

14429.933364

13377.550865

13305.393926

14727.930624

14978.579112

13574.467299

12577.390246

13388.509840

13022.405937

13683.573517

13872.440785

14485.659759

14811.877921

15278.333354

15402.958908

15554.080835

15426.776876

15369.102336

15165.653098

15071.698382

14911.472736

14852.951916

14761.674841

14746.875654

14712.329690

14726.585495

14722.151048

14738.380130

14731.255111

14725.899333

14707.610211

14702.398028

13977.857074

14006.618229

13996.429595

13993.881307

13974.082743

14054.266990

14027.235112

14160.553336

13982.519411

14151.246571

13821.943473

14211.032763

14834.230383

15566.198832

16074.343474

16166.077694

15951.807860

15844.589046

16125.044978

15864.938138

15585.492098

15027.314956

14300.668082

13727.916770

13075.615470

12886.970663

13453.336484

14331.614943

14392.158262

13443.070832

13860.785875

14797.085359

15025.447517

14374.290848

13952.266099

13941.391604

14456.684535

14637.672136

15158.967694

15413.902802

15765.130958

15836.102809

15932.243637

15763.666142

15660.414783

15398.137502

15250.187629

15031.048601

14927.165466

14792.512336

14749.704681

14692.401283

14700.119301

14697.261722

14731.207186

14747.559615

14771.632035

14772.256543

14773.151943

14775.605635

14217.940509

14161.668745

14055.192279

13902.570982

13816.941714

13683.298117

13723.685416

13615.371811

13750.662120

13599.582678

13806.617657

14100.160777

14601.042303

15315.686131

15815.452744

15920.966003

16139.563809

16166.734579

16210.771362

16316.499736

16063.561693

15786.074714

15299.830126

14870.565047

14482.710107

14546.237929

14855.602184

15127.279605

14599.990984

14691.737185

14715.308870

15271.225176

15960.733980

15818.796523

15528.256709

15501.868893

15717.082497

16051.739033

16280.018002

16493.150272

16502.912225

16475.642331

16232.429783

16040.498780

15701.448905

15484.373410

15199.425358

15043.746163

14861.175325

14782.906183

14694.141977

14682.182724

14666.198724

14701.946473

14730.450602

14780.710592

14808.581153

14830.292146

14831.308204

14842.123962

14464.668304

14345.749044

14147.309220

13945.680607

13683.433831

13536.441986

13337.029818

13349.297989

13262.732448

13395.842222

13552.989745

13837.959992

14363.663998

14836.495879

15258.986439

15677.356622

15774.996389

16081.440814

16224.996263

16324.898881

16408.392818

16243.521359

16140.529449

15879.762276

15860.456105

15845.285781

15955.938286

15650.854864

15557.223475

15297.941529

15632.735833

16130.476224

16587.012244

17028.753004

16997.365412

16988.368336

17058.349833

17206.237322

17274.331463

17252.193803

17103.809524

16803.083493

16497.554003

16075.992857

15771.291995

15413.258591

15198.984010

14966.378917

14850.111222

14727.614337

14689.229557

14650.004779

14671.150045

14693.401739

14753.435589

14804.070429

14858.005879

14880.657989

14889.405891

14894.635202

14680.714186

14522.395168

14320.723490

14023.313304

13749.715287

13429.591984

13255.397003

13077.389991

13084.267757

13150.537970

13314.850347

13657.341030

13972.762802

14413.249895

14819.966585

15072.118255

15470.137049

15629.021632

15952.893728

16159.735650

16326.977992

16504.308428

16537.247299

16668.385971

16686.971020

16751.734583

16580.838826

16404.472615

16109.226693

16124.606936

16297.844382

16777.936899

17342.489626

17751.388878

18017.422877

18075.903730

18064.605251

18011.420092

17906.054684

17671.133841

17340.493627

16944.364132

16468.958391

16077.142079

15654.001171

15378.721555

15098.413117

14945.550868

14792.710585

14729.071237

14665.993553

14665.157013

14667.255066

14714.479181

14764.382546

14837.654660

14893.769997

14932.493770

14935.267453

14939.787321

14835.392648

14708.539502

14491.366186

14214.603849

13853.988471

13554.758655

13259.336870

13092.365199

13001.886835

13016.192820

13187.562799

13356.742991

13688.740625

13969.667831

14262.372605

14614.071457

14807.092722

15182.809922

15399.775664

15756.858168

16059.476940

16377.567787

16710.649046

16978.904832

17210.984085

17307.758706

17275.938219

17156.362124

17051.648457

17068.534309

17298.404140

17651.722901

18130.494123

18482.014776

18738.355177

18737.476979

18666.126385

18429.968181

18134.947029

17740.775245

17287.582370

16782.507606

16328.041498

15868.211073

15543.402530

15230.470641

15048.763079

14875.149965

14793.839769

14714.814657

14696.422505

14679.026677

14704.489922

14733.176774

14793.358077

14855.232894

14926.009467

14967.061793

14975.970018

14971.285966

14946.318610

14848.608310

14686.541874

14389.533733

14080.432972

13753.299452

13476.441836

13240.381372

13071.116218

13026.039107

13006.002723

13152.136845

13264.250908

13480.770476

13702.020303

13891.233710

14207.314711

14410.970484

14806.985703

15127.313154

15607.746048

16071.996603

16613.735607

17110.499468

17606.759824

17959.242332

18299.313453

18469.628089

18696.670843

18859.690892

19061.684219

19304.080562

19412.509153

19569.360019

19427.124151

19304.740066

18915.953781

18550.197877

18034.058702

17523.049186

16965.404678

16464.195715

15986.246485

15630.993667

15311.593781

15117.701522

14942.485187

14857.434606

14776.825978

14753.201406

14728.223246

14740.179326

14750.316496

14786.758469

14823.627333

14879.766585

14935.970455

14988.788883

14999.861269

14998.797930

14990.409393

14964.072705

14803.489050

14583.804872

14338.416142

14074.169608

13796.220356

13512.267477

13280.817396

13044.078845

12933.131834

12807.071529

12824.306906

12843.570566

12938.800559

13117.551287

13283.765317

13625.838272

13930.414182

14453.042310

14972.398281

15695.117085

16417.400401

17298.856017

18117.316036

19075.971438

19865.707030

20746.610362

21329.075154

21819.322076

22004.675900

21880.179006

21648.150707

21040.108834

20533.868805

19755.548796

19140.136729

18382.131035

17738.667835

17063.370953

16492.431389

15978.962386

15596.439013

15286.044755

15096.529836

14944.629535

14875.675225

14814.588706

14803.411533

14788.084979

14802.687141

14809.917397

14835.791130

14854.459468

14885.258985

14911.520726

14946.907003

14982.829195

15010.533208

15014.977921

15018.802626

14983.367968

14889.470170

14791.798327

14640.931014

14437.571224

14163.521645

13861.937297

13481.701987

13138.966779

12741.484757

12457.887713

12178.598638

12038.147358

11981.046155

12022.611692

12230.833079

12494.238643

12987.135404

13532.704801

14341.864019

15216.804918

16367.705261

17559.615872

19038.377386

20448.651598

22071.519191

23340.734717

24508.704186

25099.000966

25267.640447

24988.922609

24105.987461

23103.515069

21689.217769

20506.975326

19224.782386

18219.500256

17263.864990

16519.470694

15901.081478

15456.387875

15138.446843

14951.101085

14835.005284

14798.309350

14779.419800

14802.030115

14816.890371

14853.313123

14875.163850

14908.361009

14926.354227

14949.675763

14959.901296

14972.767383

14977.662003

14984.807658

14992.376818

15025.146810

15005.505066

15002.332680

14996.378677

14971.787137

14894.869548

14731.943359

14482.721612

14089.753674

13629.382373

13029.978792

12448.945733

11818.993114

11310.228300

10889.561921

10640.694170

10601.637028

10723.659023

11131.388868

11670.695631

12537.906035

13519.949353

14873.458351

16320.600100

18170.313164

19974.783861

22044.332279

23707.713780

25274.377017

26208.145178

26839.386274

27002.314705

26706.882832

26055.528766

24703.518491

23220.672703

21293.612114

19673.125540

18083.828671

16930.471618

15991.637876

15377.792730

14956.474239

14732.294231

14617.155808

14609.882554

14632.841783

14707.845683

14766.890657

14848.228624

14899.145185

14958.754868

14988.457248

15020.133232

15026.705619

15033.432735

15023.766514

15018.957159

15012.661196

15016.160789

15045.026497

