AXIS X

0.000000 0.001000 0.002000 0.003000 0.004000 0.005000 0.006000 0.007000 0.008000 0.009000 0.010000 0.011000 0.012000 0.013000 0.014000 0.015000 0.016000 0.017000 0.018000 0.019000 0.020000 0.021000 0.022000 0.023000 0.024000 0.025000 0.026000 0.027000 0.028000 0.029000 

AXIS Y

0.000000 0.001000 0.002000 0.003000 0.004000 0.005000 0.006000 0.007000 0.008000 0.009000 0.010000 0.011000 0.012000 0.013000 0.014000 0.015000 0.016000 0.017000 0.018000 0.019000 0.020000 0.021000 0.022000 0.023000 0.024000 0.025000 0.026000 0.027000 0.028000 0.029000 



DATA
2513.274123

2513.274123

2513.274123

2513.274123

2513.274123

2513.274123

2513.274123

2513.274123

2513.274123

2513.274123

2513.274123

2513.274123

2513.274123

2513.274123

2513.274123

2513.274123

2513.274123

2513.274123

2513.274123

2513.274123

2513.274123

2513.274123

2513.274123

2513.274123

2513.274123

2513.274123

2513.274123

2513.274123

2513.274123

2513.274123

2513.274123

2513.274123

2513.274123

2513.274123

2513.274123

2513.274123

2513.274123

2513.274123

2513.274123

2513.274123

2513.274123

2513.274123

2513.274123

2513.274123

2513.274123

2513.274123

2513.274123

2513.274123

2513.274123

2513.274123

2513.274123

2513.274123

2513.274123

2513.274123

2513.274123

2513.274123

2513.274123

2513.274123

2513.274123

2513.274123

2513.274123

2513.274123

2513.274123

2513.274123

2513.274123

2513.274123

2513.274123

2513.274123

2513.274123

2513.274123

2513.274123

2513.274123

2513.274123

2513.274123

2513.274123

2513.274123

2513.274123

2513.274123

2513.274123

2513.274123

2513.274123

2513.274123

2513.274123

2513.274123

2513.274123

2513.274123

2513.274123

2513.274123

2513.274123

2513.274123

2513.274123

2513.274123

2513.274123

2513.274123

2513.274123

2513.274123

2513.274123

2513.274123

2513.274123

2513.274123

2513.274123

2513.274123

2513.274123

2513.274123

2513.274123

2513.274123

2513.274123

2513.274123

2513.274123

2513.274123

2513.274123

2513.274123

2513.274123

2513.274123

2513.274123

2513.274123

2513.274123

2513.274123

2513.274123

2513.274123

2513.274123

2513.274123

2513.274123

2513.274123

2513.274123

2513.274123

2513.274123

2513.274123

2513.274123

2513.274123

2513.274123

2513.274123

2513.274123

2513.274123

2513.274123

2513.274123

2513.274123

2513.274123

2513.274123

2513.274123

2513.274123

2513.274123

2513.274123

2513.274123

2513.274123

2513.274123

2513.274123

2513.274123

2513.274123

2513.274123

2513.274123

2513.274123

2513.274123

2513.274123

2513.274123

2513.274123

2513.274123

2513.274123

2513.274123

2513.274123

2513.274123

2513.274123

2513.274123

2513.274123

2513.274123

2513.274123

2513.274123

2513.274123

2513.274123

2513.274123

2513.274123

2513.274123

2513.274123

2513.274123

2513.274123

2513.274123

2513.274123

2513.274123

2513.274123

2513.274123

2513.274123

2513.274123

2513.274123

2513.274123

2513.274123

2513.274123

2513.274123

2513.274123

2513.274123

2513.274123

2513.274123

2513.274123

2513.274123

2513.274123

2513.274123

2513.274123

2513.274123

2513.274123

2513.274123

2513.274123

2513.274123

2513.274123

2513.274123

2513.274123

2513.274123

2513.274123

2513.274123

2513.274123

2513.274123

2513.274123

2513.274123

2513.274123

2513.274123

2513.274123

2513.274123

2513.274123

2513.274123

2513.274123

2513.274123

2513.274123

2513.274123

2513.274123

2513.274123

2513.274123

2513.274123

2513.274123

2513.274123

2513.274123

2513.274123

2513.274123

2513.274123

2513.274123

2513.274123

2513.274123

2513.274123

2513.274123

2513.274123

2513.274123

2513.274123

2513.274123

2513.274123

2513.274123

2513.274123

2513.274123

2513.274123

2513.274123

2513.274123

2513.274123

2513.274123

2513.274123

2513.274123

2513.274123

3409.333271

3408.657626

5189.778756

5189.778756

3408.657626

3409.333271

2513.274123

2513.274123

2513.274123

2513.274123

2513.274123

2513.274123

2513.274123

2513.274123

2513.274123

2513.274123

2513.274123

2513.274123

2513.274123

2513.274123

2513.274123

2513.274123

2513.274123

2513.274123

2513.274123

2513.274123

2513.274123

2513.274123

2513.274123

4527.346178

4319.364064

5588.438658

14015.862701

14015.862701

5588.438658

4319.364064

4527.346178

2513.274123

2513.274123

2513.274123

2513.274123

2513.274123

2513.274123

2513.274123

2513.274123

2513.274123

2513.274123

2513.274123

2513.274123

2513.274123

2513.274123

2513.274123

2513.274123

2513.274123

2513.274123

2513.274123

2513.274123

2513.274123

6118.458862

8425.660677

12380.382275

12425.406338

10272.103287

10272.103287

12425.406338

12380.382275

8425.660677

6118.458862

2513.274123

2513.274123

2513.274123

2513.274123

2513.274123

2513.274123

2513.274123

2513.274123

2513.274123

2513.274123

2513.274123

2513.274123

2513.274123

2513.274123

2513.274123

2513.274123

2513.274123

2513.274123

2513.274123

4128.686586

6160.258701

12225.858862

16420.371524

8888.704417

7196.257986

7196.257986

8888.704417

16420.371524

12225.858862

6160.258701

4128.686586

2513.274123

2513.274123

2513.274123

2513.274123

2513.274123

2513.274123

2513.274123

2513.274123

2513.274123

2513.274123

2513.274123

2513.274123

2513.274123

2513.274123

2513.274123

2513.274123

2513.274123

3362.207272

4156.423269

5753.051120

8631.816425

8285.161422

7524.347031

10243.220463

10243.220463

7524.347031

8285.161422

8631.816425

5753.051120

4156.423269

3362.207272

2513.274123

2513.274123

2513.274123

2513.274123

2513.274123

2513.274123

2513.274123

2513.274123

2513.274123

2513.274123

2513.274123

2513.274123

2513.274123

2513.274123

2513.274123

2513.274123

4535.487812

5253.961699

6567.110722

7026.313114

7239.180743

9259.296783

7955.203576

7955.203576

9259.296783

7239.180743

7026.313114

6567.110722

5253.961699

4535.487812

2513.274123

2513.274123

2513.274123

2513.274123

2513.274123

2513.274123

2513.274123

2513.274123

2513.274123

2513.274123

2513.274123

2513.274123

2513.274123

2513.274123

2513.274123

2513.274123

4575.169374

5866.661115

6055.411208

5976.706342

7109.214540

12979.251704

7428.375269

7428.375269

12979.251704

7109.214540

5976.706342

6055.411208

5866.661115

4575.169374

2513.274123

2513.274123

2513.274123

2513.274123

2513.274123

2513.274123

2513.274123

2513.274123

2513.274123

2513.274123

2513.274123

2513.274123

2513.274123

2513.274123

2513.274123

2513.274123

4149.220573

4930.029701

5058.242211

5240.375485

6317.652076

11690.634299

7280.879311

7280.879311

11690.634299

6317.652076

5240.375485

5058.242211

4930.029701

4149.220573

2513.274123

2513.274123

2513.274123

2513.274123

2513.274123

2513.274123

2513.274123

2513.274123

2513.274123

2513.274123

2513.274123

2513.274123

2513.274123

2513.274123

2513.274123

2513.274123

3766.615251

4439.212094

4783.035258

4744.664309

5464.010250

8101.690834

6454.512353

6454.512353

8101.690834

5464.010250

4744.664309

4783.035258

4439.212094

3766.615251

2513.274123

2513.274123

2513.274123

2513.274123

2513.274123

2513.274123

2513.274123

2513.274123

2513.274123

2513.274123

2513.274123

2513.274123

2513.274123

2513.274123

2513.274123

2513.274123

3311.326945

4617.273229

4704.049314

4415.005432

5734.696150

10346.621126

4437.663412

4437.663412

10346.621126

5734.696150

4415.005432

4704.049314

4617.273229

3311.326945

2513.274123

2513.274123

2513.274123

2513.274123

2513.274123

2513.274123

2513.274123

2513.274123

2513.274123

2513.274123

2513.274123

2513.274123

2513.274123

2513.274123

2513.274123

2513.274123

2513.274123

5271.832124

4365.023840

4529.895740

8675.460696

15784.452099

3957.225099

3957.225099

15784.452099

8675.460696

4529.895740

4365.023840

5271.832124

2513.274123

2513.274123

2513.274123

2513.274123

2513.274123

2513.274123

2513.274123

2513.274123

2513.274123

2513.274123

2513.274123

2513.274123

2513.274123

2513.274123

2513.274123

2513.274123

2513.274123

2513.274123

2513.274123

3970.648240

4305.082826

6549.227019

5000.148600

4789.859790

4789.859790

5000.148600

6549.227019

4305.082826

3970.648240

2513.274123

2513.274123

2513.274123

2513.274123

2513.274123

2513.274123

2513.274123

2513.274123

2513.274123

2513.274123

2513.274123

2513.274123

2513.274123

2513.274123

2513.274123

2513.274123

2513.274123

2513.274123

2513.274123

2513.274123

2513.274123

3806.998394

5505.454998

4853.858953

648.711946

648.711946

4853.858953

5505.454998

3806.998394

2513.274123

2513.274123

2513.274123

2513.274123

2513.274123

2513.274123

2513.274123

2513.274123

2513.274123

2513.274123

2513.274123

2513.274123

2513.274123

2513.274123

2513.274123

2513.274123

2513.274123

2513.274123

2513.274123

2513.274123

2513.274123

2513.274123

2513.274123

5087.856574

4311.557609

6123.355331

6123.355331

4311.557609

5087.856574

2513.274123

2513.274123

2513.274123

2513.274123

2513.274123

2513.274123

2513.274123

2513.274123

2513.274123

2513.274123

2513.274123

2513.274123

2513.274123

2513.274123

2513.274123

2513.274123

2513.274123

2513.274123

2513.274123

2513.274123

2513.274123

2513.274123

2513.274123

2513.274123

2513.274123

2513.274123

2513.274123

2513.274123

2513.274123

2513.274123

2513.274123

2513.274123

2513.274123

2513.274123

2513.274123

2513.274123

2513.274123

2513.274123

2513.274123

2513.274123

2513.274123

2513.274123

2513.274123

2513.274123

2513.274123

2513.274123

2513.274123

2513.274123

2513.274123

2513.274123

2513.274123

2513.274123

2513.274123

2513.274123

2513.274123

2513.274123

2513.274123

2513.274123

2513.274123

2513.274123

2513.274123

2513.274123

2513.274123

2513.274123

2513.274123

2513.274123

2513.274123

2513.274123

2513.274123

2513.274123

2513.274123

2513.274123

2513.274123

2513.274123

2513.274123

2513.274123

2513.274123

2513.274123

2513.274123

2513.274123

2513.274123

2513.274123

2513.274123

2513.274123

2513.274123

2513.274123

2513.274123

2513.274123

2513.274123

2513.274123

2513.274123

2513.274123

2513.274123

2513.274123

2513.274123

2513.274123

2513.274123

2513.274123

2513.274123

2513.274123

2513.274123

2513.274123

2513.274123

2513.274123

2513.274123

2513.274123

2513.274123

2513.274123

2513.274123

2513.274123

2513.274123

2513.274123

2513.274123

2513.274123

2513.274123

2513.274123

2513.274123

2513.274123

2513.274123

2513.274123

2513.274123

2513.274123

2513.274123

2513.274123

2513.274123

2513.274123

2513.274123

2513.274123

2513.274123

2513.274123

2513.274123

2513.274123

2513.274123

2513.274123

2513.274123

2513.274123

2513.274123

2513.274123

2513.274123

2513.274123

2513.274123

2513.274123

2513.274123

2513.274123

2513.274123

2513.274123

2513.274123

2513.274123

2513.274123

2513.274123

2513.274123

2513.274123

2513.274123

2513.274123

2513.274123

2513.274123

2513.274123

2513.274123

2513.274123

2513.274123

2513.274123

2513.274123

2513.274123

2513.274123

2513.274123

2513.274123

2513.274123

2513.274123

2513.274123

2513.274123

2513.274123

2513.274123

2513.274123

2513.274123

2513.274123

2513.274123

2513.274123

2513.274123

2513.274123

2513.274123

2513.274123

2513.274123

2513.274123

2513.274123

2513.274123

2513.274123

2513.274123

2513.274123

2513.274123

2513.274123

2513.274123

2513.274123

2513.274123

2513.274123

2513.274123

2513.274123

2513.274123

2513.274123

2513.274123

2513.274123

2513.274123

2513.274123

2513.274123

2513.274123

2513.274123

2513.274123

2513.274123

2513.274123

2513.274123

2513.274123

2513.274123

2513.274123

2513.274123

2513.274123

2513.274123

2513.274123

2513.274123

2513.274123

2513.274123

2513.274123

2513.274123

2513.274123

2513.274123

2513.274123

2513.274123

2513.274123

2513.274123

2513.274123

2513.274123

2513.274123

2513.274123

2513.274123

2513.274123

2513.274123

2513.274123

2513.274123

2513.274123

2513.274123

2513.274123

2513.274123

2513.274123

2513.274123

2513.274123

2513.274123

2513.274123

2513.274123

2513.274123

2513.274123

2513.274123

2513.274123

2513.274123

2513.274123

