AXIS X

0.000000 0.001000 0.002000 0.003000 0.004000 0.005000 0.006000 0.007000 0.008000 0.009000 0.010000 0.011000 0.012000 0.013000 0.014000 0.015000 0.016000 0.017000 0.018000 0.019000 0.020000 0.021000 0.022000 0.023000 0.024000 0.025000 0.026000 0.027000 0.028000 0.029000 

AXIS Y

0.000000 0.001000 0.002000 0.003000 0.004000 0.005000 0.006000 0.007000 0.008000 0.009000 0.010000 0.011000 0.012000 0.013000 0.014000 0.015000 0.016000 0.017000 0.018000 0.019000 0.020000 0.021000 0.022000 0.023000 0.024000 0.025000 0.026000 0.027000 0.028000 0.029000 



DATA
5787.027530

5787.027530

5787.027530

5787.027530

5787.027530

5787.027530

5787.027530

5787.027530

5787.027530

5787.027530

5787.027530

5787.027530

5787.027530

5787.027530

5787.027530

5787.027530

5787.027530

5787.027530

5787.027530

5787.027530

5787.027530

5787.027530

5787.027530

5787.027530

5787.027530

5787.027530

5787.027530

5787.027530

5787.027530

5787.027530

5787.027530

5787.027530

5787.027530

5787.027530

5787.027530

5787.027530

5787.027530

5787.027530

5787.027530

5787.027530

5787.027530

5787.027530

5787.027530

5787.027530

5787.027530

5787.027530

5787.027530

5787.027530

5787.027530

5787.027530

5787.027530

5787.027530

5787.027530

5787.027530

5787.027530

5787.027530

5787.027530

5787.027530

5787.027530

5787.027530

5787.027530

5787.027530

5787.027530

5787.027530

5787.027530

5787.027530

5787.027530

5787.027530

5787.027530

5787.027530

5787.027530

5787.027530

5787.027530

5787.027530

5787.027530

5787.027530

5787.027530

5787.027530

5787.027530

5787.027530

5787.027530

5787.027530

5787.027530

5787.027530

5787.027530

5787.027530

5787.027530

5787.027530

5787.027530

5787.027530

5787.027530

5787.027530

5787.027530

5787.027530

5787.027530

5787.027530

5787.027530

5787.027530

5787.027530

5787.027530

5787.027530

5787.027530

5787.027530

5787.027530

5787.027530

5787.027530

5787.027530

5787.027530

5787.027530

5787.027530

5787.027530

5787.027530

5787.027530

5787.027530

5787.027530

5787.027530

5787.027530

5787.027530

5787.027530

5787.027530

5787.027530

5787.027530

5787.027530

5787.027530

5787.027530

5787.027530

5787.027530

5787.027530

5787.027530

5787.027530

5787.027530

5787.027530

5787.027530

5787.027530

5787.027530

5787.027530

5787.027530

5787.027530

5787.027530

5787.027530

5787.027530

5787.027530

5787.027530

5787.027530

5787.027530

5787.027530

5787.027530

5787.027530

5787.027530

5787.027530

5787.027530

5787.027530

5787.027530

5787.027530

5787.027530

5787.027530

5787.027530

5787.027530

5787.027530

5787.027530

5787.027530

5787.027530

5787.027530

5787.027530

5787.027530

5787.027530

5787.027530

5787.027530

5787.027530

5787.027530

5787.027530

5787.027530

5787.027530

5787.027530

5787.027530

5787.027530

5787.027530

5787.027530

5787.027530

5787.027530

5787.027530

5787.027530

5787.027530

5787.027530

5787.027530

5787.027530

5787.027530

5787.027530

5787.027530

5787.027530

5787.027530

5787.027530

5787.027530

5787.027530

5787.027530

5787.027530

5787.027530

5787.027530

5787.027530

5787.027530

5787.027530

5787.027530

5787.027530

5787.027530

5787.027530

5787.027530

5787.027530

5787.027530

5787.027530

5787.027530

5787.027530

5787.027530

5787.027530

5787.027530

5787.027530

5787.027530

5787.027530

5787.027530

5787.027530

5787.027530

5787.027530

5787.027530

5787.027530

5787.027530

5787.027530

5787.027530

5787.027530

5787.027530

5787.027530

5787.027530

5787.027530

5787.027530

5787.027530

5787.027530

5787.027530

5787.027530

5787.027530

5787.027530

5787.027530

5787.027530

5787.027530

5787.027530

5787.027530

5787.027530

5787.027530

5787.027530

5787.027530

5787.027530

5787.027530

5787.027530

5787.027530

5787.027530

7850.279967

7848.724237

11949.907199

11949.907199

7848.724237

7850.279967

5787.027530

5787.027530

5787.027530

5787.027530

5787.027530

5787.027530

5787.027530

5787.027530

5787.027530

5787.027530

5787.027530

5787.027530

5787.027530

5787.027530

5787.027530

5787.027530

5787.027530

5787.027530

5787.027530

5787.027530

5787.027530

5787.027530

5787.027530

10424.599821

9945.703304

12867.855547

32272.716521

32272.716521

12867.855547

9945.703304

10424.599821

5787.027530

5787.027530

5787.027530

5787.027530

5787.027530

5787.027530

5787.027530

5787.027530

5787.027530

5787.027530

5787.027530

5787.027530

5787.027530

5787.027530

5787.027530

5787.027530

5787.027530

5787.027530

5787.027530

5787.027530

5787.027530

14088.272168

19400.800673

28506.883672

28610.555408

23652.391902

23652.391902

28610.555408

28506.883672

19400.800673

14088.272168

5787.027530

5787.027530

5787.027530

5787.027530

5787.027530

5787.027530

5787.027530

5787.027530

5787.027530

5787.027530

5787.027530

5787.027530

5787.027530

5787.027530

5787.027530

5787.027530

5787.027530

5787.027530

5787.027530

9506.652187

14184.519854

28151.080366

37809.302692

20466.998286

16569.996365

16569.996365

20466.998286

37809.302692

28151.080366

14184.519854

9506.652187

5787.027530

5787.027530

5787.027530

5787.027530

5787.027530

5787.027530

5787.027530

5787.027530

5787.027530

5787.027530

5787.027530

5787.027530

5787.027530

5787.027530

5787.027530

5787.027530

5787.027530

7741.768344

9570.518260

13246.889747

19875.491826

19077.289182

17325.449308

23585.886741

23585.886741

17325.449308

19077.289182

19875.491826

13246.889747

9570.518260

7741.768344

5787.027530

5787.027530

5787.027530

5787.027530

5787.027530

5787.027530

5787.027530

5787.027530

5787.027530

5787.027530

5787.027530

5787.027530

5787.027530

5787.027530

5787.027530

5787.027530

10443.346626

12097.693887

15121.331252

16178.683835

16668.829664

21320.318744

18317.533165

18317.533165

21320.318744

16668.829664

16178.683835

15121.331252

12097.693887

10443.346626

5787.027530

5787.027530

5787.027530

5787.027530

5787.027530

5787.027530

5787.027530

5787.027530

5787.027530

5787.027530

5787.027530

5787.027530

5787.027530

5787.027530

5787.027530

5787.027530

10534.716799

13508.486430

13943.099579

13761.874927

16369.571423

29885.831492

17104.466160

17104.466160

29885.831492

16369.571423

13761.874927

13943.099579

13508.486430

10534.716799

5787.027530

5787.027530

5787.027530

5787.027530

5787.027530

5787.027530

5787.027530

5787.027530

5787.027530

5787.027530

5787.027530

5787.027530

5787.027530

5787.027530

5787.027530

5787.027530

9553.933438

11351.812899

11647.033113

12066.410474

14546.931492

26918.680263

16764.844166

16764.844166

26918.680263

14546.931492

12066.410474

11647.033113

11351.812899

9553.933438

5787.027530

5787.027530

5787.027530

5787.027530

5787.027530

5787.027530

5787.027530

5787.027530

5787.027530

5787.027530

5787.027530

5787.027530

5787.027530

5787.027530

5787.027530

5787.027530

8672.952127

10221.663592

11013.345684

10924.993308

12581.348549

18654.832543

14862.063926

14862.063926

18654.832543

12581.348549

10924.993308

11013.345684

10221.663592

8672.952127

5787.027530

5787.027530

5787.027530

5787.027530

5787.027530

5787.027530

5787.027530

5787.027530

5787.027530

5787.027530

5787.027530

5787.027530

5787.027530

5787.027530

5787.027530

5787.027530

7624.612061

10631.664507

10831.473827

10165.925694

13204.625867

23823.975568

10218.097620

10218.097620

23823.975568

13204.625867

10165.925694

10831.473827

10631.664507

7624.612061

5787.027530

5787.027530

5787.027530

5787.027530

5787.027530

5787.027530

5787.027530

5787.027530

5787.027530

5787.027530

5787.027530

5787.027530

5787.027530

5787.027530

5787.027530

5787.027530

5787.027530

12138.842061

10050.838825

10430.470405

19975.986473

36345.044104

9111.847523

9111.847523

36345.044104

19975.986473

10430.470405

10050.838825

12138.842061

5787.027530

5787.027530

5787.027530

5787.027530

5787.027530

5787.027530

5787.027530

5787.027530

5787.027530

5787.027530

5787.027530

5787.027530

5787.027530

5787.027530

5787.027530

5787.027530

5787.027530

5787.027530

5787.027530

9142.755448

9912.819539

15080.152503

11513.267630

11029.059751

11029.059751

11513.267630

15080.152503

9912.819539

9142.755448

5787.027530

5787.027530

5787.027530

5787.027530

5787.027530

5787.027530

5787.027530

5787.027530

5787.027530

5787.027530

5787.027530

5787.027530

5787.027530

5787.027530

5787.027530

5787.027530

5787.027530

5787.027530

5787.027530

5787.027530

5787.027530

8765.937751

12676.778609

11176.423270

1493.714456

1493.714456

11176.423270

12676.778609

8765.937751

5787.027530

5787.027530

5787.027530

5787.027530

5787.027530

5787.027530

5787.027530

5787.027530

5787.027530

5787.027530

5787.027530

5787.027530

5787.027530

5787.027530

5787.027530

5787.027530

5787.027530

5787.027530

5787.027530

5787.027530

5787.027530

5787.027530

5787.027530

11715.222702

9927.728278

14099.546704

14099.546704

9927.728278

11715.222702

5787.027530

5787.027530

5787.027530

5787.027530

5787.027530

5787.027530

5787.027530

5787.027530

5787.027530

5787.027530

5787.027530

5787.027530

5787.027530

5787.027530

5787.027530

5787.027530

5787.027530

5787.027530

5787.027530

5787.027530

5787.027530

5787.027530

5787.027530

5787.027530

5787.027530

5787.027530

5787.027530

5787.027530

5787.027530

5787.027530

5787.027530

5787.027530

5787.027530

5787.027530

5787.027530

5787.027530

5787.027530

5787.027530

5787.027530

5787.027530

5787.027530

5787.027530

5787.027530

5787.027530

5787.027530

5787.027530

5787.027530

5787.027530

5787.027530

5787.027530

5787.027530

5787.027530

5787.027530

5787.027530

5787.027530

5787.027530

5787.027530

5787.027530

5787.027530

5787.027530

5787.027530

5787.027530

5787.027530

5787.027530

5787.027530

5787.027530

5787.027530

5787.027530

5787.027530

5787.027530

5787.027530

5787.027530

5787.027530

5787.027530

5787.027530

5787.027530

5787.027530

5787.027530

5787.027530

5787.027530

5787.027530

5787.027530

5787.027530

5787.027530

5787.027530

5787.027530

5787.027530

5787.027530

5787.027530

5787.027530

5787.027530

5787.027530

5787.027530

5787.027530

5787.027530

5787.027530

5787.027530

5787.027530

5787.027530

5787.027530

5787.027530

5787.027530

5787.027530

5787.027530

5787.027530

5787.027530

5787.027530

5787.027530

5787.027530

5787.027530

5787.027530

5787.027530

5787.027530

5787.027530

5787.027530

5787.027530

5787.027530

5787.027530

5787.027530

5787.027530

5787.027530

5787.027530

5787.027530

5787.027530

5787.027530

5787.027530

5787.027530

5787.027530

5787.027530

5787.027530

5787.027530

5787.027530

5787.027530

5787.027530

5787.027530

5787.027530

5787.027530

5787.027530

5787.027530

5787.027530

5787.027530

5787.027530

5787.027530

5787.027530

5787.027530

5787.027530

5787.027530

5787.027530

5787.027530

5787.027530

5787.027530

5787.027530

5787.027530

5787.027530

5787.027530

5787.027530

5787.027530

5787.027530

5787.027530

5787.027530

5787.027530

5787.027530

5787.027530

5787.027530

5787.027530

5787.027530

5787.027530

5787.027530

5787.027530

5787.027530

5787.027530

5787.027530

5787.027530

5787.027530

5787.027530

5787.027530

5787.027530

5787.027530

5787.027530

5787.027530

5787.027530

5787.027530

5787.027530

5787.027530

5787.027530

5787.027530

5787.027530

5787.027530

5787.027530

5787.027530

5787.027530

5787.027530

5787.027530

5787.027530

5787.027530

5787.027530

5787.027530

5787.027530

5787.027530

5787.027530

5787.027530

5787.027530

5787.027530

5787.027530

5787.027530

5787.027530

5787.027530

5787.027530

5787.027530

5787.027530

5787.027530

5787.027530

5787.027530

5787.027530

5787.027530

5787.027530

5787.027530

5787.027530

5787.027530

5787.027530

5787.027530

5787.027530

5787.027530

5787.027530

5787.027530

5787.027530

5787.027530

5787.027530

5787.027530

5787.027530

5787.027530

5787.027530

5787.027530

5787.027530

5787.027530

5787.027530

5787.027530

5787.027530

5787.027530

5787.027530

5787.027530

5787.027530

5787.027530

5787.027530

5787.027530

5787.027530

5787.027530

5787.027530

5787.027530

5787.027530

5787.027530

5787.027530

