AXIS X

0.000000 0.000500 0.001000 0.001500 0.002000 0.002500 0.003000 0.003500 0.004000 0.004500 0.005000 0.005500 0.006000 0.006500 0.007000 0.007500 0.008000 0.008500 0.009000 0.009500 0.010000 0.010500 0.011000 0.011500 0.012000 0.012500 0.013000 0.013500 0.014000 0.014500 0.015000 0.015500 0.016000 0.016500 0.017000 0.017500 0.018000 0.018500 0.019000 0.019500 0.020000 0.020500 0.021000 0.021500 0.022000 0.022500 0.023000 0.023500 0.024000 0.024500 0.025000 0.025500 0.026000 0.026500 0.027000 0.027500 0.028000 0.028500 0.029000 0.029500 

AXIS Y

0.000000 0.000500 0.001000 0.001500 0.002000 0.002500 0.003000 0.003500 0.004000 0.004500 0.005000 0.005500 0.006000 0.006500 0.007000 0.007500 0.008000 0.008500 0.009000 0.009500 0.010000 0.010500 0.011000 0.011500 0.012000 0.012500 0.013000 0.013500 0.014000 0.014500 0.015000 0.015500 0.016000 0.016500 0.017000 0.017500 0.018000 0.018500 0.019000 0.019500 0.020000 0.020500 0.021000 0.021500 0.022000 0.022500 0.023000 0.023500 0.024000 0.024500 0.025000 0.025500 0.026000 0.026500 0.027000 0.027500 0.028000 0.028500 0.029000 0.029500 



DATA
5795.731368

7768.724743

8556.077640

9499.543670

10290.866654

10923.614944

11447.241579

11848.743633

12143.300771

12251.212064

12160.704883

11778.563451

11139.176080

10218.356305

9149.488216

7995.617111

6925.209637

5989.119785

5282.705979

4796.023692

4577.812515

4623.964010

5046.139774

5955.812610

7751.265719

10870.700380

16441.669153

23923.967913

33794.932071

30553.694720

30553.694727

33794.932092

23923.967937

16441.669167

10870.700389

7751.265725

5955.812614

5046.139777

4623.964012

4577.812517

4796.023693

5282.705980

5989.119785

6925.209637

7995.617110

9149.488214

10218.356303

11139.176077

11778.563448

12160.704880

12251.212062

12143.300769

11848.743631

11447.241578

10923.614943

10290.866653

9499.543669

8556.077639

7768.724742

5795.731366

7612.164857

11595.791460

11185.448129

11128.533547

11283.571683

11488.671722

11554.015601

11453.435034

11111.850790

10564.209142

9783.299812

8855.354194

7808.778625

6769.417583

5785.751944

4946.059176

4251.811179

3725.399692

3335.692989

3083.126208

2939.658181

2914.602825

2995.399632

3217.960768

3600.633954

4272.951927

5399.129495

7883.881889

13940.024301

11574.607922

11574.607924

13940.024308

7883.881896

5399.129500

4272.951931

3600.633958

3217.960771

2995.399634

2914.602827

2939.658182

3083.126209

3335.692991

3725.399693

4251.811181

4946.059177

5785.751945

6769.417583

7808.778625

8855.354194

9783.299812

10564.209141

11111.850789

11453.435033

11554.015600

11488.671722

11283.571683

11128.533546

11185.448129

11595.791459

7612.164856

8063.385298

11297.159468

12423.554891

12308.961510

12240.304135

12064.183230

11710.751737

11044.590097

10126.690362

8990.080398

7788.287733

6593.841089

5525.654581

4603.133895

3862.244910

3271.913227

2825.150069

2483.912769

2237.321443

2057.323446

1938.714485

1862.413979

1829.115656

1828.568418

1874.675237

1987.212050

2246.690834

2896.223262

3974.922835

4876.976493

4876.976494

3974.922837

2896.223264

2246.690835

1987.212052

1874.675238

1828.568419

1829.115657

1862.413981

1938.714486

2057.323447

2237.321444

2483.912770

2825.150070

3271.913229

3862.244912

4603.133896

5525.654582

6593.841090

7788.287734

8990.080399

10126.690362

11044.590098

11710.751738

12064.183230

12240.304135

12308.961510

12423.554891

11297.159467

8063.385297

8738.486463

10998.375561

12299.910200

12662.198876

12508.666254

12094.764248

11302.099220

10185.570087

8809.030649

7393.290149

6062.247231

4942.324661

4032.172837

3333.837022

2794.253978

2390.365605

2079.783059

1847.885355

1667.761241

1532.624406

1424.607512

1341.464746

1271.810853

1219.367175

1185.023430

1189.703439

1273.579293

1496.397627

1871.688538

2320.205529

2320.205530

1871.688539

1496.397628

1273.579294

1189.703439

1185.023431

1219.367175

1271.810854

1341.464747

1424.607513

1532.624407

1667.761242

1847.885356

2079.783060

2390.365606

2794.253979

3333.837023

4032.172839

4942.324663

6062.247232

7393.290151

8809.030650

10185.570088

11302.099222

12094.764249

12508.666254

12662.198876

12299.910200

10998.375560

8738.486462

9360.003032

10970.701859

11963.419388

12237.233995

11966.589417

11223.989713

10105.508803

8679.984517

7188.522690

5795.105827

4646.006082

3739.078633

3062.027069

2550.976291

2174.270736

1886.574471

1671.168295

1501.241167

1369.879875

1259.720870

1168.791879

1085.593241

1013.071138

947.736007

902.116029

886.794292

932.231491

1049.261483

1266.081734

1648.630261

1648.630261

1266.081734

1049.261483

932.231491

886.794292

902.116029

947.736007

1013.071139

1085.593241

1168.791880

1259.720871

1369.879876

1501.241167

1671.168295

1886.574472

2174.270737

2550.976292

3062.027070

3739.078635

4646.006084

5795.105829

7188.522692

8679.984519

10105.508805

11223.989714

11966.589418

12237.233995

11963.419387

10970.701858

9360.003031

9971.095525

11055.677928

11556.435348

11433.165137

10757.863900

9684.263680

8320.318831

6885.141398

5536.519349

4419.987706

3541.290607

2889.680999

2403.119397

2048.891390

1781.897175

1584.725063

1430.655461

1312.641934

1213.133580

1130.321569

1051.858723

980.696230

910.949836

853.398540

811.611999

807.571065

848.652016

957.670546

1119.490017

1401.186147

1401.186147

1119.490017

957.670547

848.652016

807.571065

811.611999

853.398540

910.949837

980.696230

1051.858723

1130.321569

1213.133581

1312.641935

1430.655461

1584.725064

1781.897176

2048.891391

2403.119399

2889.681000

3541.290609

4419.987707

5536.519351

6885.141399

8320.318833

9684.263681

10757.863900

11433.165137

11556.435348

11055.677928

9971.095524

10557.375376

11117.009041

11055.273153

10364.551829

9239.046831

7869.019301

6482.893749

5212.703169

4168.995850

3347.380028

2736.151657

2279.774131

1949.353825

1703.516343

1526.056042

1391.477233

1292.907577

1212.779030

1149.069869

1088.109147

1032.269848

972.919793

920.141413

874.046303

855.698706

873.364213

954.393757

1086.299755

1252.571610

1488.599492

1488.599492

1252.571610

1086.299755

954.393757

873.364213

855.698706

874.046304

920.141413

972.919794

1032.269848

1088.109147

1149.069869

1212.779030

1292.907577

1391.477234

1526.056042

1703.516344

1949.353826

2279.774132

2736.151658

3347.380029

4168.995851

5212.703170

6482.893750

7869.019302

9239.046832

10364.551829

11055.273153

11117.009041

10557.375376

11085.063363

11061.021029

10369.615588

9141.584435

7647.631923

6193.374755

4925.404088

3921.039064

3147.600876

2577.337089

2153.062349

1847.251599

1622.337278

1464.158822

1349.563978

1272.553128

1216.518622

1179.418158

1146.711108

1119.600945

1086.158487

1054.977321

1022.124401

1009.799833

1026.891945

1113.234808

1283.973242

1539.168385

1721.808482

1834.586359

1834.586359

1721.808482

1539.168385

1283.973242

1113.234808

1026.891945

1009.799833

1022.124401

1054.977321

1086.158487

1119.600945

1146.711109

1179.418158

1216.518622

1272.553129

1349.563979

1464.158823

1622.337279

1847.251600

2153.062350

2577.337090

3147.600877

3921.039065

4925.404090

6193.374756

7647.631924

9141.584435

10369.615588

11061.021030

11085.063364

11473.573020

10790.599109

9491.103423

7832.018866

6202.728293

4823.005002

3773.511227

2996.319470

2439.327433

2032.843610

1743.842554

1534.471992

1391.115039

1292.592762

1234.084757

1200.890325

1191.731843

1192.676693

1204.087782

1211.290286

1220.025153

1220.776601

1235.384891

1270.576995

1379.377685

1604.049566

2048.957068

2654.031061

2948.544131

2685.932641

2685.932641

2948.544129

2654.031060

2048.957067

1604.049566

1379.377685

1270.576995

1235.384891

1220.776602

1220.025153

1211.290286

1204.087782

1192.676693

1191.731843

1200.890326

1234.084758

1292.592763

1391.115039

1534.471993

1743.842555

2032.843611

2439.327433

2996.319471

3773.511228

4823.005003

6202.728294

7832.018866

9491.103424

10790.599110

11473.573021

11615.776296

10244.799608

8427.821975

6568.701263

4985.784987

3803.987568

2956.914736

2369.020174

1951.938051

1661.815674

1455.624500

1317.647866

1226.811895

1178.912957

1161.149381

1173.712468

1204.905668

1255.717310

1310.930073

1373.160879

1426.553636

1488.100254

1557.755827

1694.247039

1948.429223

2508.230209

3606.987933

5421.554640

6203.086161

4423.254684

4423.254680

6203.086150

5421.554632

3606.987930

2508.230208

1948.429222

1694.247038

1557.755827

1488.100254

1426.553636

1373.160879

1310.930074

1255.717310

1204.905669

1173.712468

1161.149382

1178.912957

1226.811895

1317.647867

1455.624501

1661.815674

1951.938051

2369.020174

2956.914737

3803.987569

4985.784988

6568.701264

8427.821976

10244.799609

11615.776297

11388.504924

9391.666054

7273.815924

5425.546191

4040.028999

3063.310616

2400.352092

1941.135382

1627.930563

1408.889305

1264.023428

1170.127866

1122.570160

1109.397600

1132.272703

1182.294193

1262.717121

1360.642099

1477.474002

1592.503769

1713.370257

1827.185750

1982.652775

2217.918777

2714.377474

3742.743115

6158.326268

10625.343284

16126.580338

15994.364306

15994.364282

16126.580281

10625.343252

6158.326258

3742.743112

2714.377472

2217.918777

1982.652775

1827.185750

1713.370257

1592.503769

1477.474002

1360.642100

1262.717122

1182.294194

1132.272703

1109.397600

1122.570160

1170.127867

1264.023428

1408.889305

1627.930563

1941.135383

2400.352093

3063.310617

4040.029000

5425.546193

7273.815925

9391.666055

11388.504926

10716.571971

8280.174644

6117.113947

4472.705238

3318.977764

2544.461993

2015.861458

1659.489268

1412.299272

1248.725895

1141.601644

1084.923662

1066.093383

1087.613967

1142.496758

1236.833828

1361.541933

1519.836950

1689.644932

1868.721917

2027.508185

2191.015921

2370.384348

2689.797127

3302.972738

4735.853047

7834.165766

14130.438998

37532.976358

294355.540438

294355.541370

37532.976307

14130.438949

7834.165751

4735.853042

3302.972736

2689.797126

2370.384347

2191.015921

2027.508185

1868.721918

1689.644932

1519.836950

1361.541934

1236.833828

1142.496758

1087.613967

1066.093384

1084.923662

1141.601644

1248.725896

1412.299273

1659.489268

2015.861458

2544.461994

3318.977764

4472.705239

6117.113948

8280.174646

10716.571973

9585.731509

7019.697172

5063.779428

3700.086753

2790.423487

2174.742961

1761.093813

1474.210761

1282.670453

1154.395655

1081.631456

1049.879392

1061.833215

1110.844802

1205.312020

1339.237255

1519.505720

1725.529237

1948.944981

2144.453582

2309.429482

2426.322284

2571.688312

2817.324140

3393.659446

4651.103833

7453.333839

13592.030982

66798.164611

804294.224132

804294.226686

66798.164754

13592.030955

7453.333827

4651.103829

3393.659444

2817.324139

2571.688311

2426.322283

2309.429482

2144.453582

1948.944982

1725.529237

1519.505720

1339.237255

1205.312020

1110.844802

1061.833215

1049.879392

1081.631456

1154.395655

1282.670453

1474.210762

1761.093814

2174.742961

2790.423488

3700.086754

5063.779429

7019.697173

9585.731511

8129.427455

5761.073630

4154.813821

3100.802436

2395.897340

1922.431004

1592.156323

1368.345411

1214.456370

1121.576342

1072.858351

1071.136933

1108.840788

1196.096870

1328.197442

1516.002427

1740.677591

1992.084897

2211.921027

2374.080926

2436.343092

2449.489565

2459.195649

2594.787343

2983.425895

3952.389433

6269.963028

13908.522721

86889.150374

840502.966974

840502.970290

86889.150661

13908.522715

6269.963024

3952.389431

2983.425894

2594.787342

2459.195649

2449.489565

2436.343092

2374.080926

2211.921028

1992.084898

1740.677591

1516.002427

1328.197442

1196.096870

1108.840788

1071.136934

1072.858351

1121.576343

1214.456370

1368.345411

1592.156323

1922.431005

2395.897341

3100.802437

4154.813822

5761.073632

8129.427457

6540.965250

4622.639010

3414.501657

2631.996239

2111.865467

1747.993439

1497.157536

1319.699901

1207.059175

1140.812347

1124.848641

1150.318095

1229.340574

1357.162832

1548.931744

1786.305540

2060.257757

2299.334796

2458.690833

2473.168656

2384.935875

2240.144108

2147.355413

2176.293279

2465.697645

3269.873986

5725.492165

14285.397357

69464.392508

527754.189651

527754.193065

69464.392861

14285.397374

5725.492166

3269.873985

2465.697644

2176.293278

2147.355413

2240.144108

2384.935875

2473.168657

2458.690833

2299.334797

2060.257757

1786.305541

1548.931745

1357.162832

1229.340574

1150.318095

1124.848641

1140.812348

1207.059175

1319.699901

1497.157537

1747.993440

2111.865468

2631.996240

3414.501658

4622.639011

6540.965251

5057.783123

3670.269811

2821.111851

2276.206765

1902.151879

1642.849688

1455.048084

1331.099883

1252.614653

1226.244069

1242.683503

1317.448366

1445.617682

1648.311380

1906.957454

2216.588497

2488.333337

2658.258868

2630.099157

2449.483236

2176.570411

1932.791276

1774.675993

1779.000445

2040.760499

2910.945003

5845.251019

13378.503399

38692.477921

231341.712124

231341.714540

38692.478194

13378.503436

5845.251023

2910.945003

2040.760499

1779.000444

1774.675992

1932.791276

2176.570412

2449.483236

2630.099158

2658.258869

2488.333338

2216.588498

1906.957455

1648.311380

1445.617682

1317.448366

1242.683504

1226.244069

1252.614654

1331.099883

1455.048084

1642.849688

1902.151880

2276.206766

2821.111852

3670.269812

5057.783124

3809.374130

2910.380217

2359.511147

2000.685169

1759.422932

1586.012222

1470.511771

1394.911580

1369.526885

1386.267789

1466.297247

1605.934998

1835.862597

2138.583846

2518.892992

2863.833435

3083.948981

3025.275804

2742.880560

2322.052042

1929.847148

1627.209593

1467.447806

1475.679163

1776.158127

2847.153655

6317.627231

13065.263326

28144.391151

126461.458361

126461.460129

28144.391393

13065.263381

6317.627239

2847.153655

1776.158127

1475.679162

1467.447806

1627.209593

1929.847148

2322.052043

2742.880561

3025.275805

3083.948983

2863.833436

2518.892993

2138.583847

1835.862598

1605.934999

1466.297247

1386.267789

1369.526886

1394.911580

1470.511772

1586.012222

1759.422933

2000.685170

2359.511147

2910.380218

3809.374131

2848.314310

2323.559335

1998.929326

1796.256876

1662.681107

1581.933210

1534.418730

1531.643372

1567.581741

1670.679752

1841.440360

2125.475836

2511.136400

3023.822152

3520.914031

3878.193821

3828.100739

3427.099204

2790.542244

2189.268122

1709.595096

1403.780076

1254.101703

1293.404293

1658.189693

3019.175360

7102.281027

14158.697959

29286.035998

112450.894222

112450.895865

29286.036286

14158.698036

7102.281042

3019.175361

1658.189693

1293.404293

1254.101703

1403.780076

1709.595096

2189.268123

2790.542246

3427.099206

3828.100742

3878.193824

3520.914033

3023.822154

2511.136401

2125.475837

1841.440360

1670.679753

1567.581742

1531.643372

1534.418730

1581.933211

1662.681108

1796.256877

1998.929327

2323.559336

2848.314311

2139.574441

1876.854739

1723.392146

1641.869281

1613.950756

1619.175164

1665.863415

1748.803981

1902.298955

2134.482055

2511.936896

3039.139119

3779.096020

4559.714311

5216.427075

5282.032454

4779.913747

3815.686302

2866.018684

2089.769356

1578.476740

1271.071268

1149.180222

1225.240517

1704.806418

3510.991494

7913.359329

17377.130557

34164.853403

116596.969848

116596.971283

34164.853747

17377.130669

7913.359352

3510.991496

1704.806418

1225.240516

1149.180222

1271.071268

1578.476740

2089.769357

2866.018686

3815.686305

4779.913752

5282.032459

5216.427079

4559.714314

3779.096022

3039.139120

2511.936896

2134.482056

1902.298956

1748.803982

1665.863416

1619.175164

1613.950756

1641.869281

1723.392147

1876.854740

2139.574441

1635.019712

1541.480929

1510.750290

1534.805771

1600.019894

1712.060284

1866.453429

2099.140536

2427.962971

2944.563751

3686.473161

4776.460485

6023.304374

7212.596646

7597.792664

7144.558832

5795.711320

4305.902283

2982.634004

2095.015594

1535.855194

1242.524422

1144.809981

1291.655683

2001.285355

4451.468270

9666.248804

20579.044933

38833.837589

93498.185020

93498.185673

38833.837938

20579.045067

9666.248837

4451.468274

2001.285355

1291.655683

1144.809981

1242.524422

1535.855194

2095.015595

2982.634006

4305.902288

5795.711329

7144.558844

7597.792676

7212.596656

6023.304380

4776.460488

3686.473162

2944.563752

2427.962972

2099.140536

1866.453430

1712.060285

1600.019894

1534.805771

1510.750290

1541.480929

1635.019712

1278.393870

1290.878768

1351.703017

1461.243013

1628.655617

1855.294714

2177.039945

2622.041728

3305.428912

4315.310334

5856.666085

7744.956353

9673.440046

10586.203968

10459.432926

8979.216686

7014.544719

4852.416726

3255.858054

2192.331418

1605.115729

1305.460164

1254.841361

1536.579447

2734.467847

6452.739546

12135.503493

24741.018063

39385.767998

71322.330513

71322.330623

39385.768247

24741.018212

12135.503532

6452.739553

2734.467847

1536.579447

1254.841361

1305.460164

1605.115729

2192.331420

3255.858058

4852.416734

7014.544734

8979.216709

10459.432953

10586.203992

9673.440063

7744.956362

5856.666089

4315.310336

3305.428913

2622.041729

2177.039946

1855.294714

1628.655618

1461.243014

1351.703018

1290.878768

1278.393870

1029.729206

1106.507908

1232.412988

1422.735971

1690.117922

2073.654921

2613.228797

3438.888554

4691.914179

6667.199356

9233.264569

11945.465768

13450.089039

13757.733327

12572.056711

10811.148975

8164.059519

5661.752487

3622.497233

2427.640199

1753.642600

1467.915068

1483.874814

2027.888769

4301.202142

9300.241754

17772.745417

27374.413279

36880.940192

47601.902706

47601.902672

36880.940303

27374.413401

17772.745465

9300.241759

4301.202141

2027.888769

1483.874814

1467.915069

1753.642601

2427.640201

3622.497239

5661.752499

8164.059543

10811.149013

12572.056757

13757.733374

13450.089077

11945.465794

9233.264582

6667.199361

4691.914182

3438.888555

2613.228798

2073.654921

1690.117923

1422.735972

1232.412988

1106.507908

1029.729207

856.882180

972.352350

1149.190877

1409.133065

1795.975998

2362.571987

3243.445730

4614.101204

6834.831162

9889.660697

13258.009381

15337.021436

15998.390571

15169.384180

13983.524546

11935.297380

9511.321512

6452.782150

4163.832714

2696.635676

1982.388269

1683.401685

1824.190587

2897.213078

6417.746066

12615.350785

22240.391408

32227.080673

31447.832205

29401.946327

29401.946243

31447.832204

32227.080766

22240.391439

12615.350778

6417.746062

2897.213077

1824.190587

1683.401685

1982.388271

2696.635679

4163.832722

6452.782168

9511.321549

11935.297433

13983.524612

15169.384248

15998.390634

15337.021485

13258.009412

9889.660712

6834.831168

4614.101206

3243.445731

2362.571987

1795.975999

1409.133065

1149.190877

972.352351

856.882180

739.708867

879.007024

1093.223518

1424.765977

1933.820425

2750.365629

4059.021149

6236.128077

9421.071492

13207.149541

15891.876578

16978.141985

16453.853183

15530.952452

14160.228937

12808.190154

10289.779144

7332.265288

4549.170412

2989.473363

2157.661318

1912.051711

2210.702423

4077.609523

8975.803416

13871.597284

23313.190755

28315.327607

37360.313374

51824.552367

51824.552260

37360.313304

28315.327599

23313.190750

13871.597254

8975.803399

4077.609521

2210.702424

1912.051712

2157.661320

2989.473368

4549.170423

7332.265315

10289.779193

12808.190224

14160.229016

15530.952536

16453.853263

16978.142056

15891.876630

13207.149571

9421.071505

6236.128082

4059.021151

2750.365630

1933.820426

1424.765977

1093.223519

879.007024

739.708867

663.795149

817.761274

1064.756675

1459.345630

2114.072630

3201.573018

5069.238757

7986.299446

11836.738946

15119.663479

16888.247750

16861.697594

16096.579829

14950.051088

14077.879040

12744.555275

10848.499192

7522.860203

4788.976357

3020.139345

2244.450979

1992.731843

2515.852946

5684.823940

10344.687913

16104.225905

17580.666646

21362.745504

26192.400101

36858.611776

36858.611601

26192.399964

21362.745392

17580.666572

16104.225829

10344.687870

5684.823932

2515.852946

1992.731844

2244.450982

3020.139350

4788.976370

7522.860234

10848.499253

12744.555355

14077.879130

14950.051179

16096.579919

16861.697676

16888.247818

15119.663525

11836.738971

7986.299456

5069.238761

3201.573020

2114.072631

1459.345631

1064.756675

817.761275

663.795149

621.010126

785.550544

1057.363620

1518.511009

2307.708287

3710.317141

6050.920337

9523.431135

13150.108768

15767.043477

16597.070537

16282.454354

15316.357273

14447.489688

13521.552744

12622.375422

10391.822375

7338.595163

4405.843716

2851.894194

2044.020571

1904.311346

2527.572782

6687.788882

10771.739839

15441.743667

17310.034875

18430.187954

24585.918948

37535.710588

37535.710464

24585.918770

18430.187773

17310.034700

15441.743540

10771.739759

6687.788862

2527.572781

1904.311347

2044.020574

2851.894200

4405.843729

7338.595198

10391.822440

12622.375512

13521.552840

14447.489786

15316.357367

16282.454443

16597.070613

15767.043533

13150.108801

9523.431151

6050.920343

3710.317143

2307.708288

1518.511009

1057.363620

785.550544

621.010126

606.978179

778.420634

1074.378358

1587.307984

2516.434187

4153.617125

6869.501338

10318.668384

13562.557386

15451.383358

16042.318978

15580.571531

14802.480578

13949.460558

13278.584415

11990.595342

9753.154526

6251.636219

3784.492461

2312.101846

1695.040161

1524.531919

2181.275201

7063.974043

9342.775888

14578.125963

18598.575602

24739.571843

25628.273617

31370.917505

31370.917392

25628.273389

24739.571504

18598.575362

14578.125777

9342.775784

7063.974010

2181.275199

1524.531920

1695.040163

2312.101850

3784.492473

6251.636249

9753.154591

11990.595434

13278.584518

13949.460660

14802.480677

15580.571622

16042.319057

15451.383418

13562.557425

10318.668404

6869.501347

4153.617128

2516.434188

1587.307984

1074.378358

778.420634

606.978179

621.203087

798.311516

1109.910608

1672.282226

2684.723937

4503.361932

7247.187716

10527.881491

13207.541141

14900.654574

15413.607742

15155.524702

14482.460059

13875.283987

13029.140620

11596.083304

8381.301929

5079.157306

2817.104636

1732.893557

1188.478240

1086.521182

1488.466029

5378.479940

8326.856749

13657.664091

22866.863578

30521.979152

28236.411215

32086.564669

32086.564603

28236.410933

30521.978779

22866.863238

13657.663845

8326.856618

5378.479910

1488.466027

1086.521182

1188.478241

1732.893560

2817.104644

5079.157329

8381.301983

11596.083397

13029.140727

13875.284096

14482.460161

15155.524796

15413.607822

14900.654634

13207.541181

10527.881513

7247.187725

4503.361935

2684.723938

1672.282226

1109.910609

798.311516

621.203087

667.300447

845.157628

1170.310003

1751.923326

2820.438847

4626.595653

7297.296938

10146.474061

12599.368375

14175.215282

14952.825639

14907.556255

14519.776113

13978.845043

13236.677787

10887.972356

7076.367206

3688.223073

1995.828964

1134.128450

778.344657

663.224862

904.650883

3215.382622

7978.061453

16584.590048

20799.805585

30962.232673

29285.544905

21880.529918

21880.529817

29285.544690

30962.232388

20799.805207

16584.589633

7978.061295

3215.382604

904.650882

663.224862

778.344657

1134.128452

1995.828968

3688.223088

7076.367249

10887.972442

13236.677901

13978.845157

14519.776221

14907.556350

14952.825718

14175.215341

12599.368414

10146.474083

7297.296949

4626.595657

2820.438848

1751.923326

1170.310003

845.157628

667.300447

753.736335

926.505064

1249.265034

1838.102143

2867.193106

4602.278338

6946.131373

9549.102563

11720.347170

13457.940827

14512.583163

14895.138454

14717.806408

14499.945714

13498.629462

10409.970861

5521.878551

2629.232387

1288.893699

724.116293

469.301957

400.666712

496.731368

1625.926895

10308.569499

16303.074187

27339.975701

24426.651824

41574.212976

29905.729424

29905.729323

41574.212907

24426.651516

27339.975116

16303.073723

10308.569228

1625.926887

496.731368

400.666712

469.301957

724.116294

1288.893702

2629.232395

5521.878580

10409.970941

13498.629580

14499.945837

14717.806520

14895.138550

14512.583239

13457.940882

11720.347205

9549.102584

6946.131383

4602.278342

2867.193107

1838.102143

1249.265035

926.505064

753.736335

897.370587

1047.224922

1357.211545

1908.377061

2872.143185

4366.948804

6451.516857

8648.941506

10788.962016

12565.154498

14081.253538

14920.385373

15201.142605

15124.605914

14273.023035

9634.736285

4312.502798

1785.423358

840.978216

448.899290

294.257104

239.850218

294.970799

824.747915

11760.031757

21847.172831

19994.159552

22217.677238

20718.998019

41144.737351

41144.737840

20718.998115

22217.676876

19994.159102

21847.172166

11760.031410

824.747912

294.970798

239.850218

294.257104

448.899290

840.978217

1785.423362

4312.502817

9634.736354

14273.023161

15124.606045

15201.142723

14920.385470

14081.253610

12565.154547

10788.962046

8648.941523

6451.516866

4366.948808

2872.143186

1908.377062

1357.211545

1047.224922

897.370587

1127.209271

1223.626681

1488.327330

1987.317321

2801.827209

4076.796158

5723.594165

7701.189144

9586.524399

11539.521950

13374.940545

14977.900748

15713.857117

16174.793361

15060.542902

9191.998605

3287.215337

1258.606848

559.516909

297.309247

190.086645

158.778683

185.474273

513.856523

14075.665179

19056.103809

12869.660022

20044.570232

29924.352085

39903.172564

39903.172716

29924.352458

20044.570215

12869.659782

19056.103203

14075.664724

513.856522

185.474273

158.778683

190.086645

297.309247

559.516909

1258.606851

3287.215349

9191.998665

15060.543033

16174.793501

15713.857238

14977.900842

13374.940609

11539.521990

9586.524423

7701.189157

5723.594172

4076.796161

2801.827211

1987.317322

1488.327330

1223.626681

1127.209270

1495.458644

1469.302772

1660.425891

2058.748024

2732.030770

3689.014227

5009.381054

6507.090779

8299.152251

10096.722443

12311.019410

14668.185991

16466.529598

17163.087346

16526.807498

8681.024786

2661.696943

934.406191

407.381891

212.268586

135.202263

111.756794

140.398283

352.707065

8222.350466

9979.493695

16401.914429

43159.122010

34573.628579

30618.422770

30618.422735

34573.628512

43159.122412

16401.914275

9979.493490

8222.350246

352.707064

140.398283

111.756794

135.202263

212.268586

407.381891

934.406192

2661.696950

8681.024837

16526.807638

17163.087493

16466.529723

14668.186077

12311.019462

10096.722474

8299.152269

6507.090789

5009.381059

3689.014230

2732.030771

2058.748024

1660.425891

1469.302772

1495.458644

2090.797252

1817.021505

1872.031630

2159.756878

2639.949193

3351.357791

4226.119156

5380.863671

6684.492327

8441.382535

10539.208346

13782.554561

17020.578177

18706.630798

17736.691285

9014.272980

2320.842360

772.370052

329.165545

170.381321

106.471591

85.928705

116.176271

449.436999

3044.660509

10403.596674

40612.953560

33462.696588

27743.406437

35293.877125

35293.876996

27743.406374

33462.696016

40612.952771

10403.596434

3044.660451

449.436998

116.176270

85.928705

106.471591

170.381321

329.165545

772.370053

2320.842365

9014.273028

17736.691430

18706.630956

17020.578300

13782.554633

10539.208383

8441.382555

6684.492339

5380.863677

4226.119159

3351.357793

2639.949194

2159.756878

1872.031630

1817.021505

2090.797251

3064.106260

2298.366536

2154.510154

2279.641757

2594.989871

3020.579040

3590.756637

4243.078668

5198.200007

6414.525543

8404.543811

11664.946759

17263.854727

20437.128357

19698.391244

9914.625079

2320.484593

723.727596

302.944832

154.469903

95.939446

73.565092

89.316088

894.091153

29574.324172

45165.417755

18745.274811

19360.896446

30720.969616

42116.188551

42116.188815

30720.969649

19360.896028

18745.274162

45165.416386

29574.323145

894.091150

89.316088

73.565092

95.939446

154.469903

302.944833

723.727597

2320.484597

9914.625130

19698.391401

20437.128526

17263.854841

11664.946809

8404.543834

6414.525554

5198.200013

4243.078672

3590.756640

3020.579041

2594.989872

2279.641757

2154.510154

2298.366535

3064.106259

4640.114943

2980.055345

2515.627933

2461.233366

2571.766620

2791.343612

3037.321892

3387.608440

3832.049430

4670.997784

5974.566159

8771.907201

15536.506120

23363.347564

21284.515493

12426.600357

2706.699125

778.517380

318.402747

161.464106

98.344598

75.632716

70.448372

311.189890

275915.163851

29937.986069

11683.165968

22479.708992

33242.199790

44887.401909

44887.402022

33242.199637

22479.708714

11683.165787

29937.985611

275915.142103

311.189889

70.448372

75.632716

98.344598

161.464106

318.402747

778.517380

2706.699130

12426.600422

21284.515658

23363.347748

15536.506208

8771.907229

5974.566171

4670.997790

3832.049434

3387.608443

3037.321893

2791.343613

2571.766621

2461.233366

2515.627933

2980.055344

4640.114942

7088.820907

3927.471700

3005.517655

2695.243885

2623.520378

2617.629076

2665.690037

2723.248943

2906.187481

3243.898364

4089.689911

5711.201179

11133.582355

25960.046483

25850.538685

14279.580873

3804.497760

960.839815

378.892869

193.141930

119.747905

89.054549

89.436410

129.150214

13117.484447

39948.685445

62201.306894

27255.462832

36061.887393

41957.107360

41957.107250

36061.887517

27255.463060

62201.306669

39948.685727

13117.484304

129.150214

89.436410

89.054549

119.747905

193.141930

378.892869

960.839815

3804.497767

14279.580951

25850.538885

25960.046676

11133.582401

5711.201191

4089.689917

3243.898367

2906.187483

2723.248945

2665.690038

2617.629077

2623.520379

2695.243885

3005.517655

3927.471700

7088.820905

10530.118485

5251.746943

3638.063825

3029.908138

2727.500896

2554.079006

2405.088306

2313.266526

2265.938340

2378.421991

2706.170514

3663.888094

6123.332407

21725.527557

33896.213064

17712.789226

5762.883334

1297.210555

511.743727

256.611955

169.116672

131.687353

139.002543

182.178337

271.521134

788.124224

46034.921315

78149.774506

45367.725088

46352.300054

46352.299353

45367.725522

78149.775619

46034.922365

788.124224

271.521134

182.178336

139.002543

131.687353

169.116672

256.611955

511.743727

1297.210556

5762.883347

17712.789333

33896.213330

21725.527691

6123.332422

3663.888098

2706.170516

2378.421992

2265.938341

2313.266527

2405.088307

2554.079007

2727.500897

3029.908138

3638.063825

5251.746943

10530.118484

14722.851803

6989.302921

4478.650460

3459.755908

2935.603732

2567.908354

2292.432994

2056.693166

1906.010793

1835.784731

1942.206401

2319.876944

3441.524257

9359.937972

48792.772192

26348.166541

7878.934900

1933.587378

711.392362

376.389860

253.260412

233.618065

226.830646

278.161769

413.741544

291.014904

234.430426

39605.475605

114236.130576

84638.989187

84638.989506

114236.128205

39605.476570

234.430427

291.014903

413.741543

278.161769

226.830646

233.618065

253.260412

376.389861

711.392362

1933.587379

7878.934929

26348.166716

48792.772579

9359.938006

3441.524262

2319.876946

1942.206402

1835.784732

1906.010794

2056.693167

2292.432995

2567.908355

2935.603733

3459.755908

4478.650461

6989.302920

14722.851804

18957.479516

9130.249671

5520.229703

4046.648720

3238.845001

2707.406272

2285.170727

1961.959045

1707.206116

1554.492581

1498.864897

1622.910720

2064.232083

3590.230850

31304.674053

47439.435762

13938.431223

3087.822128

985.688271

546.168468

394.705131

364.931020

429.532844

424.477404

836.358749

3518.453002

3980.622019

3.801258

3765.957033

175949.278008

175949.272879

3765.957259

3.801258

3980.621991

3518.452973

836.358746

424.477404

429.532844

364.931020

394.705131

546.168468

985.688271

3087.822130

13938.431294

47439.436156

31304.674251

3590.230857

2064.232085

1622.910721

1498.864898

1554.492581

1707.206116

1961.959046

2285.170728

2707.406273

3238.845002

4046.648720

5520.229703

9130.249670

18957.479521

22592.511796

11384.266115

6793.912533

4783.528073

3702.357135

2963.536874

2419.276368

1983.910171

1659.435282

1419.646667

1283.654794

1243.950143

1397.947611

1801.226264

5738.078176

80488.496379

28248.611092

6025.038212

1608.154879

674.620589

575.646691

527.213424

613.791246

838.617926

933.643607

2671.786569

28272.056663

6.960534

9.982732

168722.598037

168722.601995

9.982732

6.960534

28272.056448

2671.786556

933.643606

838.617925

613.791246

527.213424

575.646691

674.620589

1608.154879

6025.038230

28248.611290

80488.497071

5738.078191

1801.226265

1397.947612

1243.950143

1283.654794

1419.646668

1659.435282

1983.910171

2419.276369

2963.536875

3702.357135

4783.528074

6793.912533

11384.266115

22592.511804

25048.538343

13478.271392

8165.936975

5726.754945

4328.903659

3398.093175

2689.075254

2148.763591

1726.010673

1416.795434

1195.817299

1073.775600

1035.041169

1211.346606

1611.032646

30058.175192

70002.484531

19098.833504

4355.659848

1131.759705

568.516605

803.455749

821.813550

1162.378164

1111.917871

675.508906

6.292256

0.058759

668233641.381446

188.607987

188.607987

668233641.660875

0.058759

6.292256

675.508906

1111.917869

1162.378163

821.813550

803.455750

568.516605

1131.759705

4355.659853

19098.833614

70002.485155

30058.175336

1611.032648

1211.346607

1035.041170

1073.775601

1195.817299

1416.795435

1726.010674

2148.763592

2689.075255

3398.093175

4328.903660

5726.754945

8165.936975

13478.271393

25048.538355

26229.916605

15003.877672

9565.156207

6813.475781

5185.396037

4024.863152

3151.140720

2461.156746

1930.254581

1522.914868

1224.442858

1014.576059

892.056906

861.838381

938.835071

1887.438182

244749.452461

44828.817905

19125.821001

7500.758717

1121.269157

618.932502

1671.906630

1616.244269

1060.993575

168.080531

2.028531

0.031214

165785.841917

20.811383

20.811383

165785.842137

0.031214

2.028531

168.080531

1060.993574

1616.244269

1671.906630

618.932502

1121.269157

7500.758723

19125.821069

44828.818213

244749.453578

1887.438185

938.835072

861.838381

892.056906

1014.576060

1224.442858

1522.914868

1930.254581

2461.156747

3151.140721

4024.863153

5185.396038

6813.475781

9565.156208

15003.877674

26229.916618

25988.358279

15937.293465

10776.447442

8040.491990

6244.267607

4911.142981

3834.525835

2975.165669

2292.760645

1761.811427

1360.668421

1059.910761

858.364351

715.961425

717.930798

690.290723

3229.678684

888690.972536

45504.477369

41544.026335

22447.098027

2803.499505

1175.789920

2016.795176

476.892287

76.999024

2.556127

0.250645

45455439821.640968

2331.291588

2331.291590

45455439826.177574

0.250645

2.556127

76.999024

476.892287

2016.795174

1175.789920

2803.499505

22447.098018

41544.026358

45504.477507

888690.973254

3229.678689

690.290723

717.930799

715.961425

858.364352

1059.910761

1360.668421

1761.811428

2292.760646

2975.165670

3834.525835

4911.142981

6244.267608

8040.491991

10776.447443

15937.293468

25988.358291

24670.776599

16172.944965

11792.869644

9267.349133

7515.007957

6052.815821

4802.720113

3740.635789

2866.923787

2174.787145

1626.526249

1221.353705

909.141742

716.240195

567.189924

553.050368

562.232512

8133.634951

439346.967252

142123.147946

462446.356730

35513.963189

14130.077358

773.541308

283.339081

74.360288

3.563523

0.205590

295724343.138102

12036.717061

12036.717065

295724343.211091

0.205590

3.563523

74.360288

283.339081

773.541309

14130.077320

35513.962939

462446.351774

142123.147442

439346.966574

8133.634958

562.232512

553.050368

567.189925

716.240195

909.141742

1221.353705

1626.526249

2174.787146

2866.923787

3740.635790

4802.720114

6052.815822

7515.007958

9267.349134

11792.869645

16172.944968

24670.776609

22480.613739

15969.923585

12494.173905

10465.054092

8883.175932

7448.069587

6072.386520

4814.784448

3729.257198

2814.797150

2091.222148

1511.647063

1093.795109

779.656604

582.524506

462.765337

406.185084

478.379582

10670.837266

86866.524336

161790.824624

84851.872811

151819.503759

40262.937538

1266.183994

205.554852

10.587441

0.224637

115250156061.978973

43200611.259620

43200611.593827

115250156069.028717

0.224637

10.587441

205.554852

1266.183994

40262.936977

151819.501223

84851.872357

161790.823922

86866.524440

10670.837276

478.379582

406.185084

462.765337

582.524506

779.656604

1093.795109

1511.647063

2091.222148

2814.797151

3729.257199

4814.784449

6072.386521

7448.069588

8883.175933

10465.054093

12494.173907

15969.923588

22480.613747

20005.389123

15361.035797

12975.244315

11492.585940

10280.620247

8990.786592

7616.941201

6234.553545

4931.196711

3790.573138

2811.716990

2031.807832

1422.067017

981.143037

686.605710

477.827352

384.806436

312.415378

346.596546

2431.401158

2540392.101402

23702.117453

224690.835197

38151.019537

285819.291270

22073.534738

222340.314156

2.516525

33258854331.423309

21014568.605939

21014568.641312

33258854329.435959

2.516525

222340.321346

22073.534596

285819.289418

38151.019453

224690.833927

23702.117510

2540392.101482

2431.401158

346.596546

312.415379

384.806437

477.827352

686.605710

981.143037

1422.067017

2031.807832

2811.716991

3790.573139

4931.196712

6234.553546

7616.941203

8990.786593

10280.620248

11492.585941

12975.244317

15361.035800

20005.389129

17473.444618

14624.012797

13173.563825

12351.540683

11547.595850

10563.792762

9330.397707

7945.585720

6526.235865

5159.293373

3924.941099

2868.018732

2005.353984

1379.376885

908.093263

637.643905

426.852151

345.883116

271.021538

248.220376

284.319285

3151.177141

110824.736080

2837.687940

78651.538678

2947.991256

54102.952216

248.548154

24.483988

16750051050.543036

16750051046.326818

24.483988

248.548155

54102.952189

2947.991267

78651.539088

2837.687954

110824.735826

3151.177149

284.319285

248.220376

271.021538

345.883116

426.852151

637.643906

908.093263

1379.376885

2005.353985

2868.018733

3924.941100

5159.293375

6526.235866

7945.585721

9330.397708

10563.792764

11547.595852

12351.540685

13173.563827

14624.012800

17473.444622

15265.730999

13756.369145

13209.690871

12939.861943

12621.112677

11992.678277

11052.203874

9831.861379

8446.464835

6969.627494

5528.277839

4152.470246

3015.428808

2047.305861

1410.047045

909.622013

652.678415

447.392947

380.657704

371.475884

350.004898

184.440226

165.633458

147.779266

96.563415

310.866730

727.599536

441.215253

35.307736

0.681635

0.681635

35.307736

441.215253

727.599536

310.866730

96.563415

147.779266

165.633458

184.440226

350.004898

371.475884

380.657704

447.392947

652.678415

909.622013

1410.047045

2047.305861

3015.428809

4152.470247

5528.277841

6969.627496

8446.464837

9831.861381

11052.203876

11992.678279

12621.112679

12939.861945

13209.690873

13756.369148

15265.731002

13362.681438

12944.891784

13041.038917

13308.716326

13386.646151

13175.302915

12594.366834

11713.672826

10531.918001

9172.290031

7600.026367

6073.418612

4508.353149

3285.827870

2201.613675

1536.578711

1009.794379

748.465674

579.386577

517.428648

494.633532

744.508478

2019.057814

779.819160

280.187594

283.685661

385.976551

57.436889

23.050492

308.784929

308.784929

23.050492

57.436889

385.976551

283.685661

280.187594

779.819160

2019.057816

744.508478

494.633532

517.428648

579.386577

748.465674

1009.794379

1536.578711

2201.613675

3285.827871

4508.353150

6073.418614

7600.026369

9172.290033

10531.918004

11713.672829

12594.366836

13175.302917

13386.646153

13308.716328

13041.038919

12944.891786

13362.681440

11871.003849

12139.124175

12787.985971

13416.854947

13868.195545

14002.085041

13846.884062

13360.482023

12609.116591

11472.491261

10134.486586

8408.273585

6768.750343

4987.944009

3651.780398

2455.875483

1722.051592

1179.270728

881.497191

705.539077

696.880273

941.994552

1019.510417

1059.744520

687.384680

636.067383

284.308024

356.681539

3173.577928

1869.475442

1869.475443

3173.577934

356.681539

284.308024

636.067383

687.384680

1059.744520

1019.510418

941.994552

696.880273

705.539077

881.497191

1179.270728

1722.051592

2455.875483

3651.780399

4987.944011

6768.750345

8408.273588

10134.486589

11472.491265

12609.116595

13360.482026

13846.884065

14002.085043

13868.195548

13416.854949

12787.985973

12139.124176

11871.003850

10649.125784

11448.886935

12430.578379

13361.678965

14051.494380

14499.121879

14689.155646

14664.872939

14317.896687

13698.825790

12550.739429

11165.936180

9232.407370

7419.425745

5438.389435

3932.806887

2644.285880

1806.904163

1231.223144

912.477147

769.627173

678.112524

709.300066

677.010897

839.446369

815.697055

1287.056672

4983.575723

16552.729533

16901.953833

16901.953845

16552.729625

4983.575736

1287.056673

815.697056

839.446370

677.010897

709.300066

678.112524

769.627173

912.477147

1231.223144

1806.904163

2644.285880

3932.806888

5438.389436

7419.425748

9232.407373

11165.936184

12550.739434

13698.825795

14317.896691

14664.872943

14689.155650

14499.121881

14051.494382

13361.678966

12430.578381

11448.886936

10649.125784

9702.844447

10811.665974

12069.485554

13167.975002

14030.719869

14671.299122

15143.481393

15433.619834

15535.616415

15264.949775

14665.974993

13411.646869

11863.968896

9724.212026

7671.737220

5538.929839

3851.604671

2515.109882

1650.248328

1117.086799

792.572057

638.733194

543.402956

577.321790

645.530317

1055.211582

2463.895295

7022.545577

148706.508385

96296.232677

96296.232905

148706.509241

7022.545618

2463.895302

1055.211583

645.530318

577.321790

543.402956

638.733193

792.572057

1117.086799

1650.248328

2515.109882

3851.604671

5538.929840

7671.737223

9724.212029

11863.968900

13411.646874

14665.974999

15264.949781

15535.616420

15433.619839

15143.481396

14671.299125

14030.719870

13167.975003

12069.485555

10811.665974

9702.844447

8889.307837

10287.781451

11717.120332

12923.979305

13864.195107

14587.606729

15185.927735

15665.540995

15985.518213

16083.674217

15762.717733

15035.155907

13632.219462

11850.822894

9565.508812

7289.278341

5095.336398

3376.840595

2153.357737

1380.074950

940.624122

683.234135

579.176357

543.830891

649.787534

927.509499

1669.407007

5348.503264

47220.448502

172467.724147

172467.723726

47220.448965

5348.503296

1669.407010

927.509500

649.787534

543.830891

579.176357

683.234135

940.624121

1380.074949

2153.357737

3376.840594

5095.336398

7289.278343

9565.508815

11850.822898

13632.219467

15035.155913

15762.717740

16083.674223

15985.518219

15665.540999

15185.927738

14587.606731

13864.195109

12923.979307

11717.120333

10287.781451

8889.307837

8199.426366

9835.771859

11434.631043

12699.394882

13585.512956

14277.622606

14832.226634

15341.139499

15738.787121

15988.582123

15970.404717

15547.562140

14643.289766

13137.996372

11161.710897

8824.669199

6477.919667

4415.967450

2862.180851

1850.966649

1228.537262

895.183987

710.927357

667.503285

712.283289

921.153883

1269.176617

1772.900784

2698.881389

2989.897014

2989.897018

2698.881393

1772.900785

1269.176618

921.153884

712.283289

667.503285

710.927357

895.183987

1228.537262

1850.966648

2862.180850

4415.967450

6477.919668

8824.669201

11161.710901

13137.996377

14643.289772

15547.562146

15970.404723

15988.582129

15738.787127

15341.139503

14832.226637

14277.622608

13585.512957

12699.394882

11434.631043

9835.771859

8199.426367

7489.938283

9504.135636

11309.735603

12474.360093

13203.602355

13668.734987

14129.176156

14542.673198

14966.174975

15276.129763

15471.974601

15373.004231

14925.906428

13927.992110

12417.081552

10361.761889

8101.900073

5850.625833

4028.835979

2678.784663

1841.801588

1313.647785

1045.443977

897.075726

899.047835

955.683683

1165.951787

1477.917492

1809.087358

2061.039176

2061.039176

1809.087358

1477.917492

1165.951787

955.683683

899.047835

897.075726

1045.443977

1313.647784

1841.801588

2678.784663

4028.835979

5850.625833

8101.900074

10361.761891

12417.081556

13927.992115

14925.906433

15373.004237

15471.974607

15276.129768

14966.174979

14542.673201

14129.176159

13668.734989

13203.602356

12474.360094

11309.735603

9504.135636

7489.938284

6776.680860

9371.756697

11320.875642

12222.743266

12470.126928

12765.335941

13082.711528

13505.141598

13915.279846

14372.907084

14741.362803

15054.622078

15070.235552

14792.788685

13877.521511

12491.242779

10440.806563

8287.304583

6073.937803

4359.147144

3017.547804

2189.896638

1602.935672

1297.596766

1068.694127

1001.241698

956.986979

1007.039325

1056.969908

1114.381115

1114.381115

1056.969908

1007.039325

956.986979

1001.241698

1068.694127

1297.596766

1602.935672

2189.896638

3017.547805

4359.147145

6073.937805

8287.304585

10440.806566

12491.242783

13877.521516

14792.788690

15070.235558

15054.622084

14741.362808

14372.907088

13915.279850

13505.141601

13082.711530

12765.335942

12470.126928

12222.743266

11320.875642

9371.756698

6776.680861

5845.988366

9618.162711

11464.962931

11258.596338

11304.378249

11509.659035

11918.368303

12387.407882

12972.269211

13601.648485

14355.278271

15111.474465

15923.202757

16483.775231

16789.565894

16257.985933

15099.233756

12819.095977

10311.828796

7465.071511

5248.442858

3425.687886

2309.608706

1514.195510

1090.989530

791.823439

647.441796

542.145882

500.815093

474.517059

474.517059

500.815092

542.145882

647.441796

791.823439

1090.989530

1514.195510

2309.608707

3425.687888

5248.442861

7465.071515

10311.828803

12819.095985

15099.233764

16257.985941

16789.565902

16483.775239

15923.202763

15111.474470

14355.278276

13601.648489

12972.269213

12387.407884

11918.368304

11509.659036

11304.378250

11258.596338

11464.962932

9618.162711

5845.988366

5255.337828

10541.378963

9541.769077

9416.101639

9686.515187

10193.442397

10796.871022

11520.120896

12358.610429

13400.569688

14662.781231

16265.330931

18161.088277

20379.868841

22483.574883

24007.187175

23647.443276

21172.635557

16436.475748

11407.980474

6913.789881

3984.444637

2159.937961

1228.337871

700.064348

443.335022

291.179538

217.503352

173.162461

156.602720

156.602720

173.162461

217.503352

291.179538

443.335022

700.064348

1228.337871

2159.937962

3984.444638

6913.789885

11407.980483

16436.475762

21172.635576

23647.443298

24007.187195

22483.574900

20379.868854

18161.088286

16265.330937

14662.781236

13400.569691

12358.610431

11520.120897

10796.871023

10193.442397

9686.515187

9416.101639

9541.769078

10541.378963

5255.337828

3298.269142

5289.817149

6033.645377

7172.006802

8137.571385

9096.829452

10065.933321

11152.690265

12448.281296

14073.423827

16190.259284

18991.726049

22601.310181

26967.995342

31108.603141

33435.207772

31641.466946

26068.500812

18266.470666

11168.363100

5896.576669

2821.916014

1296.436060

600.243113

296.880071

154.056213

89.673101

56.416943

41.509684

34.917469

34.917469

41.509684

56.416943

89.673101

154.056213

296.880071

600.243113

1296.436061

2821.916015

5896.576672

11168.363106

18266.470675

26068.500828

31641.466971

33435.207803

31108.603171

26967.995365

22601.310196

18991.726057

16190.259289

14073.423830

12448.281298

11152.690266

10065.933321

9096.829452

8137.571386

7172.006802

6033.645377

5289.817149

3298.269142

