AXIS X

0.000000 0.000500 0.001000 0.001500 0.002000 0.002500 0.003000 0.003500 0.004000 0.004500 0.005000 0.005500 0.006000 0.006500 0.007000 0.007500 0.008000 0.008500 0.009000 0.009500 0.010000 0.010500 0.011000 0.011500 0.012000 0.012500 0.013000 0.013500 0.014000 0.014500 0.015000 0.015500 0.016000 0.016500 0.017000 0.017500 0.018000 0.018500 0.019000 0.019500 0.020000 0.020500 0.021000 0.021500 0.022000 0.022500 0.023000 0.023500 0.024000 0.024500 0.025000 0.025500 0.026000 0.026500 0.027000 0.027500 0.028000 0.028500 0.029000 0.029500 

AXIS Y

0.000000 0.000500 0.001000 0.001500 0.002000 0.002500 0.003000 0.003500 0.004000 0.004500 0.005000 0.005500 0.006000 0.006500 0.007000 0.007500 0.008000 0.008500 0.009000 0.009500 0.010000 0.010500 0.011000 0.011500 0.012000 0.012500 0.013000 0.013500 0.014000 0.014500 0.015000 0.015500 0.016000 0.016500 0.017000 0.017500 0.018000 0.018500 0.019000 0.019500 0.020000 0.020500 0.021000 0.021500 0.022000 0.022500 0.023000 0.023500 0.024000 0.024500 0.025000 0.025500 0.026000 0.026500 0.027000 0.027500 0.028000 0.028500 0.029000 0.029500 



DATA
15079.643200

15079.643859

15079.643985

15079.644158

15079.644231

15079.644309

15079.644374

15079.644468

15079.644574

15079.644715

15079.644876

15079.645074

15079.645303

15079.645577

15079.645895

15079.646268

15079.646703

15079.647201

15079.647776

15079.648409

15079.649117

15079.649851

15079.650632

15079.651368

15079.652084

15079.652631

15079.653061

15079.653112

15079.653042

15079.651932

15079.651932

15079.653042

15079.653112

15079.653061

15079.652631

15079.652084

15079.651368

15079.650632

15079.649851

15079.649117

15079.648409

15079.647776

15079.647201

15079.646703

15079.646268

15079.645895

15079.645577

15079.645303

15079.645074

15079.644876

15079.644715

15079.644574

15079.644468

15079.644374

15079.644309

15079.644231

15079.644158

15079.643985

15079.643859

15079.643200

15079.643808

15079.644447

15079.644315

15079.644351

15079.644395

15079.644433

15079.644481

15079.644519

15079.644584

15079.644649

15079.644752

15079.644863

15079.645020

15079.645194

15079.645424

15079.645681

15079.646003

15079.646365

15079.646795

15079.647276

15079.647816

15079.648406

15079.649029

15079.649685

15079.650329

15079.650978

15079.651571

15079.652161

15079.652699

15079.651949

15079.651949

15079.652699

15079.652161

15079.651571

15079.650978

15079.650329

15079.649685

15079.649029

15079.648406

15079.647816

15079.647276

15079.646795

15079.646365

15079.646003

15079.645681

15079.645424

15079.645194

15079.645020

15079.644863

15079.644752

15079.644649

15079.644584

15079.644519

15079.644481

15079.644433

15079.644395

15079.644351

15079.644315

15079.644447

15079.643808

15079.643818

15079.644342

15079.644449

15079.644467

15079.644525

15079.644583

15079.644618

15079.644658

15079.644674

15079.644717

15079.644746

15079.644817

15079.644880

15079.644995

15079.645108

15079.645280

15079.645457

15079.645698

15079.645954

15079.646275

15079.646624

15079.647034

15079.647485

15079.647987

15079.648543

15079.649139

15079.649775

15079.650392

15079.650597

15079.649631

15079.649631

15079.650597

15079.650392

15079.649775

15079.649139

15079.648543

15079.647987

15079.647485

15079.647034

15079.646624

15079.646275

15079.645954

15079.645698

15079.645457

15079.645280

15079.645108

15079.644995

15079.644880

15079.644817

15079.644746

15079.644717

15079.644674

15079.644658

15079.644618

15079.644583

15079.644525

15079.644467

15079.644449

15079.644342

15079.643818

15079.643938

15079.644308

15079.644442

15079.644507

15079.644589

15079.644662

15079.644732

15079.644759

15079.644795

15079.644794

15079.644826

15079.644829

15079.644880

15079.644905

15079.644987

15079.645044

15079.645162

15079.645260

15079.645420

15079.645572

15079.645789

15079.646022

15079.646325

15079.646676

15079.647102

15079.647596

15079.648118

15079.648552

15079.648612

15079.648248

15079.648248

15079.648612

15079.648552

15079.648118

15079.647596

15079.647102

15079.646676

15079.646325

15079.646022

15079.645789

15079.645572

15079.645420

15079.645260

15079.645162

15079.645044

15079.644987

15079.644905

15079.644880

15079.644829

15079.644826

15079.644794

15079.644795

15079.644759

15079.644732

15079.644662

15079.644589

15079.644507

15079.644442

15079.644308

15079.643938

15079.643960

15079.644318

15079.644440

15079.644514

15079.644588

15079.644689

15079.644755

15079.644824

15079.644839

15079.644875

15079.644863

15079.644895

15079.644883

15079.644928

15079.644928

15079.644988

15079.645003

15079.645078

15079.645112

15079.645207

15079.645280

15079.645420

15079.645575

15079.645807

15079.646097

15079.646450

15079.646836

15079.647123

15079.647226

15079.646790

15079.646790

15079.647226

15079.647123

15079.646836

15079.646450

15079.646097

15079.645807

15079.645575

15079.645420

15079.645280

15079.645207

15079.645112

15079.645078

15079.645003

15079.644988

15079.644928

15079.644928

15079.644883

15079.644895

15079.644863

15079.644875

15079.644839

15079.644824

15079.644755

15079.644689

15079.644588

15079.644514

15079.644440

15079.644318

15079.643960

15079.644016

15079.644331

15079.644465

15079.644510

15079.644582

15079.644650

15079.644745

15079.644792

15079.644856

15079.644859

15079.644900

15079.644883

15079.644924

15079.644907

15079.644956

15079.644940

15079.644992

15079.644975

15079.645023

15079.645011

15079.645062

15079.645082

15079.645171

15079.645276

15079.645451

15079.645678

15079.645916

15079.646154

15079.646240

15079.646328

15079.646328

15079.646240

15079.646154

15079.645916

15079.645678

15079.645451

15079.645276

15079.645171

15079.645082

15079.645062

15079.645011

15079.645023

15079.644975

15079.644992

15079.644940

15079.644956

15079.644907

15079.644924

15079.644883

15079.644900

15079.644859

15079.644856

15079.644792

15079.644745

15079.644650

15079.644582

15079.644510

15079.644465

15079.644331

15079.644016

15079.644039

15079.644377

15079.644483

15079.644529

15079.644549

15079.644619

15079.644667

15079.644749

15079.644773

15079.644833

15079.644827

15079.644878

15079.644861

15079.644917

15079.644899

15079.644958

15079.644933

15079.644983

15079.644946

15079.644977

15079.644933

15079.644955

15079.644939

15079.644986

15079.645049

15079.645157

15079.645313

15079.645454

15079.645644

15079.645674

15079.645674

15079.645644

15079.645454

15079.645313

15079.645157

15079.645049

15079.644986

15079.644939

15079.644955

15079.644933

15079.644977

15079.644946

15079.644983

15079.644933

15079.644958

15079.644899

15079.644917

15079.644861

15079.644878

15079.644827

15079.644833

15079.644773

15079.644749

15079.644667

15079.644619

15079.644549

15079.644529

15079.644483

15079.644377

15079.644039

15079.644096

15079.644404

15079.644527

15079.644525

15079.644543

15079.644546

15079.644609

15079.644631

15079.644701

15079.644704

15079.644765

15079.644752

15079.644817

15079.644800

15079.644874

15079.644854

15079.644926

15079.644894

15079.644946

15079.644891

15079.644911

15079.644843

15079.644841

15079.644794

15079.644801

15079.644824

15079.644879

15079.645013

15079.645168

15079.645562

15079.645562

15079.645168

15079.645013

15079.644879

15079.644824

15079.644801

15079.644794

15079.644841

15079.644843

15079.644911

15079.644891

15079.644946

15079.644894

15079.644926

15079.644854

15079.644874

15079.644800

15079.644817

15079.644752

15079.644765

15079.644704

15079.644701

15079.644631

15079.644609

15079.644546

15079.644543

15079.644525

15079.644527

15079.644404

15079.644096

15079.644128

15079.644460

15079.644541

15079.644549

15079.644499

15079.644510

15079.644497

15079.644551

15079.644547

15079.644609

15079.644593

15079.644660

15079.644639

15079.644719

15079.644700

15079.644790

15079.644766

15079.644849

15079.644806

15079.644860

15079.644789

15079.644801

15079.644712

15079.644689

15079.644619

15079.644600

15079.644614

15079.644682

15079.644898

15079.645159

15079.645159

15079.644898

15079.644682

15079.644614

15079.644600

15079.644619

15079.644689

15079.644712

15079.644801

15079.644789

15079.644860

15079.644806

15079.644849

15079.644766

15079.644790

15079.644700

15079.644719

15079.644639

15079.644660

15079.644593

15079.644609

15079.644547

15079.644551

15079.644497

15079.644510

15079.644499

15079.644549

15079.644541

15079.644460

15079.644128

15079.644191

15079.644485

15079.644582

15079.644530

15079.644492

15079.644423

15079.644434

15079.644403

15079.644449

15079.644421

15079.644480

15079.644447

15079.644520

15079.644490

15079.644583

15079.644556

15079.644660

15079.644625

15079.644718

15079.644661

15079.644719

15079.644632

15079.644641

15079.644540

15079.644514

15079.644445

15079.644445

15079.644509

15079.644676

15079.645116

15079.645116

15079.644676

15079.644509

15079.644445

15079.644445

15079.644514

15079.644540

15079.644641

15079.644632

15079.644719

15079.644661

15079.644718

15079.644625

15079.644660

15079.644556

15079.644583

15079.644490

15079.644520

15079.644447

15079.644480

15079.644421

15079.644449

15079.644403

15079.644434

15079.644423

15079.644492

15079.644530

15079.644582

15079.644485

15079.644191

15079.644225

15079.644538

15079.644580

15079.644545

15079.644432

15079.644387

15079.644309

15079.644322

15079.644270

15079.644311

15079.644259

15079.644318

15079.644267

15079.644348

15079.644303

15079.644408

15079.644365

15079.644480

15079.644429

15079.644531

15079.644459

15079.644527

15079.644434

15079.644458

15079.644367

15079.644375

15079.644350

15079.644430

15079.644591

15079.644818

15079.644818

15079.644591

15079.644430

15079.644350

15079.644375

15079.644367

15079.644458

15079.644434

15079.644527

15079.644459

15079.644531

15079.644429

15079.644480

15079.644365

15079.644408

15079.644303

15079.644348

15079.644267

15079.644318

15079.644259

15079.644311

15079.644270

15079.644322

15079.644309

15079.644387

15079.644432

15079.644545

15079.644580

15079.644538

15079.644225

15079.644288

15079.644551

15079.644610

15079.644503

15079.644417

15079.644286

15079.644251

15079.644163

15079.644178

15079.644103

15079.644142

15079.644066

15079.644128

15079.644055

15079.644144

15079.644077

15079.644191

15079.644126

15079.644252

15079.644181

15079.644299

15079.644219

15079.644314

15079.644234

15079.644309

15079.644264

15079.644356

15079.644408

15079.644589

15079.644891

15079.644891

15079.644589

15079.644408

15079.644356

15079.644264

15079.644309

15079.644234

15079.644314

15079.644219

15079.644299

15079.644181

15079.644252

15079.644126

15079.644191

15079.644077

15079.644144

15079.644055

15079.644128

15079.644066

15079.644142

15079.644103

15079.644178

15079.644163

15079.644251

15079.644286

15079.644417

15079.644503

15079.644610

15079.644551

15079.644288

15079.644314

15079.644594

15079.644585

15079.644505

15079.644336

15079.644249

15079.644115

15079.644094

15079.643991

15079.644009

15079.643909

15079.643949

15079.643847

15079.643912

15079.643813

15079.643908

15079.643813

15079.643935

15079.643843

15079.643984

15079.643897

15079.644046

15079.643975

15079.644130

15079.644097

15079.644268

15079.644303

15079.644513

15079.644631

15079.644733

15079.644733

15079.644631

15079.644513

15079.644303

15079.644268

15079.644097

15079.644130

15079.643975

15079.644046

15079.643897

15079.643984

15079.643843

15079.643935

15079.643813

15079.643908

15079.643813

15079.643912

15079.643847

15079.643949

15079.643909

15079.644009

15079.643991

15079.644094

15079.644115

15079.644249

15079.644336

15079.644505

15079.644585

15079.644594

15079.644314

15079.644366

15079.644586

15079.644599

15079.644439

15079.644314

15079.644131

15079.644065

15079.643929

15079.643920

15079.643799

15079.643819

15079.643693

15079.643736

15079.643605

15079.643675

15079.643542

15079.643643

15079.643512

15079.643646

15079.643525

15079.643695

15079.643603

15079.643814

15079.643782

15079.644044

15079.644098

15079.644410

15079.644535

15079.644833

15079.645055

15079.645055

15079.644833

15079.644535

15079.644410

15079.644098

15079.644044

15079.643782

15079.643814

15079.643603

15079.643695

15079.643525

15079.643646

15079.643512

15079.643643

15079.643542

15079.643675

15079.643605

15079.643736

15079.643693

15079.643819

15079.643799

15079.643920

15079.643929

15079.644065

15079.644131

15079.644314

15079.644439

15079.644599

15079.644586

15079.644366

15079.644375

15079.644610

15079.644548

15079.644427

15079.644211

15079.644096

15079.643918

15079.643877

15079.643733

15079.643736

15079.643592

15079.643618

15079.643463

15079.643511

15079.643344

15079.643418

15079.643243

15079.643351

15079.643178

15079.643333

15079.643191

15079.643415

15079.643349

15079.643668

15079.643726

15079.644150

15079.644329

15079.644797

15079.644982

15079.645068

15079.645068

15079.644982

15079.644797

15079.644329

15079.644150

15079.643726

15079.643668

15079.643349

15079.643415

15079.643191

15079.643333

15079.643178

15079.643351

15079.643243

15079.643418

15079.643344

15079.643511

15079.643463

15079.643618

15079.643592

15079.643736

15079.643733

15079.643877

15079.643918

15079.644096

15079.644211

15079.644427

15079.644548

15079.644610

15079.644375

15079.644408

15079.644575

15079.644543

15079.644336

15079.644184

15079.643963

15079.643880

15079.643708

15079.643691

15079.643533

15079.643548

15079.643378

15079.643412

15079.643223

15079.643276

15079.643064

15079.643142

15079.642914

15079.643034

15079.642820

15079.643017

15079.642879

15079.643206

15079.643223

15079.643722

15079.643937

15079.644576

15079.644894

15079.645451

15079.645800

15079.645800

15079.645451

15079.644894

15079.644576

15079.643937

15079.643722

15079.643223

15079.643206

15079.642879

15079.643017

15079.642820

15079.643034

15079.642914

15079.643142

15079.643064

15079.643276

15079.643223

15079.643412

15079.643378

15079.643548

15079.643533

15079.643691

15079.643708

15079.643880

15079.643963

15079.644184

15079.644336

15079.644543

15079.644575

15079.644408

15079.644390

15079.644575

15079.644463

15079.644312

15079.644061

15079.643932

15079.643725

15079.643679

15079.643506

15079.643511

15079.643335

15079.643364

15079.643165

15079.643207

15079.642974

15079.643030

15079.642759

15079.642840

15079.642554

15079.642701

15079.642465

15079.642752

15079.642678

15079.643193

15079.643389

15079.644159

15079.644603

15079.645464

15079.645867

15079.646013

15079.646013

15079.645867

15079.645464

15079.644603

15079.644159

15079.643389

15079.643193

15079.642678

15079.642752

15079.642465

15079.642701

15079.642554

15079.642840

15079.642759

15079.643030

15079.642974

15079.643207

15079.643165

15079.643364

15079.643335

15079.643511

15079.643506

15079.643679

15079.643725

15079.643932

15079.644061

15079.644312

15079.644463

15079.644575

15079.644390

15079.644397

15079.644506

15079.644437

15079.644196

15079.644031

15079.643786

15079.643703

15079.643508

15079.643498

15079.643318

15079.643346

15079.643147

15079.643190

15079.642952

15079.643001

15079.642708

15079.642762

15079.642420

15079.642513

15079.642176

15079.642391

15079.642188

15079.642656

15079.642762

15079.643591

15079.644098

15079.645213

15079.645899

15079.646826

15079.647422

15079.647422

15079.646826

15079.645899

15079.645213

15079.644098

15079.643591

15079.642762

15079.642656

15079.642188

15079.642391

15079.642176

15079.642513

15079.642420

15079.642762

15079.642708

15079.643001

15079.642952

15079.643190

15079.643147

15079.643346

15079.643318

15079.643498

15079.643508

15079.643703

15079.643786

15079.644031

15079.644196

15079.644437

15079.644506

15079.644397

15079.644347

15079.644477

15079.644326

15079.644161

15079.643890

15079.643765

15079.643541

15079.643507

15079.643319

15079.643343

15079.643150

15079.643200

15079.642971

15079.643026

15079.642734

15079.642780

15079.642409

15079.642462

15079.642043

15079.642177

15079.641830

15079.642200

15079.642146

15079.642944

15079.643403

15079.644687

15079.645610

15079.647034

15079.647805

15079.647877

15079.647877

15079.647805

15079.647034

15079.645610

15079.644687

15079.643403

15079.642944

15079.642146

15079.642200

15079.641830

15079.642177

15079.642043

15079.642462

15079.642409

15079.642780

15079.642734

15079.643026

15079.642971

15079.643200

15079.643150

15079.643343

15079.643319

15079.643507

15079.643541

15079.643765

15079.643890

15079.644161

15079.644326

15079.644477

15079.644347

15079.644321

15079.644373

15079.644279

15079.644022

15079.643863

15079.643609

15079.643542

15079.643337

15079.643351

15079.643161

15079.643219

15079.643005

15079.643075

15079.642800

15079.642858

15079.642488

15079.642524

15079.642058

15079.642122

15079.641645

15079.641889

15079.641627

15079.642299

15079.642576

15079.643889

15079.644884

15079.646696

15079.647993

15079.649394

15079.650320

15079.650320

15079.649394

15079.647993

15079.646696

15079.644884

15079.643889

15079.642576

15079.642299

15079.641627

15079.641889

15079.641645

15079.642122

15079.642058

15079.642524

15079.642488

15079.642858

15079.642800

15079.643075

15079.643005

15079.643219

15079.643161

15079.643351

15079.643337

15079.643542

15079.643609

15079.643863

15079.644022

15079.644279

15079.644373

15079.644321

15079.644236

15079.644312

15079.644138

15079.643980

15079.643709

15079.643604

15079.643378

15079.643371

15079.643178

15079.643237

15079.643037

15079.643126

15079.642877

15079.642959

15079.642614

15079.642659

15079.642185

15079.642206

15079.641637

15079.641751

15079.641270

15079.641739

15079.641712

15079.642876

15079.643696

15079.645679

15079.647305

15079.649522

15079.650903

15079.650840

15079.650840

15079.650903

15079.649522

15079.647305

15079.645679

15079.643696

15079.642876

15079.641712

15079.641739

15079.641270

15079.641751

15079.641637

15079.642206

15079.642185

15079.642659

15079.642614

15079.642959

15079.642877

15079.643126

15079.643037

15079.643237

15079.643178

15079.643371

15079.643378

15079.643604

15079.643709

15079.643980

15079.644138

15079.644312

15079.644236

15079.644175

15079.644171

15079.644073

15079.643822

15079.643691

15079.643445

15079.643408

15079.643205

15079.643255

15079.643064

15079.643165

15079.642943

15079.643054

15079.642748

15079.642822

15079.642374

15079.642387

15079.641775

15079.641785

15079.641114

15079.641341

15079.640934

15079.641777

15079.642153

15079.643989

15079.645516

15079.648205

15079.650373

15079.652588

15079.654455

15079.654455

15079.652588

15079.650373

15079.648205

15079.645516

15079.643989

15079.642153

15079.641777

15079.640934

15079.641341

15079.641114

15079.641785

15079.641775

15079.642387

15079.642374

15079.642822

15079.642748

15079.643054

15079.642943

15079.643165

15079.643064

15079.643255

15079.643205

15079.643408

15079.643445

15079.643691

15079.643822

15079.644073

15079.644171

15079.644175

15079.644054

15079.644080

15079.643904

15079.643778

15079.643529

15079.643463

15079.643247

15079.643278

15079.643088

15079.643192

15079.642991

15079.643128

15079.642862

15079.642977

15079.642576

15079.642612

15079.642008

15079.641957

15079.641157

15079.641150

15079.640364

15079.640763

15079.640492

15079.641833

15079.642741

15079.645363

15079.647678

15079.651015

15079.653604

15079.654144

15079.654144

15079.653604

15079.651015

15079.647678

15079.645363

15079.642741

15079.641833

15079.640492

15079.640763

15079.640364

15079.641150

15079.641157

15079.641957

15079.642008

15079.642612

15079.642576

15079.642977

15079.642862

15079.643128

15079.642991

15079.643192

15079.643088

15079.643278

15079.643247

15079.643463

15079.643529

15079.643778

15079.643904

15079.644080

15079.644054

15079.643957

15079.643903

15079.643824

15079.643606

15079.643526

15079.643304

15079.643312

15079.643118

15079.643214

15079.643024

15079.643176

15079.642945

15079.643100

15079.642754

15079.642836

15079.642277

15079.642217

15079.641364

15079.641177

15079.640081

15079.640001

15079.639007

15079.639574

15079.639419

15079.641334

15079.642870

15079.646420

15079.649693

15079.653724

15079.658392

15079.658392

15079.653724

15079.649693

15079.646420

15079.642870

15079.641334

15079.639419

15079.639574

15079.639007

15079.640001

15079.640081

15079.641177

15079.641364

15079.642217

15079.642277

15079.642836

15079.642754

15079.643100

15079.642945

15079.643176

15079.643024

15079.643214

15079.643118

15079.643312

15079.643304

15079.643526

15079.643606

15079.643824

15079.643903

15079.643957

15079.643801

15079.643784

15079.643633

15079.643566

15079.643362

15079.643353

15079.643157

15079.643236

15079.643052

15079.643206

15079.642999

15079.643184

15079.642889

15079.643025

15079.642532

15079.642507

15079.641671

15079.641389

15079.640100

15079.639604

15079.637960

15079.637623

15079.636178

15079.636822

15079.636709

15079.639364

15079.641840

15079.646874

15079.651894

15079.655167

15079.655167

15079.651894

15079.646874

15079.641840

15079.639364

15079.636709

15079.636822

15079.636178

15079.637623

15079.637960

15079.639604

15079.640100

15079.641389

15079.641671

15079.642507

15079.642532

15079.643025

15079.642889

15079.643184

15079.642999

15079.643206

15079.643052

15079.643236

15079.643157

15079.643353

15079.643362

15079.643566

15079.643633

15079.643784

15079.643801

15079.643671

15079.643578

15079.643543

15079.643385

15079.643379

15079.643199

15079.643262

15079.643082

15079.643226

15079.643034

15079.643233

15079.642979

15079.643163

15079.642739

15079.642780

15079.642009

15079.641723

15079.640371

15079.639600

15079.637493

15079.636316

15079.633637

15079.632696

15079.630417

15079.631124

15079.631214

15079.635344

15079.639868

15079.647763

15079.658564

15079.658564

15079.647763

15079.639868

15079.635344

15079.631214

15079.631124

15079.630417

15079.632696

15079.633637

15079.636316

15079.637493

15079.639600

15079.640371

15079.641723

15079.642009

15079.642780

15079.642739

15079.643163

15079.642979

15079.643233

15079.643034

15079.643226

15079.643082

15079.643262

15079.643199

15079.643379

15079.643385

15079.643543

15079.643578

15079.643671

15079.643487

15079.643437

15079.643336

15079.643355

15079.643217

15079.643279

15079.643114

15079.643244

15079.643062

15079.643261

15079.643034

15079.643251

15079.642888

15079.643001

15079.642320

15079.642102

15079.640797

15079.639929

15079.637598

15079.635820

15079.632207

15079.629724

15079.625275

15079.623368

15079.620012

15079.621361

15079.622719

15079.630383

15079.639596

15079.649429

15079.649429

15079.639596

15079.630383

15079.622719

15079.621361

15079.620012

15079.623368

15079.625275

15079.629724

15079.632207

15079.635820

15079.637598

15079.639929

15079.640797

15079.642102

15079.642320

15079.643001

15079.642888

15079.643251

15079.643034

15079.643261

15079.643062

15079.643244

15079.643114

15079.643279

15079.643217

15079.643355

15079.643336

15079.643437

15079.643487

15079.643329

15079.643210

15079.643242

15079.643171

15079.643257

15079.643132

15079.643257

15079.643090

15079.643278

15079.643070

15079.643301

15079.642985

15079.643159

15079.642571

15079.642461

15079.641273

15079.640470

15079.638143

15079.636098

15079.631987

15079.628352

15079.622212

15079.617651

15079.610694

15079.607943

15079.604083

15079.608133

15079.613597

15079.628523

15079.650192

15079.650192

15079.628523

15079.613597

15079.608133

15079.604083

15079.607943

15079.610694

15079.617651

15079.622212

15079.628352

15079.631987

15079.636098

15079.638143

15079.640470

15079.641273

15079.642461

15079.642571

15079.643159

15079.642985

15079.643301

15079.643070

15079.643278

15079.643090

15079.643257

15079.643132

15079.643257

15079.643171

15079.643242

15079.643210

15079.643329

15079.643125

15079.643055

15079.643027

15079.643152

15079.643099

15079.643242

15079.643111

15079.643289

15079.643100

15079.643328

15079.643049

15079.643261

15079.642756

15079.642757

15079.641720

15079.641087

15079.638932

15079.636949

15079.632780

15079.628602

15079.621536

15079.614946

15079.605134

15079.598030

15079.588444

15079.586347

15079.584322

15079.595549

15079.610679

15079.633698

15079.633698

15079.610679

15079.595549

15079.584322

15079.586347

15079.588444

15079.598030

15079.605134

15079.614946

15079.621536

15079.628602

15079.632780

15079.636949

15079.638932

15079.641087

15079.641720

15079.642757

15079.642756

15079.643261

15079.643049

15079.643328

15079.643100

15079.643289

15079.643111

15079.643242

15079.643099

15079.643152

15079.643027

15079.643055

15079.643125

15079.642949

15079.642817

15079.642935

15079.642970

15079.643161

15079.643098

15079.643283

15079.643126

15079.643344

15079.643096

15079.643323

15079.642888

15079.642977

15079.642093

15079.641669

15079.639779

15079.638094

15079.634212

15079.630117

15079.622931

15079.615377

15079.604020

15079.593528

15079.579363

15079.570370

15079.559541

15079.562008

15079.566944

15079.592891

15079.632356

15079.632356

15079.592891

15079.566944

15079.562008

15079.559541

15079.570370

15079.579363

15079.593528

15079.604020

15079.615377

15079.622931

15079.630117

15079.634212

15079.638094

15079.639779

15079.641669

15079.642093

15079.642977

15079.642888

15079.643323

15079.643096

15079.643344

15079.643126

15079.643283

15079.643098

15079.643161

15079.642970

15079.642935

15079.642817

15079.642949

15079.642737

15079.642658

15079.642721

15079.642964

15079.643006

15079.643231

15079.643133

15079.643347

15079.643136

15079.643362

15079.642988

15079.643133

15079.642389

15079.642156

15079.640560

15079.639277

15079.635886

15079.632340

15079.625674

15079.618285

15079.606780

15079.594712

15079.578164

15079.563727

15079.545830

15079.537616

15079.529301

15079.543754

15079.565896

15079.614983

15079.614983

15079.565896

15079.543754

15079.529301

15079.537616

15079.545830

15079.563727

15079.578164

15079.594712

15079.606780

15079.618285

15079.625674

15079.632340

15079.635886

15079.639277

15079.640560

15079.642156

15079.642389

15079.643133

15079.642988

15079.643362

15079.643136

15079.643347

15079.643133

15079.643231

15079.643006

15079.642964

15079.642721

15079.642658

15079.642737

15079.642555

15079.642422

15079.642637

15079.642787

15079.643083

15079.643084

15079.643321

15079.643164

15079.643386

15079.643070

15079.643243

15079.642623

15079.642533

15079.641220

15079.640328

15079.637504

15079.634720

15079.628960

15079.622570

15079.612016

15079.600308

15079.583697

15079.566847

15079.545546

15079.528787

15079.509741

15079.507627

15079.509345

15079.549861

15079.618489

15079.618489

15079.549861

15079.509345

15079.507627

15079.509741

15079.528787

15079.545546

15079.566847

15079.583697

15079.600308

15079.612016

15079.622570

15079.628960

15079.634720

15079.637504

15079.640328

15079.641220

15079.642533

15079.642623

15079.643243

15079.643070

15079.643386

15079.643164

15079.643321

15079.643084

15079.643083

15079.642787

15079.642637

15079.642422

15079.642555

15079.642346

15079.642271

15079.642431

15079.642793

15079.642929

15079.643226

15079.643158

15079.643388

15079.643139

15079.643323

15079.642815

15079.642819

15079.641758

15079.641181

15079.638907

15079.636876

15079.632160

15079.627138

15079.618169

15079.608197

15079.593257

15079.577189

15079.556213

15079.536017

15079.512461

15079.496759

15079.481445

15079.495039

15079.524767

15079.623652

15079.623652

15079.524767

15079.495039

15079.481445

15079.496759

15079.512461

15079.536017

15079.556213

15079.577189

15079.593257

15079.608197

15079.618169

15079.627138

15079.632160

15079.636876

15079.638907

15079.641181

15079.641758

15079.642819

15079.642815

15079.643323

15079.643139

15079.643388

15079.643158

15079.643226

15079.642929

15079.642793

15079.642431

15079.642271

15079.642346

15079.642173

15079.642049

15079.642361

15079.642621

15079.643012

15079.643073

15079.643343

15079.643180

15079.643376

15079.642975

15079.643037

15079.642196

15079.641843

15079.640056

15079.638640

15079.634924

15079.631233

15079.624038

15079.616339

15079.603962

15079.590754

15079.572580

15079.554133

15079.532004

15079.511703

15079.490398

15079.480260

15079.478333

15079.531443

15079.644741

15079.644741

15079.531443

15079.478333

15079.480260

15079.490398

15079.511703

15079.532004

15079.554133

15079.572580

15079.590754

15079.603962

15079.616339

15079.624038

15079.631233

15079.634924

15079.638640

15079.640056

15079.641843

15079.642196

15079.643037

15079.642975

15079.643376

15079.643180

15079.643343

15079.643073

15079.643012

15079.642621

15079.642361

15079.642049

15079.642173

15079.641981

15079.641920

15079.642170

15079.642637

15079.642858

15079.643210

15079.643164

15079.643388

15079.643096

15079.643200

15079.642550

15079.642353

15079.640976

15079.640010

15079.637157

15079.634534

15079.628989

15079.623401

15079.613749

15079.603980

15079.589611

15079.575678

15079.558097

15079.541826

15079.524380

15079.507603

15079.495114

15079.498486

15079.538464

15079.715636

15079.715636

15079.538464

15079.498486

15079.495114

15079.507603

15079.524380

15079.541826

15079.558097

15079.575678

15079.589611

15079.603980

15079.613749

15079.623401

15079.628989

15079.634534

15079.637157

15079.640010

15079.640976

15079.642353

15079.642550

15079.643200

15079.643096

15079.643388

15079.643164

15079.643210

15079.642858

15079.642637

15079.642170

15079.641920

15079.641981

15079.641833

15079.641725

15079.642121

15079.642475

15079.642938

15079.643048

15079.643333

15079.643161

15079.643307

15079.642826

15079.642742

15079.641704

15079.641056

15079.638907

15079.637053

15079.632881

15079.628902

15079.621656

15079.614816

15079.604157

15079.594928

15079.582513

15079.573207

15079.562799

15079.555326

15079.550716

15079.539696

15079.550062

15079.597278

15079.755785

15079.755785

15079.597278

15079.550062

15079.539696

15079.550716

15079.555326

15079.562799

15079.573207

15079.582513

15079.594928

15079.604157

15079.614816

15079.621656

15079.628902

15079.632881

15079.637053

15079.638907

15079.641056

15079.641704

15079.642742

15079.642826

15079.643307

15079.643161

15079.643333

15079.643048

15079.642938

15079.642475

15079.642121

15079.641725

15079.641833

15079.641670

15079.641629

15079.641954

15079.642498

15079.642784

15079.643169

15079.643141

15079.643342

15079.643017

15079.643024

15079.642266

15079.641853

15079.640263

15079.638950

15079.635851

15079.632971

15079.627612

15079.622775

15079.615110

15079.609289

15079.601278

15079.597732

15079.593655

15079.596491

15079.601207

15079.611507

15079.634180

15079.632476

15079.703496

15079.942412

15079.942412

15079.703496

15079.632476

15079.634180

15079.611507

15079.601207

15079.596491

15079.593655

15079.597732

15079.601278

15079.609289

15079.615110

15079.622775

15079.627612

15079.632971

15079.635851

15079.638950

15079.640263

15079.641853

15079.642266

15079.643024

15079.643017

15079.643342

15079.643141

15079.643169

15079.642784

15079.642498

15079.641954

15079.641629

15079.641670

15079.641563

15079.641473

15079.641930

15079.642349

15079.642857

15079.642999

15079.643283

15079.643108

15079.643197

15079.642670

15079.642442

15079.641294

15079.640385

15079.638107

15079.635979

15079.632002

15079.628373

15079.622794

15079.618780

15079.613766

15079.613280

15079.613724

15079.622606

15079.633623

15079.656481

15079.685357

15079.734560

15079.823302

15079.844289

15079.964413

15079.964413

15079.844289

15079.823302

15079.734560

15079.685357

15079.656481

15079.633623

15079.622606

15079.613724

15079.613280

15079.613766

15079.618780

15079.622794

15079.628373

15079.632002

15079.635979

15079.638107

15079.640385

15079.641294

15079.642442

15079.642670

15079.643197

15079.643108

15079.643283

15079.642999

15079.642857

15079.642349

15079.641930

15079.641473

15079.641563

15079.641441

15079.641424

15079.641795

15079.642382

15079.642704

15079.643099

15079.643084

15079.643257

15079.642921

15079.642844

15079.642042

15079.641456

15079.639809

15079.638253

15079.635284

15079.632420

15079.628166

15079.624830

15079.621313

15079.621342

15079.623976

15079.634527

15079.649700

15079.676549

15079.707200

15079.759658

15079.831671

15079.980692

15080.198200

15080.308018

15080.308018

15080.198200

15079.980692

15079.831671

15079.759658

15079.707200

15079.676549

15079.649700

15079.634527

15079.623976

15079.621342

15079.621313

15079.624830

15079.628166

15079.632420

15079.635284

15079.638253

15079.639809

15079.641456

15079.642042

15079.642844

15079.642921

15079.643257

15079.643084

15079.643099

15079.642704

15079.642382

15079.641795

15079.641424

15079.641441

15079.641390

15079.641318

15079.641805

15079.642251

15079.642769

15079.642925

15079.643195

15079.643026

15079.643071

15079.642538

15079.642211

15079.641053

15079.639976

15079.637776

15079.635526

15079.632147

15079.629062

15079.625966

15079.625029

15079.627407

15079.636073

15079.652441

15079.679175

15079.713195

15079.760648

15079.818027

15079.922527

15080.083953

15080.381131

15080.270034

15080.270034

15080.381131

15080.083953

15079.922527

15079.818027

15079.760648

15079.713195

15079.679175

15079.652441

15079.636073

15079.627407

15079.625029

15079.625966

15079.629062

15079.632147

15079.635526

15079.637776

15079.639976

15079.641053

15079.642211

15079.642538

15079.643071

15079.643026

15079.643195

15079.642925

15079.642769

15079.642251

15079.641805

15079.641318

15079.641390

15079.641322

15079.641326

15079.641708

15079.642296

15079.642621

15079.643002

15079.642992

15079.643140

15079.642813

15079.642687

15079.641902

15079.641228

15079.639637

15079.637975

15079.635282

15079.632515

15079.629439

15079.627308

15079.627828

15079.632602

15079.646053

15079.668650

15079.704402

15079.750517

15079.805891

15079.881877

15079.996238

15080.183855

15080.450464

15080.360763

15080.360763

15080.450464

15080.183855

15079.996238

15079.881877

15079.805891

15079.750517

15079.704402

15079.668650

15079.646053

15079.632602

15079.627828

15079.627308

15079.629439

15079.632515

15079.635282

15079.637975

15079.639637

15079.641228

15079.641902

15079.642687

15079.642813

15079.643140

15079.642992

15079.643002

15079.642621

15079.642296

15079.641708

15079.641326

15079.641322

15079.641338

15079.641277

15079.641756

15079.642185

15079.642677

15079.642825

15079.643069

15079.642907

15079.642926

15079.642417

15079.642058

15079.640950

15079.639835

15079.637764

15079.635521

15079.632571

15079.629824

15079.628292

15079.629164

15079.636787

15079.651886

15079.682399

15079.724609

15079.783776

15079.853564

15079.936364

15080.069303

15080.251018

15080.369473

15079.812537

15079.812537

15080.369473

15080.251018

15080.069303

15079.936364

15079.853564

15079.783776

15079.724609

15079.682399

15079.651886

15079.636787

15079.629164

15079.628292

15079.629824

15079.632571

15079.635521

15079.637764

15079.639835

15079.640950

15079.642058

15079.642417

15079.642926

15079.642907

15079.643069

15079.642825

15079.642677

15079.642185

15079.641756

15079.641277

15079.641338

15079.641330

15079.641347

15079.641700

15079.642244

15079.642535

15079.642877

15079.642857

15079.642980

15079.642669

15079.642532

15079.641790

15079.641129

15079.639619

15079.638008

15079.635450

15079.632811

15079.630038

15079.628382

15079.630172

15079.637275

15079.656371

15079.688073

15079.741586

15079.809609

15079.891798

15079.993016

15080.085131

15080.240869

15079.951087

15079.807519

15079.807519

15079.951087

15080.240869

15080.085131

15079.993016

15079.891798

15079.809609

15079.741586

15079.688073

15079.656371

15079.637275

15079.630172

15079.628382

15079.630038

15079.632811

15079.635450

15079.638008

15079.639619

15079.641129

15079.641790

15079.642532

15079.642669

15079.642980

15079.642857

15079.642877

15079.642535

15079.642244

15079.641700

15079.641347

15079.641330

15079.641419

15079.641357

15079.641787

15079.642155

15079.642582

15079.642693

15079.642897

15079.642733

15079.642737

15079.642257

15079.641923

15079.640879

15079.639856

15079.637857

15079.635779

15079.632772

15079.630206

15079.628242

15079.629527

15079.636917

15079.655084

15079.690415

15079.746470

15079.825700

15079.920584

15080.007213

15080.113294

15080.039576

15079.944461

15079.700426

15079.700426

15079.944461

15080.039576

15080.113294

15080.007213

15079.920584

15079.825700

15079.746470

15079.690415

15079.655084

15079.636917

15079.629527

15079.628242

15079.630206

15079.632772

15079.635779

15079.637857

15079.639856

15079.640879

15079.641923

15079.642257

15079.642737

15079.642733

15079.642897

15079.642693

15079.642582

15079.642155

15079.641787

15079.641357

15079.641419

15079.641471

15079.641486

15079.641772

15079.642225

15079.642445

15079.642718

15079.642671

15079.642760

15079.642460

15079.642332

15079.641638

15079.641063

15079.639630

15079.638225

15079.635648

15079.633272

15079.629905

15079.628308

15079.628005

15079.635126

15079.650701

15079.686159

15079.740805

15079.825894

15079.921391

15080.017979

15080.066485

15080.030327

15079.861221

15079.676755

15079.676755

15079.861221

15080.030327

15080.066485

15080.017979

15079.921391

15079.825894

15079.740805

15079.686159

15079.650701

15079.635126

15079.628005

15079.628308

15079.629905

15079.633272

15079.635648

15079.638225

15079.639630

15079.641063

15079.641638

15079.642332

15079.642460

15079.642760

15079.642671

15079.642718

15079.642445

15079.642225

15079.641772

15079.641486

15079.641471

15079.641625

15079.641549

15079.641891

15079.642157

15079.642481

15079.642529

15079.642672

15079.642495

15079.642482

15079.642031

15079.641749

15079.640783

15079.639941

15079.638028

15079.636286

15079.633059

15079.630760

15079.627242

15079.628057

15079.630542

15079.647218

15079.673004

15079.730465

15079.800626

15079.905486

15079.989616

15080.040035

15080.081605

15079.839670

15079.677600

15079.677600

15079.839670

15080.081605

15080.040035

15079.989616

15079.905486

15079.800626

15079.730465

15079.673004

15079.647218

15079.630542

15079.628057

15079.627242

15079.630760

15079.633059

15079.636286

15079.638028

15079.639941

15079.640783

15079.641749

15079.642031

15079.642482

15079.642495

15079.642672

15079.642529

15079.642481

15079.642157

15079.641891

15079.641549

15079.641625

15079.641727

15079.641725

15079.641910

15079.642233

15079.642350

15079.642528

15079.642437

15079.642481

15079.642190

15079.642074

15079.641446

15079.640992

15079.639698

15079.638596

15079.636133

15079.634190

15079.630334

15079.628726

15079.625538

15079.630580

15079.637152

15079.666244

15079.701615

15079.777885

15079.847873

15079.949161

15079.992081

15080.049820

15080.136830

15079.629903

15079.629903

15080.136830

15080.049820

15079.992081

15079.949161

15079.847873

15079.777885

15079.701615

15079.666244

15079.637152

15079.630580

15079.625538

15079.628726

15079.630334

15079.634190

15079.636133

15079.638596

15079.639698

15079.640992

15079.641446

15079.642074

15079.642190

15079.642481

15079.642437

15079.642528

15079.642350

15079.642233

15079.641910

15079.641725

15079.641727

15079.641921

15079.641827

15079.642051

15079.642185

15079.642376

15079.642343

15079.642411

15079.642218

15079.642185

15079.641782

15079.641560

15079.640734

15079.640109

15079.638457

15079.637140

15079.634132

15079.632210

15079.627969

15079.627785

15079.625818

15079.636399

15079.647998

15079.688052

15079.727707

15079.807538

15079.854060

15079.938266

15079.894876

15080.078290

15080.254072

15080.254072

15080.078290

15079.894876

15079.938266

15079.854060

15079.807538

15079.727707

15079.688052

15079.647998

15079.636399

15079.625818

15079.627785

15079.627969

15079.632210

15079.634132

15079.637140

15079.638457

15079.640109

15079.640734

15079.641560

15079.641782

15079.642185

15079.642218

15079.642411

15079.642343

15079.642376

15079.642185

15079.642051

15079.641827

15079.641921

15079.642046

15079.642026

15079.642097

15079.642267

15079.642263

15079.642330

15079.642194

15079.642191

15079.641926

15079.641829

15079.641319

15079.640997

15079.639977

15079.639199

15079.637217

15079.635746

15079.632347

15079.630657

15079.626609

15079.628255

15079.628704

15079.643982

15079.660373

15079.702682

15079.738342

15079.797585

15079.804437

15079.826810

15079.639119

15079.329097

15079.329097

15079.639119

15079.826810

15079.804437

15079.797585

15079.738342

15079.702682

15079.660373

15079.643982

15079.628704

15079.628255

15079.626609

15079.630657

15079.632347

15079.635746

15079.637217

15079.639199

15079.639977

15079.640997

15079.641319

15079.641829

15079.641926

15079.642191

15079.642194

15079.642330

15079.642263

15079.642267

15079.642097

15079.642026

15079.642046

15079.642239

15079.642145

15079.642249

15079.642245

15079.642293

15079.642178

15079.642171

15079.641980

15079.641938

15079.641625

15079.641476

15079.640884

15079.640474

15079.639305

15079.638383

15079.636178

15079.634557

15079.631091

15079.629600

15079.626563

15079.629387

15079.633174

15079.648748

15079.668209

15079.697772

15079.724916

15079.730986

15079.718595

15079.572504

15079.704155

15079.704155

15079.572504

15079.718595

15079.730986

15079.724916

15079.697772

15079.668209

15079.648748

15079.633174

15079.629387

15079.626563

15079.629600

15079.631091

15079.634557

15079.636178

15079.638383

15079.639305

15079.640474

15079.640884

15079.641476

15079.641625

15079.641938

15079.641980

15079.642171

15079.642178

15079.642293

15079.642245

15079.642249

15079.642145

15079.642239

15079.642343

15079.642337

15079.642316

15079.642340

15079.642224

15079.642187

15079.642022

15079.641987

15079.641783

15079.641722

15079.641392

15079.641206

15079.640577

15079.640079

15079.638838

15079.637715

15079.635443

15079.633477

15079.630325

15079.628442

15079.627027

15079.628793

15079.635672

15079.644367

15079.664238

15079.666882

15079.689175

15079.637863

15079.672999

15079.715606

15079.715606

15079.672999

15079.637863

15079.689175

15079.666882

15079.664238

15079.644367

15079.635672

15079.628793

15079.627027

15079.628442

15079.630325

15079.633477

15079.635443

15079.637715

15079.638838

15079.640079

15079.640577

15079.641206

15079.641392

15079.641722

15079.641783

15079.641987

15079.642022

15079.642187

15079.642224

15079.642340

15079.642316

15079.642337

15079.642343

15079.642477

15079.642447

15079.642474

15079.642362

15079.642291

15079.642118

15079.642055

15079.641894

15079.641860

15079.641675

15079.641608

15079.641301

15079.641074

15079.640462

15079.639815

15079.638564

15079.637032

15079.634794

15079.631973

15079.629286

15079.625766

15079.625748

15079.623371

15079.631384

15079.628275

15079.645236

15079.629154

15079.647644

15079.672813

15079.688121

15079.688121

15079.672813

15079.647644

15079.629154

15079.645236

15079.628275

15079.631384

15079.623371

15079.625748

15079.625766

15079.629286

15079.631973

15079.634794

15079.637032

15079.638564

15079.639815

15079.640462

15079.641074

15079.641301

15079.641608

15079.641675

15079.641860

15079.641894

15079.642055

15079.642118

15079.642291

15079.642362

15079.642474

15079.642447

15079.642477

15079.642504

15079.642606

15079.642564

15079.642495

15079.642310

15079.642204

15079.642039

15079.641988

15079.641862

15079.641838

15079.641697

15079.641617

15079.641362

15079.641045

15079.640467

15079.639505

15079.638220

15079.635890

15079.633592

15079.629173

15079.626626

15079.620216

15079.620379

15079.612745

15079.619046

15079.610511

15079.621356

15079.632611

15079.645135

15079.663588

15079.663588

15079.645135

15079.632611

15079.621356

15079.610511

15079.619046

15079.612745

15079.620379

15079.620216

15079.626626

15079.629173

15079.633592

15079.635890

15079.638220

15079.639505

15079.640467

15079.641045

15079.641362

15079.641617

15079.641697

15079.641838

15079.641862

15079.641988

15079.642039

15079.642204

15079.642310

15079.642495

15079.642564

15079.642606

15079.642504

15079.642513

15079.642684

15079.642734

15079.642590

15079.642462

15079.642274

15079.642181

15079.642054

15079.642017

15079.641934

15079.641905

15079.641816

15079.641681

15079.641470

15079.640947

15079.640343

15079.638808

15079.637337

15079.633782

15079.631121

15079.624654

15079.621619

15079.612584

15079.611660

15079.602954

15079.606160

15079.608591

15079.615881

15079.631738

15079.636592

15079.636592

15079.631738

15079.615881

15079.608591

15079.606160

15079.602954

15079.611660

15079.612584

15079.621619

15079.624654

15079.631121

15079.633782

15079.637337

15079.638808

15079.640343

15079.640947

15079.641470

15079.641681

15079.641816

15079.641905

15079.641934

15079.642017

15079.642054

15079.642181

15079.642274

15079.642462

15079.642590

15079.642734

15079.642684

15079.642513

15079.642405

15079.642793

15079.642854

15079.642794

15079.642610

15079.642479

15079.642321

15079.642235

15079.642137

15079.642088

15079.642035

15079.641961

15079.641900

15079.641631

15079.641408

15079.640530

15079.639780

15079.637471

15079.635618

15079.630770

15079.627504

15079.619661

15079.615879

15079.607083

15079.605029

15079.602090

15079.603847

15079.612259

15079.616180

15079.623471

15079.623471

15079.616180

15079.612259

15079.603847

15079.602090

15079.605029

15079.607083

15079.615879

15079.619661

15079.627504

15079.630770

15079.635618

15079.637471

15079.639780

15079.640530

15079.641408

15079.641631

15079.641900

15079.641961

15079.642035

15079.642088

15079.642137

15079.642235

15079.642321

15079.642479

15079.642610

15079.642794

15079.642854

15079.642793

15079.642405

15079.642207

15079.642832

15079.643064

15079.642982

15079.642865

15079.642681

15079.642539

15079.642387

15079.642273

15079.642175

15079.642074

15079.642020

15079.641846

15079.641766

15079.641294

15079.640988

15079.639710

15079.638739

15079.635793

15079.633556

15079.628158

15079.624486

15079.617318

15079.613303

15079.608287

15079.606144

15079.608418

15079.609213

15079.615803

15079.616901

15079.616901

15079.615803

15079.609213

15079.608418

15079.606144

15079.608287

15079.613303

15079.617318

15079.624486

15079.628158

15079.633556

15079.635793

15079.638739

15079.639710

15079.640988

15079.641294

15079.641766

15079.641846

15079.642020

15079.642074

15079.642175

15079.642273

15079.642387

15079.642539

15079.642681

15079.642865

15079.642982

15079.643064

15079.642832

15079.642207

15079.641884

15079.642938

15079.643237

15079.643252

15079.643069

15079.642895

15079.642689

15079.642504

15079.642330

15079.642157

15079.642031

15079.641845

15079.641752

15079.641459

15079.641329

15079.640700

15079.640322

15079.638887

15079.637819

15079.634942

15079.632661

15079.628209

15079.624712

15079.620332

15079.616726

15079.615792

15079.613718

15079.617092

15079.616748

15079.619250

15079.619250

15079.616748

15079.617092

15079.613718

15079.615792

15079.616726

15079.620332

15079.624712

15079.628209

15079.632661

15079.634942

15079.637819

15079.638887

15079.640322

15079.640700

15079.641329

15079.641459

15079.641752

15079.641845

15079.642031

15079.642157

15079.642330

15079.642504

15079.642689

15079.642895

15079.643069

15079.643252

15079.643237

15079.642938

15079.641884

15079.641209

15079.643039

15079.643539

15079.643324

15079.643156

15079.642931

15079.642719

15079.642496

15079.642266

15079.642062

15079.641824

15079.641652

15079.641393

15079.641261

15079.640936

15079.640809

15079.640287

15079.639994

15079.638997

15079.638133

15079.636362

15079.634406

15079.632101

15079.628906

15079.627374

15079.623695

15079.624257

15079.621452

15079.623058

15079.622052

15079.622052

15079.623058

15079.621452

15079.624257

15079.623695

15079.627374

15079.628906

15079.632101

15079.634406

15079.636362

15079.638133

15079.638997

15079.639994

15079.640287

15079.640809

15079.640936

15079.641261

15079.641393

15079.641652

15079.641824

15079.642062

15079.642266

15079.642496

15079.642719

15079.642931

15079.643156

15079.643324

15079.643539

15079.643039

15079.641209

15079.640754

15079.643661

15079.643093

15079.642969

15079.642831

15079.642701

15079.642540

15079.642345

15079.642143

15079.641902

15079.641683

15079.641425

15079.641233

15079.641009

15079.640901

15079.640780

15079.640777

15079.640790

15079.640724

15079.640748

15079.640047

15079.639744

15079.637436

15079.636481

15079.631907

15079.630439

15079.624543

15079.623230

15079.618890

15079.618378

15079.618378

15079.618890

15079.623230

15079.624543

15079.630439

15079.631907

15079.636481

15079.637436

15079.639744

15079.640047

15079.640748

15079.640724

15079.640790

15079.640777

15079.640780

15079.640901

15079.641009

15079.641233

15079.641425

15079.641683

15079.641902

15079.642143

15079.642345

15079.642540

15079.642701

15079.642831

15079.642969

15079.643093

15079.643661

15079.640754

15079.637931

15079.640766

15079.641183

15079.641809

15079.642050

15079.642204

15079.642234

15079.642207

15079.642108

15079.641973

15079.641806

15079.641627

15079.641483

15079.641344

15079.641370

15079.641353

15079.641723

15079.641780

15079.642530

15079.642130

15079.642757

15079.640430

15079.639534

15079.633122

15079.629046

15079.617901

15079.611005

15079.599051

15079.593301

15079.587981

15079.587981

15079.593301

15079.599051

15079.611005

15079.617901

15079.629046

15079.633122

15079.639534

15079.640430

15079.642757

15079.642130

15079.642530

15079.641780

15079.641723

15079.641353

15079.641370

15079.641344

15079.641483

15079.641627

15079.641806

15079.641973

15079.642108

15079.642207

15079.642234

15079.642204

15079.642050

15079.641809

15079.641183

15079.640766

15079.637931

