AXIS X

0.000000 0.001000 0.002000 0.003000 0.004000 0.005000 0.006000 0.007000 0.008000 0.009000 0.010000 0.011000 0.012000 0.013000 0.014000 0.015000 0.016000 0.017000 0.018000 0.019000 0.020000 0.021000 0.022000 0.023000 0.024000 0.025000 0.026000 0.027000 0.028000 0.029000 

AXIS Y

0.000000 0.001000 0.002000 0.003000 0.004000 0.005000 0.006000 0.007000 0.008000 0.009000 0.010000 0.011000 0.012000 0.013000 0.014000 0.015000 0.016000 0.017000 0.018000 0.019000 0.020000 0.021000 0.022000 0.023000 0.024000 0.025000 0.026000 0.027000 0.028000 0.029000 



DATA
11512.925465

11512.925465

11512.925465

11512.925465

11512.925465

11512.925465

11512.925465

11512.925465

11512.925465

11512.925465

11512.925465

11512.925465

11512.925465

11512.925465

11512.925465

11512.925465

11512.925465

11512.925465

11512.925465

11512.925465

11512.925465

11512.925465

11512.925465

11512.925465

11512.925465

11512.925465

11512.925465

11512.925465

11512.925465

11512.925465

11512.925465

11512.925465

11512.925465

11512.925465

11512.925465

11512.925465

11512.925465

11512.925465

11512.925465

11512.925465

11512.925465

11512.925465

11512.925465

11512.925465

11512.925465

11512.925465

11512.925465

11512.925465

11512.925465

11512.925465

11512.925465

11512.925465

11512.925465

11512.925465

11512.925465

11512.925465

11512.925465

11512.925465

11512.925465

11512.925465

11512.925465

11512.925465

11512.925465

11512.925465

11512.925465

11512.925465

11512.925465

11512.925465

11512.925465

11512.925465

11512.925465

11512.925465

11512.925465

11512.925465

11512.925465

11512.925465

11512.925465

11512.925465

11512.925465

11512.925465

11512.925465

11512.925465

11512.925465

11512.925465

11512.925465

11512.925465

11512.925465

11512.925465

11512.925465

11512.925465

11512.925465

11512.925465

11512.925465

11512.925465

11512.925465

11512.925465

11512.925465

11512.925465

11512.925465

11512.925465

11512.925465

11512.925465

11512.925465

11512.925465

11512.925465

11512.925465

11512.925465

11512.925465

11512.925465

11512.925465

11512.925465

11512.925465

11512.925465

11512.925465

11512.925465

11512.925465

11512.925465

11512.925465

11512.925465

11512.925465

11512.925465

11512.925465

11512.925465

11512.925465

11512.925465

11512.925465

11512.925465

11512.925465

11512.925465

11512.925465

11512.925465

11512.925465

11512.925465

11512.925465

11512.925465

11512.925465

11512.925465

11512.925465

11512.925465

11512.925465

11512.925465

11512.925465

11512.925465

11512.925465

11512.925465

11512.925465

11512.925465

11512.925465

11512.925465

11512.925465

11512.925465

11512.925465

11512.925465

11512.925465

11512.925465

11512.925465

11512.925465

11512.925465

11512.925465

11512.925465

11512.925465

11512.925465

11512.925465

11512.925465

11512.925465

11512.925465

11512.925465

11512.925465

11512.925465

11512.925465

11512.925465

11512.925465

11512.925465

11512.925465

11512.925465

11512.925465

11512.925465

11512.925465

11512.925465

11512.925465

11512.925465

11512.925465

11512.925465

11512.925465

11512.925465

11512.925465

11512.925465

11512.925465

11512.925465

11512.925465

11512.925465

11512.925465

11512.925465

11512.925465

11512.925465

11512.925465

11512.925465

11512.925465

11512.925465

11512.925465

11512.925465

11512.925465

11512.925465

11512.925465

11512.925465

11512.925465

11512.925465

11512.925465

11512.925465

11512.925465

11512.925465

11512.925465

11512.925465

11512.925465

11512.925465

11512.925465

11512.925465

11512.925465

11512.925465

11512.925465

11512.925465

11512.925465

11512.925465

11512.925465

11512.925465

11512.925465

11512.925465

11512.925465

11512.925465

11512.925465

11512.925465

11512.925465

11512.925465

11512.925465

11512.925465

11512.925465

11512.925465

11512.925465

11512.925465

11512.925465

11512.925465

11512.925465

11512.925465

11512.925465

11512.925465

11512.925465

11512.925465

11512.925465

11512.925465

11512.925465

11512.925465

11512.925465

38786.353744

38277.481021

48380.162328

48380.162328

38277.481021

38786.353744

11512.925465

11512.925465

11512.925465

11512.925465

11512.925465

11512.925465

11512.925465

11512.925465

11512.925465

11512.925465

11512.925465

11512.925465

11512.925465

11512.925465

11512.925465

11512.925465

11512.925465

11512.925465

11512.925465

11512.925465

11512.925465

11512.925465

11512.925465

33712.585342

31426.252363

36967.189097

61838.918166

61838.918166

36967.189097

31426.252363

33712.585342

11512.925465

11512.925465

11512.925465

11512.925465

11512.925465

11512.925465

11512.925465

11512.925465

11512.925465

11512.925465

11512.925465

11512.925465

11512.925465

11512.925465

11512.925465

11512.925465

11512.925465

11512.925465

11512.925465

11512.925465

11512.925465

34376.737682

30534.212751

32351.291000

44199.656816

77628.579549

77628.579549

44199.656816

32351.291000

30534.212751

34376.737682

11512.925465

11512.925465

11512.925465

11512.925465

11512.925465

11512.925465

11512.925465

11512.925465

11512.925465

11512.925465

11512.925465

11512.925465

11512.925465

11512.925465

11512.925465

11512.925465

11512.925465

11512.925465

11512.925465

37288.705899

31822.644222

31345.378011

37308.432086

48958.228792

72782.755212

72782.755212

48958.228792

37308.432086

31345.378011

31822.644222

37288.705899

11512.925465

11512.925465

11512.925465

11512.925465

11512.925465

11512.925465

11512.925465

11512.925465

11512.925465

11512.925465

11512.925465

11512.925465

11512.925465

11512.925465

11512.925465

11512.925465

11512.925465

41690.597926

33307.617114

31255.523948

33690.530460

37864.564256

42632.040690

55407.479417

55407.479417

42632.040690

37864.564256

33690.530460

31255.523948

33307.617114

41690.597926

11512.925465

11512.925465

11512.925465

11512.925465

11512.925465

11512.925465

11512.925465

11512.925465

11512.925465

11512.925465

11512.925465

11512.925465

11512.925465

11512.925465

11512.925465

11512.925465

34852.399782

31746.225310

32206.369651

33648.245914

33220.220751

32982.103689

38039.086115

38039.086115

32982.103689

33220.220751

33648.245914

32206.369651

31746.225310

34852.399782

11512.925465

11512.925465

11512.925465

11512.925465

11512.925465

11512.925465

11512.925465

11512.925465

11512.925465

11512.925465

11512.925465

11512.925465

11512.925465

11512.925465

11512.925465

11512.925465

33651.230914

32026.634000

32648.361547

31345.905828

27882.826653

25556.688372

24434.168792

24434.168792

25556.688372

27882.826653

31345.905828

32648.361547

32026.634000

33651.230914

11512.925465

11512.925465

11512.925465

11512.925465

11512.925465

11512.925465

11512.925465

11512.925465

11512.925465

11512.925465

11512.925465

11512.925465

11512.925465

11512.925465

11512.925465

11512.925465

33563.739478

32392.542317

31924.674932

28478.116750

23847.456484

20905.273531

17724.099235

17724.099235

20905.273531

23847.456484

28478.116750

31924.674932

32392.542317

33563.739478

11512.925465

11512.925465

11512.925465

11512.925465

11512.925465

11512.925465

11512.925465

11512.925465

11512.925465

11512.925465

11512.925465

11512.925465

11512.925465

11512.925465

11512.925465

11512.925465

33183.391575

31741.319823

30855.337259

27244.962913

22882.942036

20506.624474

20162.712906

20162.712906

20506.624474

22882.942036

27244.962913

30855.337259

31741.319823

33183.391575

11512.925465

11512.925465

11512.925465

11512.925465

11512.925465

11512.925465

11512.925465

11512.925465

11512.925465

11512.925465

11512.925465

11512.925465

11512.925465

11512.925465

11512.925465

11512.925465

30918.906159

30597.372914

31313.579767

28862.258669

24310.652242

23350.461620

32484.704940

32484.704940

23350.461620

24310.652242

28862.258669

31313.579767

30597.372914

30918.906159

11512.925465

11512.925465

11512.925465

11512.925465

11512.925465

11512.925465

11512.925465

11512.925465

11512.925465

11512.925465

11512.925465

11512.925465

11512.925465

11512.925465

11512.925465

11512.925465

11512.925465

28536.720435

34314.761499

32364.024056

23421.995037

22792.295189

40799.492416

40799.492416

22792.295189

23421.995037

32364.024056

34314.761499

28536.720435

11512.925465

11512.925465

11512.925465

11512.925465

11512.925465

11512.925465

11512.925465

11512.925465

11512.925465

11512.925465

11512.925465

11512.925465

11512.925465

11512.925465

11512.925465

11512.925465

11512.925465

11512.925465

11512.925465

44020.347495

35052.350245

22977.185881

29103.542098

38883.587734

38883.587734

29103.542098

22977.185881

35052.350245

44020.347495

11512.925465

11512.925465

11512.925465

11512.925465

11512.925465

11512.925465

11512.925465

11512.925465

11512.925465

11512.925465

11512.925465

11512.925465

11512.925465

11512.925465

11512.925465

11512.925465

11512.925465

11512.925465

11512.925465

11512.925465

11512.925465

46876.866719

24016.548484

41307.673345

24413.081631

24413.081631

41307.673345

24016.548484

46876.866719

11512.925465

11512.925465

11512.925465

11512.925465

11512.925465

11512.925465

11512.925465

11512.925465

11512.925465

11512.925465

11512.925465

11512.925465

11512.925465

11512.925465

11512.925465

11512.925465

11512.925465

11512.925465

11512.925465

11512.925465

11512.925465

11512.925465

11512.925465

26783.655437

36070.037312

28757.412596

28757.412596

36070.037312

26783.655437

11512.925465

11512.925465

11512.925465

11512.925465

11512.925465

11512.925465

11512.925465

11512.925465

11512.925465

11512.925465

11512.925465

11512.925465

11512.925465

11512.925465

11512.925465

11512.925465

11512.925465

11512.925465

11512.925465

11512.925465

11512.925465

11512.925465

11512.925465

11512.925465

11512.925465

11512.925465

11512.925465

11512.925465

11512.925465

11512.925465

11512.925465

11512.925465

11512.925465

11512.925465

11512.925465

11512.925465

11512.925465

11512.925465

11512.925465

11512.925465

11512.925465

11512.925465

11512.925465

11512.925465

11512.925465

11512.925465

11512.925465

11512.925465

11512.925465

11512.925465

11512.925465

11512.925465

11512.925465

11512.925465

11512.925465

11512.925465

11512.925465

11512.925465

11512.925465

11512.925465

11512.925465

11512.925465

11512.925465

11512.925465

11512.925465

11512.925465

11512.925465

11512.925465

11512.925465

11512.925465

11512.925465

11512.925465

11512.925465

11512.925465

11512.925465

11512.925465

11512.925465

11512.925465

11512.925465

11512.925465

11512.925465

11512.925465

11512.925465

11512.925465

11512.925465

11512.925465

11512.925465

11512.925465

11512.925465

11512.925465

11512.925465

11512.925465

11512.925465

11512.925465

11512.925465

11512.925465

11512.925465

11512.925465

11512.925465

11512.925465

11512.925465

11512.925465

11512.925465

11512.925465

11512.925465

11512.925465

11512.925465

11512.925465

11512.925465

11512.925465

11512.925465

11512.925465

11512.925465

11512.925465

11512.925465

11512.925465

11512.925465

11512.925465

11512.925465

11512.925465

11512.925465

11512.925465

11512.925465

11512.925465

11512.925465

11512.925465

11512.925465

11512.925465

11512.925465

11512.925465

11512.925465

11512.925465

11512.925465

11512.925465

11512.925465

11512.925465

11512.925465

11512.925465

11512.925465

11512.925465

11512.925465

11512.925465

11512.925465

11512.925465

11512.925465

11512.925465

11512.925465

11512.925465

11512.925465

11512.925465

11512.925465

11512.925465

11512.925465

11512.925465

11512.925465

11512.925465

11512.925465

11512.925465

11512.925465

11512.925465

11512.925465

11512.925465

11512.925465

11512.925465

11512.925465

11512.925465

11512.925465

11512.925465

11512.925465

11512.925465

11512.925465

11512.925465

11512.925465

11512.925465

11512.925465

11512.925465

11512.925465

11512.925465

11512.925465

11512.925465

11512.925465

11512.925465

11512.925465

11512.925465

11512.925465

11512.925465

11512.925465

11512.925465

11512.925465

11512.925465

11512.925465

11512.925465

11512.925465

11512.925465

11512.925465

11512.925465

11512.925465

11512.925465

11512.925465

11512.925465

11512.925465

11512.925465

11512.925465

11512.925465

11512.925465

11512.925465

11512.925465

11512.925465

11512.925465

11512.925465

11512.925465

11512.925465

11512.925465

11512.925465

11512.925465

11512.925465

11512.925465

11512.925465

11512.925465

11512.925465

11512.925465

11512.925465

11512.925465

11512.925465

11512.925465

11512.925465

11512.925465

11512.925465

11512.925465

11512.925465

11512.925465

11512.925465

11512.925465

11512.925465

11512.925465

11512.925465

11512.925465

11512.925465

11512.925465

11512.925465

11512.925465

11512.925465

11512.925465

11512.925465

11512.925465

11512.925465

11512.925465

11512.925465

11512.925465

11512.925465

11512.925465

11512.925465

