AXIS X

0.000000 0.001000 0.002000 0.003000 0.004000 0.005000 0.006000 0.007000 0.008000 0.009000 0.010000 0.011000 0.012000 0.013000 0.014000 0.015000 0.016000 0.017000 0.018000 0.019000 0.020000 0.021000 0.022000 0.023000 0.024000 0.025000 0.026000 0.027000 0.028000 0.029000 

AXIS Y

0.000000 0.001000 0.002000 0.003000 0.004000 0.005000 0.006000 0.007000 0.008000 0.009000 0.010000 0.011000 0.012000 0.013000 0.014000 0.015000 0.016000 0.017000 0.018000 0.019000 0.020000 0.021000 0.022000 0.023000 0.024000 0.025000 0.026000 0.027000 0.028000 0.029000 



DATA
5000.000000

5000.000000

5000.000000

5000.000000

5000.000000

5000.000000

5000.000000

5000.000000

5000.000000

5000.000000

5000.000000

5000.000000

5000.000000

5000.000000

5000.000000

5000.000000

5000.000000

5000.000000

5000.000000

5000.000000

5000.000000

5000.000000

5000.000000

5000.000000

5000.000000

5000.000000

5000.000000

5000.000000

5000.000000

5000.000000

5000.000000

5000.000000

5000.000000

5000.000000

5000.000000

5000.000000

5000.000000

5000.000000

5000.000000

5000.000000

5000.000000

5000.000000

5000.000000

5000.000000

5000.000000

5000.000000

5000.000000

5000.000000

5000.000000

5000.000000

5000.000000

5000.000000

5000.000000

5000.000000

5000.000000

5000.000000

5000.000000

5000.000000

5000.000000

5000.000000

5000.000000

5000.000000

5000.000000

5000.000000

5000.000000

5000.000000

5000.000000

5000.000000

5000.000000

5000.000000

5000.000000

5000.000000

5000.000000

5000.000000

5000.000000

5000.000000

5000.000000

5000.000000

5000.000000

5000.000000

5000.000000

5000.000000

5000.000000

5000.000000

5000.000000

5000.000000

5000.000000

5000.000000

5000.000000

5000.000000

5000.000000

5000.000000

5000.000000

5000.000000

5000.000000

5000.000000

5000.000000

5000.000000

5000.000000

5000.000000

5000.000000

5000.000000

5000.000000

5000.000000

5000.000000

5000.000000

5000.000000

5000.000000

5000.000000

5000.000000

5000.000000

5000.000000

5000.000000

5000.000000

5000.000000

5000.000000

5000.000000

5000.000000

5000.000000

5000.000000

5000.000000

5000.000000

5000.000000

5000.000000

5000.000000

5000.000000

5000.000000

5000.000000

5000.000000

5000.000000

5000.000000

5000.000000

5000.000000

5000.000000

5000.000000

5000.000000

5000.000000

5000.000000

5000.000000

5000.000000

5000.000000

5000.000000

5000.000000

5000.000000

5000.000000

5000.000000

5000.000000

5000.000000

5000.000000

5000.000000

5000.000000

5000.000000

5000.000000

5000.000000

5000.000000

5000.000000

5000.000000

5000.000000

5000.000000

5000.000000

5000.000000

5000.000000

5000.000000

5000.000000

5000.000000

5000.000000

5000.000000

5000.000000

5000.000000

5000.000000

5000.000000

5000.000000

5000.000000

5000.000000

5000.000000

5000.000000

5000.000000

5000.000000

5000.000000

5000.000000

5000.000000

5000.000000

5000.000000

5000.000000

5000.000000

5000.000000

5000.000000

5000.000000

5000.000000

5000.000000

5000.000000

5000.000000

5000.000000

5000.000000

5000.000000

5000.000000

5000.000000

5000.000000

5000.000000

5000.000000

5000.000000

5000.000000

5000.000000

5000.000000

5000.000000

5000.000000

5000.000000

5000.000000

5000.000000

5000.000000

5000.000000

5000.000000

5000.000000

5000.000000

5000.000000

5000.000000

5000.000000

5000.000000

5000.000000

5000.000000

5000.000000

5000.000000

5000.000000

5000.000000

5000.000000

5000.000000

5000.000000

5000.000000

5000.000000

5000.000000

5000.000000

5000.000000

5000.000000

5000.000000

5000.000000

5000.000000

5000.000000

5000.000000

5000.000000

5000.000000

5000.000000

5000.000000

5000.000000

5000.000000

5000.000000

5000.000000

5000.000000

5000.000000

5000.000000

5000.000000

5000.000000

5000.000000

16844.699404

16623.698789

21011.237533

21011.237533

16623.698789

16844.699404

5000.000000

5000.000000

5000.000000

5000.000000

5000.000000

5000.000000

5000.000000

5000.000000

5000.000000

5000.000000

5000.000000

5000.000000

5000.000000

5000.000000

5000.000000

5000.000000

5000.000000

5000.000000

5000.000000

5000.000000

5000.000000

5000.000000

5000.000000

14641.189785

13648.247988

16054.646236

26856.300926

26856.300926

16054.646236

13648.247988

14641.189785

5000.000000

5000.000000

5000.000000

5000.000000

5000.000000

5000.000000

5000.000000

5000.000000

5000.000000

5000.000000

5000.000000

5000.000000

5000.000000

5000.000000

5000.000000

5000.000000

5000.000000

5000.000000

5000.000000

5000.000000

5000.000000

14929.627481

13260.840107

14049.987164

19195.667057

33713.663736

33713.663736

19195.667057

14049.987164

13260.840107

14929.627481

5000.000000

5000.000000

5000.000000

5000.000000

5000.000000

5000.000000

5000.000000

5000.000000

5000.000000

5000.000000

5000.000000

5000.000000

5000.000000

5000.000000

5000.000000

5000.000000

5000.000000

5000.000000

5000.000000

16194.279209

13820.398785

13613.124703

16202.846183

21262.288608

31609.148966

31609.148966

21262.288608

16202.846183

13613.124703

13820.398785

16194.279209

5000.000000

5000.000000

5000.000000

5000.000000

5000.000000

5000.000000

5000.000000

5000.000000

5000.000000

5000.000000

5000.000000

5000.000000

5000.000000

5000.000000

5000.000000

5000.000000

5000.000000

18105.996627

14465.314318

13574.101579

14631.611471

16444.371316

18514.860024

24063.162567

24063.162567

18514.860024

16444.371316

14631.611471

13574.101579

14465.314318

18105.996627

5000.000000

5000.000000

5000.000000

5000.000000

5000.000000

5000.000000

5000.000000

5000.000000

5000.000000

5000.000000

5000.000000

5000.000000

5000.000000

5000.000000

5000.000000

5000.000000

15136.204906

13787.210473

13987.048621

14613.247526

14427.358560

14323.945634

16520.165196

16520.165196

14323.945634

14427.358560

14613.247526

13987.048621

13787.210473

15136.204906

5000.000000

5000.000000

5000.000000

5000.000000

5000.000000

5000.000000

5000.000000

5000.000000

5000.000000

5000.000000

5000.000000

5000.000000

5000.000000

5000.000000

5000.000000

5000.000000

14614.543895

13908.990420

14179.003263

13613.353931

12109.357755

11099.128736

10611.624676

10611.624676

11099.128736

12109.357755

13613.353931

14179.003263

13908.990420

14614.543895

5000.000000

5000.000000

5000.000000

5000.000000

5000.000000

5000.000000

5000.000000

5000.000000

5000.000000

5000.000000

5000.000000

5000.000000

5000.000000

5000.000000

5000.000000

5000.000000

14576.546847

14067.902383

13864.710160

12367.888960

10356.818759

9079.044937

7697.478495

7697.478495

9079.044937

10356.818759

12367.888960

13864.710160

14067.902383

14576.546847

5000.000000

5000.000000

5000.000000

5000.000000

5000.000000

5000.000000

5000.000000

5000.000000

5000.000000

5000.000000

5000.000000

5000.000000

5000.000000

5000.000000

5000.000000

5000.000000

14411.363852

13785.080048

13400.302709

11832.337053

9937.935456

8905.913851

8756.554955

8756.554955

8905.913851

9937.935456

11832.337053

13400.302709

13785.080048

14411.363852

5000.000000

5000.000000

5000.000000

5000.000000

5000.000000

5000.000000

5000.000000

5000.000000

5000.000000

5000.000000

5000.000000

5000.000000

5000.000000

5000.000000

5000.000000

5000.000000

13427.910331

13288.270217

13599.314901

12534.719675

10557.982120

10140.976632

14107.928102

14107.928102

10140.976632

10557.982120

12534.719675

13599.314901

13288.270217

13427.910331

5000.000000

5000.000000

5000.000000

5000.000000

5000.000000

5000.000000

5000.000000

5000.000000

5000.000000

5000.000000

5000.000000

5000.000000

5000.000000

5000.000000

5000.000000

5000.000000

5000.000000

12393.340216

14902.711567

14055.517060

10172.043200

9898.568031

17718.994421

17718.994421

9898.568031

10172.043200

14055.517060

14902.711567

12393.340216

5000.000000

5000.000000

5000.000000

5000.000000

5000.000000

5000.000000

5000.000000

5000.000000

5000.000000

5000.000000

5000.000000

5000.000000

5000.000000

5000.000000

5000.000000

5000.000000

5000.000000

5000.000000

5000.000000

19117.794009

15223.042289

9978.865038

12639.507737

16886.927590

16886.927590

12639.507737

9978.865038

15223.042289

19117.794009

5000.000000

5000.000000

5000.000000

5000.000000

5000.000000

5000.000000

5000.000000

5000.000000

5000.000000

5000.000000

5000.000000

5000.000000

5000.000000

5000.000000

5000.000000

5000.000000

5000.000000

5000.000000

5000.000000

5000.000000

5000.000000

20358.364545

10430.254481

17939.694594

10602.466639

10602.466639

17939.694594

10430.254481

20358.364545

5000.000000

5000.000000

5000.000000

5000.000000

5000.000000

5000.000000

5000.000000

5000.000000

5000.000000

5000.000000

5000.000000

5000.000000

5000.000000

5000.000000

5000.000000

5000.000000

5000.000000

5000.000000

5000.000000

5000.000000

5000.000000

5000.000000

5000.000000

11631.993762

15665.018167

12489.185604

12489.185604

15665.018167

11631.993762

5000.000000

5000.000000

5000.000000

5000.000000

5000.000000

5000.000000

5000.000000

5000.000000

5000.000000

5000.000000

5000.000000

5000.000000

5000.000000

5000.000000

5000.000000

5000.000000

5000.000000

5000.000000

5000.000000

5000.000000

5000.000000

5000.000000

5000.000000

5000.000000

5000.000000

5000.000000

5000.000000

5000.000000

5000.000000

5000.000000

5000.000000

5000.000000

5000.000000

5000.000000

5000.000000

5000.000000

5000.000000

5000.000000

5000.000000

5000.000000

5000.000000

5000.000000

5000.000000

5000.000000

5000.000000

5000.000000

5000.000000

5000.000000

5000.000000

5000.000000

5000.000000

5000.000000

5000.000000

5000.000000

5000.000000

5000.000000

5000.000000

5000.000000

5000.000000

5000.000000

5000.000000

5000.000000

5000.000000

5000.000000

5000.000000

5000.000000

5000.000000

5000.000000

5000.000000

5000.000000

5000.000000

5000.000000

5000.000000

5000.000000

5000.000000

5000.000000

5000.000000

5000.000000

5000.000000

5000.000000

5000.000000

5000.000000

5000.000000

5000.000000

5000.000000

5000.000000

5000.000000

5000.000000

5000.000000

5000.000000

5000.000000

5000.000000

5000.000000

5000.000000

5000.000000

5000.000000

5000.000000

5000.000000

5000.000000

5000.000000

5000.000000

5000.000000

5000.000000

5000.000000

5000.000000

5000.000000

5000.000000

5000.000000

5000.000000

5000.000000

5000.000000

5000.000000

5000.000000

5000.000000

5000.000000

5000.000000

5000.000000

5000.000000

5000.000000

5000.000000

5000.000000

5000.000000

5000.000000

5000.000000

5000.000000

5000.000000

5000.000000

5000.000000

5000.000000

5000.000000

5000.000000

5000.000000

5000.000000

5000.000000

5000.000000

5000.000000

5000.000000

5000.000000

5000.000000

5000.000000

5000.000000

5000.000000

5000.000000

5000.000000

5000.000000

5000.000000

5000.000000

5000.000000

5000.000000

5000.000000

5000.000000

5000.000000

5000.000000

5000.000000

5000.000000

5000.000000

5000.000000

5000.000000

5000.000000

5000.000000

5000.000000

5000.000000

5000.000000

5000.000000

5000.000000

5000.000000

5000.000000

5000.000000

5000.000000

5000.000000

5000.000000

5000.000000

5000.000000

5000.000000

5000.000000

5000.000000

5000.000000

5000.000000

5000.000000

5000.000000

5000.000000

5000.000000

5000.000000

5000.000000

5000.000000

5000.000000

5000.000000

5000.000000

5000.000000

5000.000000

5000.000000

5000.000000

5000.000000

5000.000000

5000.000000

5000.000000

5000.000000

5000.000000

5000.000000

5000.000000

5000.000000

5000.000000

5000.000000

5000.000000

5000.000000

5000.000000

5000.000000

5000.000000

5000.000000

5000.000000

5000.000000

5000.000000

5000.000000

5000.000000

5000.000000

5000.000000

5000.000000

5000.000000

5000.000000

5000.000000

5000.000000

5000.000000

5000.000000

5000.000000

5000.000000

5000.000000

5000.000000

5000.000000

5000.000000

5000.000000

5000.000000

5000.000000

5000.000000

5000.000000

5000.000000

5000.000000

5000.000000

5000.000000

5000.000000

5000.000000

5000.000000

5000.000000

5000.000000

5000.000000

5000.000000

5000.000000

5000.000000

5000.000000

5000.000000

5000.000000

5000.000000

5000.000000

