AXIS X

0.000000 0.001000 0.002000 0.003000 0.004000 0.005000 0.006000 0.007000 0.008000 0.009000 0.010000 0.011000 0.012000 0.013000 0.014000 0.015000 0.016000 0.017000 0.018000 0.019000 0.020000 0.021000 0.022000 0.023000 0.024000 0.025000 0.026000 0.027000 0.028000 0.029000 

AXIS Y

0.000000 0.001000 0.002000 0.003000 0.004000 0.005000 0.006000 0.007000 0.008000 0.009000 0.010000 0.011000 0.012000 0.013000 0.014000 0.015000 0.016000 0.017000 0.018000 0.019000 0.020000 0.021000 0.022000 0.023000 0.024000 0.025000 0.026000 0.027000 0.028000 0.029000 



DATA
8680.541295

8680.541295

8680.541295

8680.541295

8680.541295

8680.541295

8680.541295

8680.541295

8680.541295

8680.541295

8680.541295

8680.541295

8680.541295

8680.541295

8680.541295

8680.541295

8680.541295

8680.541295

8680.541295

8680.541295

8680.541295

8680.541295

8680.541295

8680.541295

8680.541295

8680.541295

8680.541295

8680.541295

8680.541295

8680.541295

8680.541295

8680.541295

8680.541295

8680.541295

8680.541295

8680.541295

8680.541295

8680.541295

8680.541295

8680.541295

8680.541295

8680.541295

8680.541295

8680.541295

8680.541295

8680.541295

8680.541295

8680.541295

8680.541295

8680.541295

8680.541295

8680.541295

8680.541295

8680.541295

8680.541295

8680.541295

8680.541295

8680.541295

8680.541295

8680.541295

8680.541295

8680.541295

8680.541295

8680.541295

8680.541295

8680.541295

8680.541295

8680.541295

8680.541295

8680.541295

8680.541295

8680.541295

8680.541295

8680.541295

8680.541295

8680.541295

8680.541295

8680.541295

8680.541295

8680.541295

8680.541295

8680.541295

8680.541295

8680.541295

8680.541295

8680.541295

8680.541295

8680.541295

8680.541295

8680.541295

8680.541295

8680.541295

8680.541295

8680.541295

8680.541295

8680.541295

8680.541295

8680.541295

8680.541295

8680.541295

8680.541295

8680.541295

8680.541295

8680.541295

8680.541295

8680.541295

8680.541295

8680.541295

8680.541295

8680.541295

8680.541295

8680.541295

8680.541295

8680.541295

8680.541295

8680.541295

8680.541295

8680.541295

8680.541295

8680.541295

8680.541295

8680.541295

8680.541295

8680.541295

8680.541295

8680.541295

8680.541295

8680.541295

8680.541295

8680.541295

8680.541295

8680.541295

8680.541295

8680.541295

8680.541295

8680.541295

8680.541295

8680.541295

8680.541295

8680.541295

8680.541295

8680.541295

8680.541295

8680.541295

8680.541295

8680.541295

8680.541295

8680.541295

8680.541295

8680.541295

8680.541295

8680.541295

8680.541295

8680.541295

8680.541295

8680.541295

8680.541295

8680.541295

8680.541295

8680.541295

8680.541295

8680.541295

8680.541295

8680.541295

8680.541295

8680.541295

8680.541295

8680.541295

8680.541295

8680.541295

8680.541295

8680.541295

8680.541295

8680.541295

8680.541295

8680.541295

8680.541295

8680.541295

8680.541295

8680.541295

8680.541295

8680.541295

8680.541295

8680.541295

8680.541295

8680.541295

8680.541295

8680.541295

8680.541295

8680.541295

8680.541295

8680.541295

8680.541295

8680.541295

8680.541295

8680.541295

8680.541295

8680.541295

8680.541295

8680.541295

8680.541295

8680.541295

8680.541295

8680.541295

8680.541295

8680.541295

8680.541295

8680.541295

8680.541295

8680.541295

8680.541295

8680.541295

8680.541295

8680.541295

8680.541295

8680.541295

8680.541295

8680.541295

8680.541295

8680.541295

8680.541295

8680.541295

8680.541295

8680.541295

8680.541295

8680.541295

8680.541295

8680.541295

8680.541295

8680.541295

8680.541295

8680.541295

8680.541295

8680.541295

8680.541295

8680.541295

8680.541295

8680.541295

8680.541295

8680.541295

8680.541295

8680.541295

8680.541295

8680.541295

8680.541295

8680.541295

8680.541295

8680.541295

8680.541295

8680.541295

8680.541295

8680.541295

12549.777330

12937.980506

13747.918965

13747.918965

12937.980506

12549.777330

8680.541295

8680.541295

8680.541295

8680.541295

8680.541295

8680.541295

8680.541295

8680.541295

8680.541295

8680.541295

8680.541295

8680.541295

8680.541295

8680.541295

8680.541295

8680.541295

8680.541295

8680.541295

8680.541295

8680.541295

8680.541295

8680.541295

8680.541295

12552.288775

13441.217250

14525.474265

15703.286187

15703.286187

14525.474265

13441.217250

12552.288775

8680.541295

8680.541295

8680.541295

8680.541295

8680.541295

8680.541295

8680.541295

8680.541295

8680.541295

8680.541295

8680.541295

8680.541295

8680.541295

8680.541295

8680.541295

8680.541295

8680.541295

8680.541295

8680.541295

8680.541295

8680.541295

12513.441834

13406.071283

14476.872212

15461.737346

16317.033941

16317.033941

15461.737346

14476.872212

13406.071283

12513.441834

8680.541295

8680.541295

8680.541295

8680.541295

8680.541295

8680.541295

8680.541295

8680.541295

8680.541295

8680.541295

8680.541295

8680.541295

8680.541295

8680.541295

8680.541295

8680.541295

8680.541295

8680.541295

8680.541295

12440.072423

13146.868369

14024.038901

14823.704505

15432.551683

16369.922805

16369.922805

15432.551683

14823.704505

14024.038901

13146.868369

12440.072423

8680.541295

8680.541295

8680.541295

8680.541295

8680.541295

8680.541295

8680.541295

8680.541295

8680.541295

8680.541295

8680.541295

8680.541295

8680.541295

8680.541295

8680.541295

8680.541295

8680.541295

12281.899707

12795.971384

13439.777384

14121.082735

14734.387809

15794.922134

17888.371339

17888.371339

15794.922134

14734.387809

14121.082735

13439.777384

12795.971384

12281.899707

8680.541295

8680.541295

8680.541295

8680.541295

8680.541295

8680.541295

8680.541295

8680.541295

8680.541295

8680.541295

8680.541295

8680.541295

8680.541295

8680.541295

8680.541295

8680.541295

12502.958007

12947.604968

13490.925696

13958.353768

14857.169356

16906.931304

20991.348868

20991.348868

16906.931304

14857.169356

13958.353768

13490.925696

12947.604968

12502.958007

8680.541295

8680.541295

8680.541295

8680.541295

8680.541295

8680.541295

8680.541295

8680.541295

8680.541295

8680.541295

8680.541295

8680.541295

8680.541295

8680.541295

8680.541295

8680.541295

12676.058943

13078.068615

13398.216629

13852.842926

15165.978588

18069.024410

23828.898091

23828.898091

18069.024410

15165.978588

13852.842926

13398.216629

13078.068615

12676.058943

8680.541295

8680.541295

8680.541295

8680.541295

8680.541295

8680.541295

8680.541295

8680.541295

8680.541295

8680.541295

8680.541295

8680.541295

8680.541295

8680.541295

8680.541295

8680.541295

12740.496744

13068.645298

13286.085559

13832.163332

15410.020586

18781.235132

24057.543113

24057.543113

18781.235132

15410.020586

13832.163332

13286.085559

13068.645298

12740.496744

8680.541295

8680.541295

8680.541295

8680.541295

8680.541295

8680.541295

8680.541295

8680.541295

8680.541295

8680.541295

8680.541295

8680.541295

8680.541295

8680.541295

8680.541295

8680.541295

12682.881767

13005.335998

13257.459134

13851.680697

15529.792386

19367.103314

23611.186354

23611.186354

19367.103314

15529.792386

13851.680697

13257.459134

13005.335998

12682.881767

8680.541295

8680.541295

8680.541295

8680.541295

8680.541295

8680.541295

8680.541295

8680.541295

8680.541295

8680.541295

8680.541295

8680.541295

8680.541295

8680.541295

8680.541295

8680.541295

12457.747333

13001.211372

13371.975478

13708.674613

15213.501037

19625.434423

23144.036157

23144.036157

19625.434423

15213.501037

13708.674613

13371.975478

13001.211372

12457.747333

8680.541295

8680.541295

8680.541295

8680.541295

8680.541295

8680.541295

8680.541295

8680.541295

8680.541295

8680.541295

8680.541295

8680.541295

8680.541295

8680.541295

8680.541295

8680.541295

8680.541295

13453.285603

13435.077089

13096.431375

14639.188941

20149.262450

21075.198542

21075.198542

20149.262450

14639.188941

13096.431375

13435.077089

13453.285603

8680.541295

8680.541295

8680.541295

8680.541295

8680.541295

8680.541295

8680.541295

8680.541295

8680.541295

8680.541295

8680.541295

8680.541295

8680.541295

8680.541295

8680.541295

8680.541295

8680.541295

8680.541295

8680.541295

14074.996542

12071.014558

14373.314120

20525.054830

20298.009745

20298.009745

20525.054830

14373.314120

12071.014558

14074.996542

8680.541295

8680.541295

8680.541295

8680.541295

8680.541295

8680.541295

8680.541295

8680.541295

8680.541295

8680.541295

8680.541295

8680.541295

8680.541295

8680.541295

8680.541295

8680.541295

8680.541295

8680.541295

8680.541295

8680.541295

8680.541295

10945.012753

13918.540828

18235.241437

7382.987958

7382.987958

18235.241437

13918.540828

10945.012753

8680.541295

8680.541295

8680.541295

8680.541295

8680.541295

8680.541295

8680.541295

8680.541295

8680.541295

8680.541295

8680.541295

8680.541295

8680.541295

8680.541295

8680.541295

8680.541295

8680.541295

8680.541295

8680.541295

8680.541295

8680.541295

8680.541295

8680.541295

12547.748720

16111.643828

10195.933304

10195.933304

16111.643828

12547.748720

8680.541295

8680.541295

8680.541295

8680.541295

8680.541295

8680.541295

8680.541295

8680.541295

8680.541295

8680.541295

8680.541295

8680.541295

8680.541295

8680.541295

8680.541295

8680.541295

8680.541295

8680.541295

8680.541295

8680.541295

8680.541295

8680.541295

8680.541295

8680.541295

8680.541295

8680.541295

8680.541295

8680.541295

8680.541295

8680.541295

8680.541295

8680.541295

8680.541295

8680.541295

8680.541295

8680.541295

8680.541295

8680.541295

8680.541295

8680.541295

8680.541295

8680.541295

8680.541295

8680.541295

8680.541295

8680.541295

8680.541295

8680.541295

8680.541295

8680.541295

8680.541295

8680.541295

8680.541295

8680.541295

8680.541295

8680.541295

8680.541295

8680.541295

8680.541295

8680.541295

8680.541295

8680.541295

8680.541295

8680.541295

8680.541295

8680.541295

8680.541295

8680.541295

8680.541295

8680.541295

8680.541295

8680.541295

8680.541295

8680.541295

8680.541295

8680.541295

8680.541295

8680.541295

8680.541295

8680.541295

8680.541295

8680.541295

8680.541295

8680.541295

8680.541295

8680.541295

8680.541295

8680.541295

8680.541295

8680.541295

8680.541295

8680.541295

8680.541295

8680.541295

8680.541295

8680.541295

8680.541295

8680.541295

8680.541295

8680.541295

8680.541295

8680.541295

8680.541295

8680.541295

8680.541295

8680.541295

8680.541295

8680.541295

8680.541295

8680.541295

8680.541295

8680.541295

8680.541295

8680.541295

8680.541295

8680.541295

8680.541295

8680.541295

8680.541295

8680.541295

8680.541295

8680.541295

8680.541295

8680.541295

8680.541295

8680.541295

8680.541295

8680.541295

8680.541295

8680.541295

8680.541295

8680.541295

8680.541295

8680.541295

8680.541295

8680.541295

8680.541295

8680.541295

8680.541295

8680.541295

8680.541295

8680.541295

8680.541295

8680.541295

8680.541295

8680.541295

8680.541295

8680.541295

8680.541295

8680.541295

8680.541295

8680.541295

8680.541295

8680.541295

8680.541295

8680.541295

8680.541295

8680.541295

8680.541295

8680.541295

8680.541295

8680.541295

8680.541295

8680.541295

8680.541295

8680.541295

8680.541295

8680.541295

8680.541295

8680.541295

8680.541295

8680.541295

8680.541295

8680.541295

8680.541295

8680.541295

8680.541295

8680.541295

8680.541295

8680.541295

8680.541295

8680.541295

8680.541295

8680.541295

8680.541295

8680.541295

8680.541295

8680.541295

8680.541295

8680.541295

8680.541295

8680.541295

8680.541295

8680.541295

8680.541295

8680.541295

8680.541295

8680.541295

8680.541295

8680.541295

8680.541295

8680.541295

8680.541295

8680.541295

8680.541295

8680.541295

8680.541295

8680.541295

8680.541295

8680.541295

8680.541295

8680.541295

8680.541295

8680.541295

8680.541295

8680.541295

8680.541295

8680.541295

8680.541295

8680.541295

8680.541295

8680.541295

8680.541295

8680.541295

8680.541295

8680.541295

8680.541295

8680.541295

8680.541295

8680.541295

8680.541295

8680.541295

8680.541295

8680.541295

8680.541295

8680.541295

8680.541295

8680.541295

8680.541295

8680.541295

8680.541295

8680.541295

8680.541295

8680.541295

8680.541295

8680.541295

8680.541295

8680.541295

8680.541295

8680.541295

8680.541295

8680.541295

