AXIS X

0.000000 0.001000 0.002000 0.003000 0.004000 0.005000 0.006000 0.007000 0.008000 0.009000 0.010000 0.011000 0.012000 0.013000 0.014000 0.015000 0.016000 0.017000 0.018000 0.019000 0.020000 0.021000 0.022000 0.023000 0.024000 0.025000 0.026000 0.027000 0.028000 0.029000 

AXIS Y

0.000000 0.001000 0.002000 0.003000 0.004000 0.005000 0.006000 0.007000 0.008000 0.009000 0.010000 0.011000 0.012000 0.013000 0.014000 0.015000 0.016000 0.017000 0.018000 0.019000 0.020000 0.021000 0.022000 0.023000 0.024000 0.025000 0.026000 0.027000 0.028000 0.029000 



DATA
3769.911184

3769.911184

3769.911184

3769.911184

3769.911184

3769.911184

3769.911184

3769.911184

3769.911184

3769.911184

3769.911184

3769.911184

3769.911184

3769.911184

3769.911184

3769.911184

3769.911184

3769.911184

3769.911184

3769.911184

3769.911184

3769.911184

3769.911184

3769.911184

3769.911184

3769.911184

3769.911184

3769.911184

3769.911184

3769.911184

3769.911184

3769.911184

3769.911184

3769.911184

3769.911184

3769.911184

3769.911184

3769.911184

3769.911184

3769.911184

3769.911184

3769.911184

3769.911184

3769.911184

3769.911184

3769.911184

3769.911184

3769.911184

3769.911184

3769.911184

3769.911184

3769.911184

3769.911184

3769.911184

3769.911184

3769.911184

3769.911184

3769.911184

3769.911184

3769.911184

3769.911184

3769.911184

3769.911184

3769.911184

3769.911184

3769.911184

3769.911184

3769.911184

3769.911184

3769.911184

3769.911184

3769.911184

3769.911184

3769.911184

3769.911184

3769.911184

3769.911184

3769.911184

3769.911184

3769.911184

3769.911184

3769.911184

3769.911184

3769.911184

3769.911184

3769.911184

3769.911184

3769.911184

3769.911184

3769.911184

3769.911184

3769.911184

3769.911184

3769.911184

3769.911184

3769.911184

3769.911184

3769.911184

3769.911184

3769.911184

3769.911184

3769.911184

3769.911184

3769.911184

3769.911184

3769.911184

3769.911184

3769.911184

3769.911184

3769.911184

3769.911184

3769.911184

3769.911184

3769.911184

3769.911184

3769.911184

3769.911184

3769.911184

3769.911184

3769.911184

3769.911184

3769.911184

3769.911184

3769.911184

3769.911184

3769.911184

3769.911184

3769.911184

3769.911184

3769.911184

3769.911184

3769.911184

3769.911184

3769.911184

3769.911184

3769.911184

3769.911184

3769.911184

3769.911184

3769.911184

3769.911184

3769.911184

3769.911184

3769.911184

3769.911184

3769.911184

3769.911184

3769.911184

3769.911184

3769.911184

3769.911184

3769.911184

3769.911184

3769.911184

3769.911184

3769.911184

3769.911184

3769.911184

3769.911184

3769.911184

3769.911184

3769.911184

3769.911184

3769.911184

3769.911184

3769.911184

3769.911184

3769.911184

3769.911184

3769.911184

3769.911184

3769.911184

3769.911184

3769.911184

3769.911184

3769.911184

3769.911184

3769.911184

3769.911184

3769.911184

3769.911184

3769.911184

3769.911184

3769.911184

3769.911184

3769.911184

3769.911184

3769.911184

3769.911184

3769.911184

3769.911184

3769.911184

3769.911184

3769.911184

3769.911184

3769.911184

3769.911184

3769.911184

3769.911184

3769.911184

3769.911184

3769.911184

3769.911184

3769.911184

3769.911184

3769.911184

3769.911184

3769.911184

3769.911184

3769.911184

3769.911184

3769.911184

3769.911184

3769.911184

3769.911184

3769.911184

3769.911184

3769.911184

3769.911184

3769.911184

3769.911184

3769.911184

3769.911184

3769.911184

3769.911184

3769.911184

3769.911184

3769.911184

3769.911184

3769.911184

3769.911184

3769.911184

3769.911184

3769.911184

3769.911184

3769.911184

3769.911184

3769.911184

3769.911184

3769.911184

3769.911184

3769.911184

3769.911184

3769.911184

3769.911184

3769.911184

3769.911184

3769.911184

3769.911184

3769.911184

3769.911184

3769.911184

5450.299043

5618.893541

5970.645344

5970.645344

5618.893541

5450.299043

3769.911184

3769.911184

3769.911184

3769.911184

3769.911184

3769.911184

3769.911184

3769.911184

3769.911184

3769.911184

3769.911184

3769.911184

3769.911184

3769.911184

3769.911184

3769.911184

3769.911184

3769.911184

3769.911184

3769.911184

3769.911184

3769.911184

3769.911184

5451.389750

5837.446482

6308.333320

6819.850539

6819.850539

6308.333320

5837.446482

5451.389750

3769.911184

3769.911184

3769.911184

3769.911184

3769.911184

3769.911184

3769.911184

3769.911184

3769.911184

3769.911184

3769.911184

3769.911184

3769.911184

3769.911184

3769.911184

3769.911184

3769.911184

3769.911184

3769.911184

3769.911184

3769.911184

5434.518738

5822.182782

6287.225717

6714.947210

7086.397802

7086.397802

6714.947210

6287.225717

5822.182782

5434.518738

3769.911184

3769.911184

3769.911184

3769.911184

3769.911184

3769.911184

3769.911184

3769.911184

3769.911184

3769.911184

3769.911184

3769.911184

3769.911184

3769.911184

3769.911184

3769.911184

3769.911184

3769.911184

3769.911184

5402.654808

5709.612387

6090.562709

6437.853068

6702.272038

7109.367143

7109.367143

6702.272038

6437.853068

6090.562709

5709.612387

5402.654808

3769.911184

3769.911184

3769.911184

3769.911184

3769.911184

3769.911184

3769.911184

3769.911184

3769.911184

3769.911184

3769.911184

3769.911184

3769.911184

3769.911184

3769.911184

3769.911184

3769.911184

5333.961270

5557.219762

5836.821156

6132.708310

6399.063320

6859.647525

7768.820963

7768.820963

6859.647525

6399.063320

6132.708310

5836.821156

5557.219762

5333.961270

3769.911184

3769.911184

3769.911184

3769.911184

3769.911184

3769.911184

3769.911184

3769.911184

3769.911184

3769.911184

3769.911184

3769.911184

3769.911184

3769.911184

3769.911184

3769.911184

5429.965670

5623.073391

5859.034585

6062.036018

6452.386668

7342.586971

9116.426981

9116.426981

7342.586971

6452.386668

6062.036018

5859.034585

5623.073391

5429.965670

3769.911184

3769.911184

3769.911184

3769.911184

3769.911184

3769.911184

3769.911184

3769.911184

3769.911184

3769.911184

3769.911184

3769.911184

3769.911184

3769.911184

3769.911184

3769.911184

5505.142451

5679.733033

5818.771550

6016.213241

6586.500813

7847.277595

10348.758951

10348.758951

7847.277595

6586.500813

6016.213241

5818.771550

5679.733033

5505.142451

3769.911184

3769.911184

3769.911184

3769.911184

3769.911184

3769.911184

3769.911184

3769.911184

3769.911184

3769.911184

3769.911184

3769.911184

3769.911184

3769.911184

3769.911184

3769.911184

5533.127433

5675.640539

5770.073644

6007.232208

6692.486907

8156.586781

10448.058222

10448.058222

8156.586781

6692.486907

6007.232208

5770.073644

5675.640539

5533.127433

3769.911184

3769.911184

3769.911184

3769.911184

3769.911184

3769.911184

3769.911184

3769.911184

3769.911184

3769.911184

3769.911184

3769.911184

3769.911184

3769.911184

3769.911184

3769.911184

5508.105566

5648.145659

5757.641346

6015.708492

6744.503138

8411.026100

10254.207945

10254.207945

8411.026100

6744.503138

6015.708492

5757.641346

5648.145659

5508.105566

3769.911184

3769.911184

3769.911184

3769.911184

3769.911184

3769.911184

3769.911184

3769.911184

3769.911184

3769.911184

3769.911184

3769.911184

3769.911184

3769.911184

3769.911184

3769.911184

5410.330924

5646.354357

5807.375162

5953.601739

6607.139551

8523.217875

10051.327192

10051.327192

8523.217875

6607.139551

5953.601739

5807.375162

5646.354357

5410.330924

3769.911184

3769.911184

3769.911184

3769.911184

3769.911184

3769.911184

3769.911184

3769.911184

3769.911184

3769.911184

3769.911184

3769.911184

3769.911184

3769.911184

3769.911184

3769.911184

3769.911184

5842.687701

5834.779844

5687.707879

6357.718977

8750.713496

9152.842432

9152.842432

8750.713496

6357.718977

5687.707879

5834.779844

5842.687701

3769.911184

3769.911184

3769.911184

3769.911184

3769.911184

3769.911184

3769.911184

3769.911184

3769.911184

3769.911184

3769.911184

3769.911184

3769.911184

3769.911184

3769.911184

3769.911184

3769.911184

3769.911184

3769.911184

6112.693331

5242.375014

6242.251009

8913.918054

8815.313626

8815.313626

8913.918054

6242.251009

5242.375014

6112.693331

3769.911184

3769.911184

3769.911184

3769.911184

3769.911184

3769.911184

3769.911184

3769.911184

3769.911184

3769.911184

3769.911184

3769.911184

3769.911184

3769.911184

3769.911184

3769.911184

3769.911184

3769.911184

3769.911184

3769.911184

3769.911184

4753.358643

6044.745478

7919.464732

3206.390930

3206.390930

7919.464732

6044.745478

4753.358643

3769.911184

3769.911184

3769.911184

3769.911184

3769.911184

3769.911184

3769.911184

3769.911184

3769.911184

3769.911184

3769.911184

3769.911184

3769.911184

3769.911184

3769.911184

3769.911184

3769.911184

3769.911184

3769.911184

3769.911184

3769.911184

3769.911184

3769.911184

5449.418030

6997.198009

4428.037572

4428.037572

6997.198009

5449.418030

3769.911184

3769.911184

3769.911184

3769.911184

3769.911184

3769.911184

3769.911184

3769.911184

3769.911184

3769.911184

3769.911184

3769.911184

3769.911184

3769.911184

3769.911184

3769.911184

3769.911184

3769.911184

3769.911184

3769.911184

3769.911184

3769.911184

3769.911184

3769.911184

3769.911184

3769.911184

3769.911184

3769.911184

3769.911184

3769.911184

3769.911184

3769.911184

3769.911184

3769.911184

3769.911184

3769.911184

3769.911184

3769.911184

3769.911184

3769.911184

3769.911184

3769.911184

3769.911184

3769.911184

3769.911184

3769.911184

3769.911184

3769.911184

3769.911184

3769.911184

3769.911184

3769.911184

3769.911184

3769.911184

3769.911184

3769.911184

3769.911184

3769.911184

3769.911184

3769.911184

3769.911184

3769.911184

3769.911184

3769.911184

3769.911184

3769.911184

3769.911184

3769.911184

3769.911184

3769.911184

3769.911184

3769.911184

3769.911184

3769.911184

3769.911184

3769.911184

3769.911184

3769.911184

3769.911184

3769.911184

3769.911184

3769.911184

3769.911184

3769.911184

3769.911184

3769.911184

3769.911184

3769.911184

3769.911184

3769.911184

3769.911184

3769.911184

3769.911184

3769.911184

3769.911184

3769.911184

3769.911184

3769.911184

3769.911184

3769.911184

3769.911184

3769.911184

3769.911184

3769.911184

3769.911184

3769.911184

3769.911184

3769.911184

3769.911184

3769.911184

3769.911184

3769.911184

3769.911184

3769.911184

3769.911184

3769.911184

3769.911184

3769.911184

3769.911184

3769.911184

3769.911184

3769.911184

3769.911184

3769.911184

3769.911184

3769.911184

3769.911184

3769.911184

3769.911184

3769.911184

3769.911184

3769.911184

3769.911184

3769.911184

3769.911184

3769.911184

3769.911184

3769.911184

3769.911184

3769.911184

3769.911184

3769.911184

3769.911184

3769.911184

3769.911184

3769.911184

3769.911184

3769.911184

3769.911184

3769.911184

3769.911184

3769.911184

3769.911184

3769.911184

3769.911184

3769.911184

3769.911184

3769.911184

3769.911184

3769.911184

3769.911184

3769.911184

3769.911184

3769.911184

3769.911184

3769.911184

3769.911184

3769.911184

3769.911184

3769.911184

3769.911184

3769.911184

3769.911184

3769.911184

3769.911184

3769.911184

3769.911184

3769.911184

3769.911184

3769.911184

3769.911184

3769.911184

3769.911184

3769.911184

3769.911184

3769.911184

3769.911184

3769.911184

3769.911184

3769.911184

3769.911184

3769.911184

3769.911184

3769.911184

3769.911184

3769.911184

3769.911184

3769.911184

3769.911184

3769.911184

3769.911184

3769.911184

3769.911184

3769.911184

3769.911184

3769.911184

3769.911184

3769.911184

3769.911184

3769.911184

3769.911184

3769.911184

3769.911184

3769.911184

3769.911184

3769.911184

3769.911184

3769.911184

3769.911184

3769.911184

3769.911184

3769.911184

3769.911184

3769.911184

3769.911184

3769.911184

3769.911184

3769.911184

3769.911184

3769.911184

3769.911184

3769.911184

3769.911184

3769.911184

3769.911184

3769.911184

3769.911184

3769.911184

3769.911184

3769.911184

3769.911184

3769.911184

3769.911184

3769.911184

3769.911184

3769.911184

3769.911184

3769.911184

3769.911184

3769.911184

3769.911184

3769.911184

