AXIS X

0.000000 0.000500 0.001000 0.001500 0.002000 0.002500 0.003000 0.003500 0.004000 0.004500 0.005000 0.005500 0.006000 0.006500 0.007000 0.007500 0.008000 0.008500 0.009000 0.009500 0.010000 0.010500 0.011000 0.011500 0.012000 0.012500 0.013000 0.013500 0.014000 0.014500 0.015000 0.015500 0.016000 0.016500 0.017000 0.017500 0.018000 0.018500 0.019000 0.019500 0.020000 0.020500 0.021000 0.021500 0.022000 0.022500 0.023000 0.023500 0.024000 0.024500 0.025000 0.025500 0.026000 0.026500 0.027000 0.027500 0.028000 0.028500 0.029000 0.029500 

AXIS Y

0.000000 0.000500 0.001000 0.001500 0.002000 0.002500 0.003000 0.003500 0.004000 0.004500 0.005000 0.005500 0.006000 0.006500 0.007000 0.007500 0.008000 0.008500 0.009000 0.009500 0.010000 0.010500 0.011000 0.011500 0.012000 0.012500 0.013000 0.013500 0.014000 0.014500 0.015000 0.015500 0.016000 0.016500 0.017000 0.017500 0.018000 0.018500 0.019000 0.019500 0.020000 0.020500 0.021000 0.021500 0.022000 0.022500 0.023000 0.023500 0.024000 0.024500 0.025000 0.025500 0.026000 0.026500 0.027000 0.027500 0.028000 0.028500 0.029000 0.029500 



DATA
27244.410890

27236.352939

27234.502040

27231.950141

27230.520024

27229.535055

27228.926949

27228.517945

27228.268616

27228.073398

27228.023939

27228.024350

27228.294031

27228.722115

27229.678642

27231.034738

27233.355109

27236.474466

27241.185408

27247.213345

27255.580588

27265.761947

27278.994347

27294.323591

27313.221904

27334.105092

27358.682293

27383.935587

27411.867435

27426.639982

27426.639982

27411.867435

27383.935587

27358.682293

27334.105092

27313.221904

27294.323591

27278.994347

27265.761947

27255.580588

27247.213345

27241.185408

27236.474466

27233.355109

27231.034738

27229.678642

27228.722115

27228.294031

27228.024350

27228.023939

27228.073398

27228.268616

27228.517945

27228.926949

27229.535055

27230.520024

27231.950141

27234.502040

27236.352939

27244.410890

27236.413049

27228.818348

27231.363571

27231.334543

27230.995138

27230.262444

27229.658423

27229.096229

27228.693029

27228.355704

27228.127983

27227.967461

27227.924964

27228.026858

27228.344938

27228.993306

27230.061120

27231.772424

27234.199126

27237.684769

27242.187794

27248.157158

27255.265353

27264.040462

27273.654942

27284.731999

27295.807055

27307.965959

27319.128900

27329.099182

27329.099182

27319.128900

27307.965959

27295.807055

27284.731999

27273.654942

27264.040462

27255.265353

27248.157158

27242.187794

27237.684769

27234.199126

27231.772424

27230.061120

27228.993306

27228.344938

27228.026858

27227.924964

27227.967461

27228.127983

27228.355704

27228.693029

27229.096229

27229.658423

27230.262444

27230.995138

27231.334543

27231.363571

27228.818348

27236.413049

27235.630713

27230.081075

27229.191343

27230.596963

27230.759692

27230.618788

27230.055236

27229.590157

27229.095967

27228.770136

27228.430465

27228.214393

27227.954515

27227.817009

27227.670649

27227.724385

27227.897956

27228.432619

27229.328188

27230.816150

27233.022409

27236.066991

27240.258081

27245.421799

27252.089036

27259.530511

27268.394532

27276.905346

27283.047000

27278.852487

27278.852487

27283.047000

27276.905346

27268.394532

27259.530511

27252.089036

27245.421799

27240.258081

27236.066991

27233.022409

27230.816150

27229.328188

27228.432619

27227.897956

27227.724385

27227.670649

27227.817009

27227.954515

27228.214393

27228.430465

27228.770136

27229.095967

27229.590157

27230.055236

27230.618788

27230.759692

27230.596963

27229.191343

27230.081075

27235.630713

27234.095828

27230.807890

27229.106828

27229.410574

27230.106062

27230.095639

27229.892403

27229.425826

27229.108421

27228.747908

27228.579083

27228.334716

27228.243984

27228.033142

27227.984616

27227.832078

27227.915633

27227.997807

27228.464333

27229.175712

27230.518700

27232.576399

27235.600924

27240.017822

27245.601120

27252.993471

27260.667757

27268.189859

27270.998657

27270.078016

27270.078016

27270.998657

27268.189859

27260.667757

27252.993471

27245.601120

27240.017822

27235.600924

27232.576399

27230.518700

27229.175712

27228.464333

27227.997807

27227.915633

27227.832078

27227.984616

27228.033142

27228.243984

27228.334716

27228.579083

27228.747908

27229.108421

27229.425826

27229.892403

27230.095639

27230.106062

27229.410574

27229.106828

27230.807890

27234.095828

27233.652610

27231.272608

27229.433080

27229.016349

27229.251858

27229.450872

27229.221768

27228.962604

27228.569907

27228.396272

27228.182416

27228.211323

27228.151718

27228.323465

27228.368361

27228.669340

27228.846004

27229.339557

27229.791527

27230.683608

27231.813389

27233.623659

27236.270814

27239.887567

27245.070582

27250.948783

27258.030570

27263.226917

27266.352626

27261.842949

27261.842949

27266.352626

27263.226917

27258.030570

27250.948783

27245.070582

27239.887567

27236.270814

27233.623659

27231.813389

27230.683608

27229.791527

27229.339557

27228.846004

27228.669340

27228.368361

27228.323465

27228.151718

27228.211323

27228.182416

27228.396272

27228.569907

27228.962604

27229.221768

27229.450872

27229.251858

27229.016349

27229.433080

27231.272608

27233.652610

27233.345954

27231.661011

27229.804303

27228.913574

27228.816228

27228.789103

27228.672778

27228.292247

27228.023551

27227.703006

27227.676355

27227.633865

27227.917112

27228.146226

27228.716158

27229.190069

27230.018454

27230.708998

27231.754038

27232.688553

27234.004549

27235.476391

27237.433264

27240.155302

27243.369504

27247.886923

27252.068782

27256.819727

27258.848137

27258.895927

27258.895927

27258.848137

27256.819727

27252.068782

27247.886923

27243.369504

27240.155302

27237.433264

27235.476391

27234.004549

27232.688553

27231.754038

27230.708998

27230.018454

27229.190069

27228.716158

27228.146226

27227.917112

27227.633865

27227.676355

27227.703006

27228.023551

27228.292247

27228.672778

27228.789103

27228.816228

27228.913574

27229.804303

27231.661011

27233.345954

27233.219924

27231.923041

27230.058147

27228.935061

27228.514585

27228.423093

27228.169181

27227.881158

27227.436418

27227.217788

27227.003260

27227.160177

27227.339638

27227.935108

27228.514806

27229.523443

27230.429842

27231.721550

27232.776296

27234.100699

27235.117206

27236.266926

27237.321619

27238.419736

27240.039107

27241.611751

27244.407511

27246.921499

27250.453144

27251.803013

27251.803013

27250.453144

27246.921499

27244.407511

27241.611751

27240.039107

27238.419736

27237.321619

27236.266926

27235.117206

27234.100699

27232.776296

27231.721550

27230.429842

27229.523443

27228.514806

27227.935108

27227.339638

27227.160177

27227.003260

27227.217788

27227.436418

27227.881158

27228.169181

27228.423093

27228.514585

27228.935061

27230.058147

27231.923041

27233.219924

27233.212224

27232.100737

27230.224801

27228.871830

27228.341294

27228.099589

27227.924770

27227.521540

27227.180607

27226.761766

27226.659291

27226.595927

27226.962717

27227.365990

27228.234262

27229.061940

27230.331905

27231.387885

27232.766651

27233.685509

27234.704419

27235.114577

27235.382743

27235.288488

27235.001623

27235.234016

27235.764174

27238.017609

27241.362876

27246.622307

27246.622307

27241.362876

27238.017609

27235.764174

27235.234016

27235.001623

27235.288488

27235.382743

27235.114577

27234.704419

27233.685509

27232.766651

27231.387885

27230.331905

27229.061940

27228.234262

27227.365990

27226.962717

27226.595927

27226.659291

27226.761766

27227.180607

27227.521540

27227.924770

27228.099589

27228.341294

27228.871830

27230.224801

27232.100737

27233.212224

27233.187047

27232.254830

27230.242914

27228.795997

27228.095728

27227.908321

27227.675770

27227.424222

27226.966503

27226.674192

27226.350666

27226.390645

27226.454845

27226.945707

27227.404506

27228.292431

27228.998231

27230.085988

27230.735314

27231.645333

27231.824768

27232.082535

27231.513222

27230.923642

27229.968889

27229.366270

27229.566941

27231.247421

27234.410455

27236.996319

27236.996319

27234.410455

27231.247421

27229.566941

27229.366270

27229.968889

27230.923642

27231.513222

27232.082535

27231.824768

27231.645333

27230.735314

27230.085988

27228.998231

27228.292431

27227.404506

27226.945707

27226.454845

27226.390645

27226.350666

27226.674192

27226.966503

27227.424222

27227.675770

27227.908321

27228.095728

27228.795997

27230.242914

27232.254830

27233.187047

27233.287761

27232.307817

27230.241946

27228.595339

27227.900021

27227.648112

27227.584135

27227.305654

27227.041727

27226.618033

27226.424015

27226.180059

27226.262386

27226.254727

27226.568566

27226.654938

27227.059226

27227.029000

27227.360378

27227.009147

27227.112298

27226.351638

27226.187266

27225.264813

27225.230780

27225.000087

27226.238867

27227.649849

27230.323084

27233.074724

27233.074724

27230.323084

27227.649849

27226.238867

27225.000087

27225.230780

27225.264813

27226.187266

27226.351638

27227.112298

27227.009147

27227.360378

27227.029000

27227.059226

27226.654938

27226.568566

27226.254727

27226.262386

27226.180059

27226.424015

27226.618033

27227.041727

27227.305654

27227.584135

27227.648112

27227.900021

27228.595339

27230.241946

27232.307817

27233.287761

27233.269698

27232.401235

27230.117618

27228.428309

27227.613082

27227.491926

27227.429562

27227.390020

27227.098041

27226.885468

27226.513994

27226.342148

27225.989110

27225.803117

27225.277526

27224.876725

27223.939425

27223.248413

27221.857737

27221.103033

27219.578317

27219.321902

27218.368532

27219.373225

27219.848835

27222.666837

27224.635595

27228.078497

27228.092624

27221.432046

27221.432046

27228.092624

27228.078497

27224.635595

27222.666837

27219.848835

27219.373225

27218.368532

27219.321902

27219.578317

27221.103033

27221.857737

27223.248413

27223.939425

27224.876725

27225.277526

27225.803117

27225.989110

27226.342148

27226.513994

27226.885468

27227.098041

27227.390020

27227.429562

27227.491926

27227.613082

27228.428309

27230.117618

27232.401235

27233.269698

27233.382957

27232.368172

27230.044199

27228.165273

27227.418545

27227.266517

27227.432894

27227.420540

27227.407237

27227.137219

27226.948824

27226.492807

27226.068827

27225.190693

27224.207544

27222.521145

27220.780159

27218.183047

27216.043193

27213.097392

27211.695731

27209.733555

27210.736321

27211.382095

27215.978706

27219.635970

27226.316076

27228.949619

27229.169998

27222.020914

27222.020914

27229.169998

27228.949619

27226.316076

27219.635970

27215.978706

27211.382095

27210.736321

27209.733555

27211.695731

27213.097392

27216.043193

27218.183047

27220.780159

27222.521145

27224.207544

27225.190693

27226.068827

27226.492807

27226.948824

27227.137219

27227.407237

27227.420540

27227.432894

27227.266517

27227.418545

27228.165273

27230.044199

27232.368172

27233.382957

27233.302620

27232.411284

27229.858386

27227.998004

27227.157588

27227.185913

27227.374483

27227.656922

27227.662734

27227.672989

27227.355243

27226.990773

27226.107902

27224.957460

27222.968191

27220.589915

27217.141259

27213.701786

27209.249668

27206.060530

27202.249539

27201.758451

27201.091834

27205.794506

27209.991637

27219.732989

27226.155708

27233.549145

27230.307020

27210.859685

27210.859685

27230.307020

27233.549145

27226.155708

27219.732989

27209.991637

27205.794506

27201.091834

27201.758451

27202.249539

27206.060530

27209.249668

27213.701786

27217.141259

27220.589915

27222.968191

27224.957460

27226.107902

27226.990773

27227.355243

27227.672989

27227.662734

27227.656922

27227.374483

27227.185913

27227.157588

27227.998004

27229.858386

27232.411284

27233.302620

27233.354291

27232.299849

27229.773189

27227.753948

27227.040928

27227.048121

27227.500884

27227.818805

27228.149595

27228.132709

27228.046572

27227.437131

27226.512464

27224.709231

27222.297953

27218.669487

27214.561483

27209.192549

27204.421216

27198.777670

27196.001684

27192.964677

27195.737686

27198.315058

27208.547727

27216.577387

27229.877779

27234.711882

27234.573376

27221.318845

27221.318845

27234.573376

27234.711882

27229.877779

27216.577387

27208.547727

27198.315058

27195.737686

27192.964677

27196.001684

27198.777670

27204.421216

27209.192549

27214.561483

27218.669487

27222.297953

27224.709231

27226.512464

27227.437131

27228.046572

27228.132709

27228.149595

27227.818805

27227.500884

27227.048121

27227.040928

27227.753948

27229.773189

27232.299849

27233.354291

27233.153723

27232.288229

27229.575622

27227.655632

27226.867893

27227.090561

27227.549787

27228.182933

27228.521716

27228.816299

27228.621639

27228.160736

27226.876400

27224.943384

27221.782053

27217.813905

27212.441840

27206.940071

27200.306082

27195.552156

27190.265197

27190.098407

27189.677765

27197.573042

27203.939152

27218.993041

27228.000297

27239.581153

27236.470086

27213.564169

27213.564169

27236.470086

27239.581153

27228.000297

27218.993041

27203.939152

27197.573042

27189.677765

27190.098407

27190.265197

27195.552156

27200.306082

27206.940071

27212.441840

27217.813905

27221.782053

27224.943384

27226.876400

27228.160736

27228.621639

27228.816299

27228.521716

27228.182933

27227.549787

27227.090561

27226.867893

27227.655632

27229.575622

27232.288229

27233.153723

27233.081280

27232.098289

27229.518151

27227.484827

27226.878377

27227.061215

27227.792984

27228.416180

27229.084207

27229.323149

27229.393953

27228.746550

27227.558804

27225.251715

27222.054326

27217.473449

27212.239150

27205.758085

27200.069006

27193.623406

27190.873659

27187.647920

27191.819623

27194.573277

27207.238871

27215.229726

27231.339892

27236.574635

27240.595320

27234.903635

27234.903635

27240.595320

27236.574635

27231.339892

27215.229726

27207.238871

27194.573277

27191.819623

27187.647920

27190.873659

27193.623406

27200.069006

27205.758085

27212.239150

27217.473449

27222.054326

27225.251715

27227.558804

27228.746550

27229.393953

27229.323149

27229.084207

27228.416180

27227.792984

27227.061215

27226.878377

27227.484827

27229.518151

27232.098289

27233.081280

27232.709020

27232.026854

27229.342888

27227.499436

27226.819509

27227.231565

27227.908180

27228.833168

27229.436796

27229.989246

27229.935456

27229.522859

27228.155516

27226.022253

27222.650264

27218.413391

27212.989751

27207.514161

27201.254812

27197.108920

27192.416146

27193.196169

27192.545018

27200.802575

27204.851669

27219.252677

27224.958254

27238.038346

27238.015533

27225.340063

27225.340063

27238.015533

27238.038346

27224.958254

27219.252677

27204.851669

27200.802575

27192.545018

27193.196169

27192.416146

27197.108920

27201.254812

27207.514161

27212.989751

27218.413391

27222.650264

27226.022253

27228.155516

27229.522859

27229.935456

27229.989246

27229.436796

27228.833168

27227.908180

27227.231565

27226.819509

27227.499436

27229.342888

27232.026854

27232.709020

27232.454064

27231.755838

27229.339644

27227.429618

27226.970624

27227.285800

27228.216736

27229.033955

27229.947642

27230.365292

27230.612650

27230.064504

27228.985472

27226.854328

27223.922621

27219.963434

27215.500478

27210.398360

27206.120239

27201.504460

27200.202366

27197.787252

27201.897942

27202.216475

27211.996876

27213.893924

27226.564812

27227.973402

27237.375750

27247.694005

27247.694005

27237.375750

27227.973402

27226.564812

27213.893924

27211.996876

27202.216475

27201.897942

27197.787252

27200.202366

27201.504460

27206.120239

27210.398360

27215.500478

27219.963434

27223.922621

27226.854328

27228.985472

27230.064504

27230.612650

27230.365292

27229.947642

27229.033955

27228.216736

27227.285800

27226.970624

27227.429618

27229.339644

27231.755838

27232.454064

27231.857511

27231.615715

27229.203861

27227.573491

27227.014594

27227.550011

27228.320799

27229.410825

27230.143953

27230.879451

27230.950288

27230.741304

27229.641384

27227.967284

27225.423085

27222.287029

27218.697252

27215.143292

27211.630824

27209.640378

27207.292871

27208.761013

27207.499950

27212.947906

27211.461668

27219.917393

27217.630273

27227.816443

27227.279121

27222.064119

27222.064119

27227.279121

27227.816443

27217.630273

27219.917393

27211.461668

27212.947906

27207.499950

27208.761013

27207.292871

27209.640378

27211.630824

27215.143292

27218.697252

27222.287029

27225.423085

27227.967284

27229.641384

27230.741304

27230.950288

27230.879451

27230.143953

27229.410825

27228.320799

27227.550011

27227.014594

27227.573491

27229.203861

27231.615715

27231.857511

27231.358714

27231.251579

27229.261814

27227.601605

27227.285052

27227.630131

27228.624041

27229.475141

27230.506625

27230.995280

27231.419994

27231.067510

27230.409342

27228.973326

27227.093116

27224.858465

27222.362074

27220.235443

27218.505415

27217.370314

27217.831625

27217.357363

27220.418379

27218.693592

27223.679772

27219.100835

27225.597559

27219.326229

27225.154332

27234.378167

27234.378167

27225.154332

27219.326229

27225.597559

27219.100835

27223.679772

27218.693592

27220.418379

27217.357363

27217.831625

27217.370314

27218.505415

27220.235443

27222.362074

27224.858465

27227.093116

27228.973326

27230.409342

27231.067510

27231.419994

27230.995280

27230.506625

27229.475141

27228.624041

27227.630131

27227.285052

27227.601605

27229.261814

27231.251579

27231.358714

27230.478662

27231.022749

27229.159896

27227.861551

27227.390605

27227.932625

27228.635040

27229.737520

27230.451222

27231.282708

27231.425472

27231.494440

27230.807816

27229.911557

27228.621116

27227.114711

27226.080051

27224.997124

27225.287194

27225.875291

27227.610641

27230.405081

27231.808266

27236.223127

27234.407508

27239.397762

27232.171572

27234.813855

27218.561388

27183.306594

27183.306594

27218.561388

27234.813855

27232.171572

27239.397762

27234.407508

27236.223127

27231.808266

27230.405081

27227.610641

27225.875291

27225.287194

27224.997124

27226.080051

27227.114711

27228.621116

27229.911557

27230.807816

27231.494440

27231.425472

27231.282708

27230.451222

27229.737520

27228.635040

27227.932625

27227.390605

27227.861551

27229.159896

27231.022749

27230.478662

27229.670257

27230.540238

27229.265000

27227.959772

27227.738507

27227.974334

27228.871666

27229.593083

27230.612315

27231.051645

27231.592947

27231.370740

27231.147532

27230.379500

27229.590543

27229.101473

27228.613733

27229.829904

27231.009829

27235.096443

27239.082163

27245.574708

27252.424478

27258.473431

27266.648559

27266.955331

27271.069192

27254.361142

27233.216902

27193.786254

27193.786254

27233.216902

27254.361142

27271.069192

27266.955331

27266.648559

27258.473431

27252.424478

27245.574708

27239.082163

27235.096443

27231.009829

27229.829904

27228.613733

27229.101473

27229.590543

27230.379500

27231.147532

27231.370740

27231.592947

27231.051645

27230.612315

27229.593083

27228.871666

27227.974334

27227.738507

27227.959772

27229.265000

27230.540238

27229.670257

27228.445001

27230.193444

27229.174644

27228.306322

27227.858469

27228.265893

27228.735172

27229.700376

27230.252264

27231.055462

27231.115746

27231.310883

27230.775300

27230.397513

27229.946997

27229.764169

27231.101386

27232.767655

27238.322064

27244.012369

27255.625874

27266.884454

27283.670308

27299.487371

27315.141211

27328.192138

27325.857087

27312.611715

27254.486698

27124.583740

27124.583740

27254.486698

27312.611715

27325.857087

27328.192138

27315.141211

27299.487371

27283.670308

27266.884454

27255.625874

27244.012369

27238.322064

27232.767655

27231.101386

27229.764169

27229.946997

27230.397513

27230.775300

27231.310883

27231.115746

27231.055462

27230.252264

27229.700376

27228.735172

27228.265893

27227.858469

27228.306322

27229.174644

27230.193444

27228.445001

27227.269264

27229.563327

27229.304191

27228.442653

27228.247809

27228.230423

27228.876097

27229.321680

27230.183103

27230.402560

27230.841707

27230.412816

27230.216946

27229.509208

27229.294391

27230.022032

27231.710446

27237.351638

27244.359293

27259.475879

27275.620564

27302.999850

27329.233584

27364.469766

27392.893735

27416.375770

27420.719764

27386.959660

27304.988224

27166.555178

27166.555178

27304.988224

27386.959660

27420.719764

27416.375770

27392.893735

27364.469766

27329.233584

27302.999850

27275.620564

27259.475879

27244.359293

27237.351638

27231.710446

27230.022032

27229.294391

27229.509208

27230.216946

27230.412816

27230.841707

27230.402560

27230.183103

27229.321680

27228.876097

27228.230423

27228.247809

27228.442653

27229.304191

27229.563327

27227.269264

27225.656995

27229.076065

27229.203832

27228.851809

27228.356089

27228.492681

27228.586355

27229.268637

27229.505387

27230.059581

27229.723914

27229.601146

27228.592503

27228.110520

27227.818805

27228.961587

27233.363192

27240.649441

27256.718738

27276.683007

27311.810168

27348.872808

27403.328556

27451.031287

27506.168212

27536.178496

27542.967897

27495.462625

27369.416614

27088.637283

27088.637283

27369.416614

27495.462625

27542.967897

27536.178496

27506.168212

27451.031287

27403.328556

27348.872808

27311.810168

27276.683007

27256.718738

27240.649441

27233.363192

27228.961587

27227.818805

27228.110520

27228.592503

27229.601146

27229.723914

27230.059581

27229.505387

27229.268637

27228.586355

27228.492681

27228.356089

27228.851809

27229.203832

27229.076065

27225.656995

27224.096961

27228.287166

27229.344982

27229.009430

27228.775743

27228.383552

27228.642476

27228.683274

27229.200704

27228.957538

27228.895824

27227.731775

27226.931246

27225.610714

27225.783508

27228.091567

27234.368578

27248.761091

27270.246141

27308.565660

27354.297750

27423.423027

27490.958957

27577.060322

27637.690742

27691.780823

27684.389617

27620.035670

27446.929408

27194.224903

27194.224903

27446.929408

27620.035670

27684.389617

27691.780823

27637.690742

27577.060322

27490.958957

27423.423027

27354.297750

27308.565660

27270.246141

27248.761091

27234.368578

27228.091567

27225.783508

27225.610714

27226.931246

27227.731775

27228.895824

27228.957538

27229.200704

27228.683274

27228.642476

27228.383552

27228.775743

27229.009430

27229.344982

27228.287166

27224.096961

27222.117294

27227.668778

27229.230520

27229.475049

27228.875263

27228.632291

27228.241902

27228.500652

27228.258834

27228.261558

27227.150537

27226.160428

27224.131213

27223.225358

27223.250773

27227.446189

27238.198900

27258.337313

27294.885100

27344.895418

27421.303945

27505.361222

27615.909618

27708.303518

27807.980163

27844.933778

27848.976295

27741.997207

27536.288120

27075.224780

27075.224780

27536.288120

27741.997207

27848.976295

27844.933778

27807.980163

27708.303518

27615.909618

27505.361222

27421.303945

27344.895418

27294.885100

27258.337313

27238.198900

27227.446189

27223.250773

27223.225358

27224.131213

27226.160428

27227.150537

27228.261558

27228.258834

27228.500652

27228.241902

27228.632291

27228.875263

27229.475049

27229.230520

27227.668778

27222.117294

27220.242404

27226.753569

27229.392486

27229.655033

27229.335744

27228.484250

27228.255517

27227.790651

27227.772432

27226.839799

27225.878297

27223.619255

27221.878894

27220.044698

27221.673019

27227.931697

27244.156091

27274.824430

27323.502643

27398.800636

27492.354116

27616.802974

27737.221138

27873.759487

27956.762509

28024.181182

27979.554291

27871.481619

27588.612645

27232.498844

27232.498844

27588.612645

27871.481619

27979.554291

28024.181182

27956.762509

27873.759487

27737.221138

27616.802974

27492.354116

27398.800636

27323.502643

27274.824430

27244.156091

27227.931697

27221.673019

27220.044698

27221.878894

27223.619255

27225.878297

27226.839799

27227.772432

27227.790651

27228.255517

27228.484250

27229.335744

27229.655033

27229.392486

27226.753569

27220.242404

27218.020632

27226.066672

27229.283037

27230.183769

27229.442394

27228.752277

27227.814277

27227.550187

27226.723181

27225.947838

27223.890603

27221.799709

27218.900687

27218.195535

27220.253119

27231.063301

27253.495931

27295.516641

27362.211272

27455.804683

27581.799381

27721.018706

27881.200978

28007.451334

28125.804009

28143.191599

28122.211721

27935.833583

27646.122053

26957.442958

26957.442958

27646.122053

27935.833583

28122.211721

28143.191599

28125.804009

28007.451334

27881.200978

27721.018706

27581.799381

27455.804683

27362.211272

27295.516641

27253.495931

27231.063301

27220.253119

27218.195535

27218.900687

27221.799709

27223.890603

27225.947838

27226.723181

27227.550187

27227.814277

27228.752277

27229.442394

27230.183769

27229.283037

27226.066672

27218.020632

27216.020278

27225.115903

27229.496222

27230.391876

27229.956861

27228.602780

27227.844101

27226.839537

27226.204349

27224.553859

27222.618823

27219.504270

27217.265738

27216.240753

27221.558425

27235.433693

27267.225079

27320.290439

27404.348590

27520.100477

27664.496453

27832.817606

27992.650624

28146.569331

28224.640177

28269.395881

28165.703510

28001.006847

27581.839458

27096.177131

27096.177131

27581.839458

28001.006847

28165.703510

28269.395881

28224.640177

28146.569331

27992.650624

27832.817606

27664.496453

27520.100477

27404.348590

27320.290439

27267.225079

27235.433693

27221.558425

27216.240753

27217.265738

27219.504270

27222.618823

27224.553859

27226.204349

27226.839537

27227.844101

27228.602780

27229.956861

27230.391876

27229.496222

27225.115903

27216.020278

27213.804213

27224.479205

27229.426996

27230.987961

27230.075127

27228.919050

27227.429502

27226.650878

27225.286950

27223.801635

27221.093617

27218.335316

27215.662844

27216.643271

27223.315412

27243.892705

27281.558761

27348.940140

27445.520391

27580.097730

27740.806457

27917.557843

28090.707735

28221.753591

28312.757178

28288.072085

28210.819162

27925.394640

27513.744358

26460.167107

26460.167107

27513.744358

27925.394640

28210.819162

28288.072085

28312.757178

28221.753591

28090.707735

27917.557843

27740.806457

27580.097730

27445.520391

27348.940140

27281.558761

27243.892705

27223.315412

27216.643271

27215.662844

27218.335316

27221.093617

27223.801635

27225.286950

27226.650878

27227.429502

27228.919050

27230.075127

27230.987961

27229.426996

27224.479205

27213.804213

27211.978248

27223.632749

27229.730203

27231.218446

27230.641896

27228.781975

27227.534913

27226.060162

27224.952447

27222.870935

27220.428909

27217.376714

27215.808863

27217.524369

27228.351324

27251.885617

27299.639479

27372.602308

27484.924972

27624.593600

27797.841903

27972.971563

28139.797130

28262.904353

28313.117546

28290.389906

28112.383226

27843.064913

27216.495052

26500.331964

26500.331964

27216.495052

27843.064913

28112.383226

28290.389906

28313.117546

28262.904353

28139.797130

27972.971563

27797.841903

27624.593600

27484.924972

27372.602308

27299.639479

27251.885617

27228.351324

27217.524369

27215.808863

27217.376714

27220.428909

27222.870935

27224.952447

27226.060162

27227.534913

27228.781975

27230.641896

27231.218446

27229.730203

27223.632749

27211.978248

27210.101639

27223.196270

27229.737058

27231.870390

27230.750654

27229.158607

27227.177438

27226.037569

27224.363608

27222.615820

27219.973974

27217.580077

27216.630107

27220.645299

27233.281357

27262.841357

27312.562123

27396.047991

27506.162039

27656.887167

27817.271804

27995.839775

28137.420660

28248.078158

28269.969982

28196.768471

28003.478552

27569.993529

26916.336014

25295.875853

25295.875853

26916.336014

27569.993529

28003.478552

28196.768471

28269.969982

28248.078158

28137.420660

27995.839775

27817.271804

27656.887167

27506.162039

27396.047991

27312.562123

27262.841357

27233.281357

27220.645299

27216.630107

27217.580077

27219.973974

27222.615820

27224.363608

27226.037569

27227.177438

27229.158607

27230.750654

27231.870390

27229.737058

27223.196270

27210.101639

27208.792463

27222.606800

27230.158211

27232.098472

27231.346902

27229.012201

27227.397916

27225.607165

27224.386946

27222.366800

27220.295845

27218.419613

27218.774106

27224.306000

27240.084112

27270.612931

27325.706435

27404.235160

27520.128059

27652.333607

27817.100195

27961.442441

28108.562650

28173.715603

28198.052243

28070.866985

27804.626410

27308.231659

26351.647666

25290.443543

25290.443543

26351.647666

27308.231659

27804.626410

28070.866985

28198.052243

28173.715603

28108.562650

27961.442441

27817.100195

27652.333607

27520.128059

27404.235160

27325.706435

27270.612931

27240.084112

27224.306000

27218.774106

27218.419613

27220.295845

27222.366800

27224.386946

27225.607165

27227.397916

27229.012201

27231.346902

27232.098472

27230.158211

27222.606800

27208.792463

27207.583388

27222.503299

27230.260267

27232.773895

27231.402806

27229.439178

27227.066063

27225.810065

27224.115052

27222.754313

27220.912822

27220.016783

27221.666985

27228.891629

27245.859521

27278.384095

27329.267399

27408.019462

27505.362910

27636.164246

27765.126702

27918.206862

28020.756055

28123.760751

28090.568499

28005.858757

27625.877887

26948.795257

25891.454382

23814.755958

23814.755958

25891.454382

26948.795257

27625.877887

28005.858757

28090.568499

28123.760751

28020.756055

27918.206862

27765.126702

27636.164246

27505.362910

27408.019462

27329.267399

27278.384095

27245.859521

27228.891629

27221.666985

27220.016783

27220.912822

27222.754313

27224.115052

27225.810065

27227.066063

27229.439178

27231.402806

27232.773895

27230.260267

27222.503299

27207.583388

27207.065323

27222.282956

27230.797534

27232.960083

27231.988855

27229.234189

27227.401596

27225.448470

27224.514017

27222.952903

27222.110650

27222.015722

27224.968835

27233.585286

27251.320891

27281.843655

27329.986574

27394.324641

27483.519910

27581.956974

27709.829578

27826.499385

27973.098004

28052.583988

28144.079229

27995.155271

27694.585072

26730.113127

25179.134375

24112.787143

24112.787143

25179.134375

26730.113127

27694.585072

27995.155271

28144.079229

28052.583988

27973.098004

27826.499385

27709.829578

27581.956974

27483.519910

27394.324641

27329.986574

27281.843655

27251.320891

27233.585286

27224.968835

27222.015722

27222.110650

27222.952903

27224.514017

27225.448470

27227.401596

27229.234189

27231.988855

27232.960083

27230.797534

27222.282956

27207.065323

27206.729963

27222.573308

27230.983904

27233.609360

27231.945737

27229.683438

27227.015169

27225.848165

27224.298954

27223.826058

27223.081047

27224.380241

27228.353319

27237.940385

27255.469209

27283.429035

27322.904470

27376.467827

27440.338126

27525.238311

27622.257814

27760.534638

27914.138593

28128.382715

28268.013207

28392.625994

27996.633310

26995.546743

24826.632515

23501.616967

23501.616967

24826.632515

26995.546743

27996.633310

28392.625994

28268.013207

28128.382715

27914.138593

27760.534638

27622.257814

27525.238311

27440.338126

27376.467827

27322.904470

27283.429035

27255.469209

27237.940385

27228.353319

27224.380241

27223.081047

27223.826058

27224.298954

27225.848165

27227.015169

27229.683438

27231.945737

27233.609360

27230.983904

27222.573308

27206.729963

27207.100672

27222.744647

27231.595092

27233.712832

27232.478703

27229.377310

27227.434072

27225.388044

27224.944407

27223.901058

27224.689716

27226.176617

27231.760281

27241.657530

27258.582144

27282.618458

27313.733046

27350.924306

27395.882383

27454.239270

27543.897456

27690.147214

27922.943944

28250.852484

28648.017345

28846.415958

28805.051291

27703.179114

25082.715207

24789.088201

24789.088201

25082.715207

27703.179114

28805.051291

28846.415958

28648.017345

28250.852484

27922.943944

27690.147214

27543.897456

27454.239270

27395.882383

27350.924306

27313.733046

27282.618458

27258.582144

27241.657530

27231.760281

27226.176617

27224.689716

27223.901058

27224.944407

27225.388044

27227.434072

27229.377310

27232.478703

27233.712832

27231.595092

27222.744647

27207.100672

27207.633929

27223.382265

27231.821045

27234.281348

27232.317234

27229.825152

27226.938180

27225.917004

27224.475167

27224.970185

27225.070428

27228.602461

27233.944433

27245.259899

27260.628957

27281.221092

27303.907066

27325.934006

27351.648589

27386.499394

27470.712925

27629.795812

27958.220517

28420.801292

28985.865767

29333.184342

28989.938280

28195.163774

25948.769690

27417.810771

27417.810771

25948.769690

28195.163774

28989.938280

29333.184342

28985.865767

28420.801292

27958.220517

27629.795812

27470.712925

27386.499394

27351.648589

27325.934006

27303.907066

27281.221092

27260.628957

27245.259899

27233.944433

27228.602461

27225.070428

27224.970185

27224.475167

27225.917004

27226.938180

27229.825152

27232.317234

27234.281348

27231.821045

27223.382265

27207.633929

27208.761413

27223.857094

27232.428057

27234.276743

27232.773886

27229.435145

27227.428756

27225.285427

27225.247819

27224.479486

27226.685605

27229.081822

27236.990007

27247.007405

27263.272384

27280.076809

27295.983998

27307.499665

27311.321059

27334.838012

27391.310951

27592.198919

27938.443633

28576.394428

29124.381695

29376.544130

28611.584153

26393.195720

25524.183918

28174.810565

28174.810565

25524.183918

26393.195720

28611.584153

29376.544130

29124.381695

28576.394428

27938.443633

27592.198919

27391.310951

27334.838012

27311.321059

27307.499665

27295.983998

27280.076809

27263.272384

27247.007405

27236.990007

27229.081822

27226.685605

27224.479486

27225.247819

27225.285427

27227.428756

27229.435145

27232.773886

27234.276743

27232.428057

27223.857094

27208.761413

27209.932298

27224.691838

27232.623560

27234.723493

27232.528072

27229.900000

27226.892659

27225.948998

27224.483988

27225.615427

27226.064893

27231.263209

27237.200223

27250.392729

27264.158543

27281.512955

27292.918093

27294.245559

27290.677992

27281.558815

27344.460762

27492.077176

27934.291402

28485.981039

29182.266336

28957.586258

27773.292323

25095.154118

26155.466087

31124.266875

31124.266875

26155.466087

25095.154118

27773.292323

28957.586258

29182.266336

28485.981039

27934.291402

27492.077176

27344.460762

27281.558815

27290.677992

27294.245559

27292.918093

27281.512955

27264.158543

27250.392729

27237.200223

27231.263209

27226.064893

27225.615427

27224.483988

27225.948998

27226.892659

27229.900000

27232.528072

27234.723493

27232.623560

27224.691838

27209.932298

27211.492258

27225.292761

27233.133213

27234.612792

27232.927472

27229.538752

27227.523720

27225.318968

27225.443776

27224.688204

27227.648821

27230.333332

27239.897868

27250.157242

27268.060821

27282.713883

27294.895362

27294.131177

27274.571081

27264.160750

27266.740113

27434.037915

27743.758804

28429.262957

28839.474658

28812.907697

27075.251551

25764.253146

28665.598887

29945.772094

29945.772094

28665.598887

25764.253146

27075.251551

28812.907697

28839.474658

28429.262957

27743.758804

27434.037915

27266.740113

27264.160750

27274.571081

27294.131177

27294.895362

27282.713883

27268.060821

27250.157242

27239.897868

27230.333332

27227.648821

27224.688204

27225.443776

27225.318968

27227.523720

27229.538752

27232.927472

27234.612792

27233.133213

27225.292761

27211.492258

27212.923432

27226.119346

27233.222516

27234.926674

27232.686103

27230.102642

27227.169040

27226.258905

27224.757340

27226.058435

27226.508098

27232.362905

27238.506477

27253.359155

27267.880514

27288.221907

27299.581661

27299.750364

27282.130884

27242.352309

27240.237606

27294.210320

27604.046512

28088.588128

28693.105041

28511.957760

27308.326125

26515.649100

28153.989321

30314.115324

30314.115324

28153.989321

26515.649100

27308.326125

28511.957760

28693.105041

28088.588128

27604.046512

27294.210320

27240.237606

27242.352309

27282.130884

27299.750364

27299.581661

27288.221907

27267.880514

27253.359155

27238.506477

27232.362905

27226.508098

27226.058435

27224.757340

27226.258905

27227.169040

27230.102642

27232.686103

27234.926674

27233.222516

27226.119346

27212.923432

27214.523776

27226.642461

27233.556769

27234.736791

27233.089889

27229.947711

27228.085624

27226.002700

27226.135034

27225.359348

27228.326512

27230.922149

27240.784991

27251.462473

27271.616230

27289.321902

27308.402536

27311.227411

27293.548833

27253.780168

27201.979962

27213.284401

27367.594353

27783.411340

28366.216126

28501.107293

27643.758057

27123.586104

28311.062695

30206.451655

30206.451655

28311.062695

27123.586104

27643.758057

28501.107293

28366.216126

27783.411340

27367.594353

27213.284401

27201.979962

27253.780168

27293.548833

27311.227411

27308.402536

27289.321902

27271.616230

27251.462473

27240.784991

27230.922149

27228.326512

27225.359348

27226.135034

27226.002700

27228.085624

27229.947711

27233.089889

27234.736791

27233.556769

27226.642461

27214.523776

27215.844828

27227.279858

27233.482486

27234.935900

27232.954467

27230.719546

27228.171272

27227.408417

27226.059416

27227.243293

27227.617379

27232.982363

27238.826748

27253.390256

27269.129372

27293.357822

27311.797908

27324.791537

27311.670069

27271.877622

27200.189225

27149.428543

27173.664507

27454.559637

27933.042312

28416.246660

28159.213653

27487.282949

28258.140686

29685.173166

29685.173166

28258.140686

27487.282949

28159.213653

28416.246660

27933.042312

27454.559637

27173.664507

27149.428543

27200.189225

27271.877622

27311.670069

27324.791537

27311.797908

27293.357822

27269.129372

27253.390256

27238.826748

27232.982363

27227.617379

27227.243293

27226.059416

27227.408417

27228.171272

27230.719546

27232.954467

27234.935900

27233.482486

27227.279858

27215.844828

27217.196481

27227.579658

27233.603804

27234.693517

27233.421428

27230.899497

27229.481759

27227.816568

27228.016894

27227.384300

27229.868858

27232.083990

27240.436343

27250.366423

27269.434082

27289.703854

27315.252611

27330.008445

27331.031989

27292.723037

27227.633062

27119.524420

27079.227430

27133.848304

27508.992684

27970.248813

28450.702133

27850.569367

27717.117193

29077.438518

29077.438518

27717.117193

27850.569367

28450.702133

27970.248813

27508.992684

27133.848304

27079.227430

27119.524420

27227.633062

27292.723037

27331.031989

27330.008445

27315.252611

27289.703854

27269.434082

27250.366423

27240.436343

27232.083990

27229.868858

27227.384300

27228.016894

27227.816568

27229.481759

27230.899497

27233.421428

27234.693517

27233.603804

27227.579658

27217.196481

27218.217354

27227.953283

27233.342057

27234.791670

27233.417151

27231.903745

27230.079278

27229.703637

27228.743809

27229.788471

27230.091873

27234.161029

27238.811225

27250.185852

27264.301995

27286.445047

27309.203567

27331.687804

27337.089764

27319.828540

27252.917513

27162.911395

27036.348417

27021.837377

27088.613842

27537.860002

27824.004992

28290.837843

27038.093893

28152.491614

28152.491614

27038.093893

28290.837843

27824.004992

27537.860002

27088.613842

27021.837377

27036.348417

27162.911395

27252.917513

27319.828540

27337.089764

27331.687804

27309.203567

27286.445047

27264.301995

27250.185852

27238.811225

27234.161029

27230.091873

27229.788471

27228.743809

27229.703637

27230.079278

27231.903745

27233.417151

27234.791670

27233.342057

27227.953283

27218.217354

27219.286035

27228.015748

27233.255088

27234.468587

27233.904638

27232.334884

27231.672116

27230.651885

27231.076826

27230.669013

27232.542349

27234.029858

27239.707870

27246.928840

27260.618298

27278.023993

27300.680701

27322.808210

27337.163507

27330.473957

27292.634738

27211.819975

27115.420070

27020.689345

27059.859348

27182.466657

27500.305640

27488.332595

27629.765873

25214.627223

25214.627223

27629.765873

27488.332595

27500.305640

27182.466657

27059.859348

27020.689345

27115.420070

27211.819975

27292.634738

27330.473957

27337.163507

27322.808210

27300.680701

27278.023993

27260.618298

27246.928840

27239.707870

27234.029858

27232.542349

27230.669013

27231.076826

27230.651885

27231.672116

27232.334884

27233.904638

27234.468587

27233.255088

27228.015748

27219.286035

27220.114817

27228.203516

27232.803741

27234.404608

27233.865015

27233.360453

27232.462530

27232.662937

27232.129347

27233.099887

27233.178853

27235.835998

27238.542867

27245.542441

27254.954817

27269.883713

27289.136269

27309.781527

27329.243795

27333.360756

27320.929559

27274.664754

27221.274512

27169.121693

27220.339549

27358.084234

27695.240990

27988.454615

28983.142279

30614.988296

30614.988296

28983.142279

27988.454615

27695.240990

27358.084234

27220.339549

27169.121693

27221.274512

27274.664754

27320.929559

27333.360756

27329.243795

27309.781527

27289.136269

27269.883713

27254.954817

27245.542441

27238.542867

27235.835998

27233.178853

27233.099887

27232.129347

27232.662937

27232.462530

27233.360453

27233.865015

27234.404608

27232.803741

27228.203516

27220.114817

27221.170101

27228.162749

27232.521425

27233.848555

27234.116601

27233.623076

27233.872578

27233.501058

27234.202742

27233.842053

27235.201207

27235.693227

27239.070766

27242.874845

27251.076130

27262.350317

27278.324359

27298.923817

27317.802387

27336.681734

27337.282202

27336.848236

27314.877677

27347.266698

27418.653960

27694.749342

28074.020047

28837.712425

29549.450470

27398.339059

27398.339059

29549.450470

28837.712425

28074.020047

27694.749342

27418.653960

27347.266698

27314.877677

27336.848236

27337.282202

27336.681734

27317.802387

27298.923817

27278.324359

27262.350317

27251.076130

27242.874845

27239.070766

27235.693227

27235.201207

27233.842053

27234.202742

27233.501058

27233.872578

27233.623076

27234.116601

27233.848555

27232.521425

27228.162749

27221.170101

27222.181345

27228.363295

27231.864074

27233.425068

27233.629845

27234.154825

27234.148090

27234.938841

27234.654948

27235.565482

27235.193837

27236.943578

27237.847380

27242.259871

27247.426659

27257.930588

27271.975730

27291.585528

27315.763786

27338.882239

27363.893931

27377.770126

27406.370254

27444.650097

27563.059734

27773.644291

28113.813254

28536.013468

27623.055650

27359.317649

27359.317649

27623.055650

28536.013468

28113.813254

27773.644291

27563.059734

27444.650097

27406.370254

27377.770126

27363.893931

27338.882239

27315.763786

27291.585528

27271.975730

27257.930588

27247.426659

27242.259871

27237.847380

27236.943578

27235.193837

27235.565482

27234.654948

27234.938841

27234.148090

27234.154825

27233.629845

27233.425068

27231.864074

27228.363295

27222.181345

27223.652590

27228.428893

27231.369118

27232.370371

27233.198772

27233.598324

27234.682711

27234.827275

27235.778322

27235.297575

27236.379640

27236.037063

27238.573690

27240.352157

27247.171298

27255.188830

27271.363866

27291.322318

27320.892983

27353.473166

27391.374911

27427.111266

27468.208482

27509.022864

27590.008510

27649.686714

27790.781560

27446.358239

27145.191319

26614.357970

26614.357970

27145.191319

27446.358239

27790.781560

27649.686714

27590.008510

27509.022864

27468.208482

27427.111266

27391.374911

27353.473166

27320.892983

27291.322318

27271.363866

27255.188830

27247.171298

27240.352157

27238.573690

27236.037063

27236.379640

27235.297575

27235.778322

27234.827275

27234.682711

27233.598324

27233.198772

27232.370371

27231.369118

27228.428893

27223.652590

27225.239142

27228.844720

27230.479964

27231.347501

27231.831768

27233.092138

27233.801212

27235.129900

27235.085206

27236.075485

27235.440964

27237.017301

27237.163452

27241.573805

27245.594416

27257.574554

27271.468731

27298.541402

27328.949228

27375.666601

27419.830354

27478.142628

27515.760818

27570.567615

27566.535918

27590.351998

27423.801767

27203.451354

26803.268139

26563.289577

26563.289577

26803.268139

27203.451354

27423.801767

27590.351998

27566.535918

27570.567615

27515.760818

27478.142628

27419.830354

27375.666601

27328.949228

27298.541402

27271.468731

27257.574554

27245.594416

27241.573805

27237.163452

27237.017301

27235.440964

27236.075485

27235.085206

27235.129900

27233.801212

27233.092138

27231.831768

27231.347501

27230.479964

27228.844720

27225.239142

27227.393000

27229.166144

27229.762228

27229.678991

27230.505819

27231.464934

27233.202061

27233.921376

27235.280911

27235.063479

27236.306064

27235.918949

27238.673737

27240.291543

27248.217615

27256.592268

27276.841946

27299.895491

27341.657726

27384.930657

27449.567349

27501.751428

27569.758338

27593.490899

27620.648874

27558.317633

27445.644524

27242.401125

27012.483844

26865.208427

26865.208427

27012.483844

27242.401125

27445.644524

27558.317633

27620.648874

27593.490899

27569.758338

27501.751428

27449.567349

27384.930657

27341.657726

27299.895491

27276.841946

27256.592268

27248.217615

27240.291543

27238.673737

27235.918949

27236.306064

27235.063479

27235.280911

27233.921376

27233.202061

27231.464934

27230.505819

27229.678991

27229.762228

27229.166144

27227.393000

27229.657477

27229.850339

27228.699001

27228.178063

27228.553622

27230.236495

27231.609704

27233.510383

27234.153454

27235.616323

27235.538953

27237.394957

27237.879482

27242.511505

27246.723169

27259.293075

27273.607054

27302.905931

27335.904960

27389.911213

27443.259949

27515.453774

27569.577484

27626.130947

27643.015275

27623.354096

27566.832508

27442.795477

27348.340508

27258.550931

27258.550931

27348.340508

27442.795477

27566.832508

27623.354096

27643.015275

27626.130947

27569.577484

27515.453774

27443.259949

27389.911213

27335.904960

27302.905931

27273.607054

27259.293075

27246.723169

27242.511505

27237.879482

27237.394957

27235.538953

27235.616323

27234.153454

27233.510383

27231.609704

27230.236495

27228.553622

27228.178063

27228.699001

27229.850339

27229.657477

27232.511432

27230.305577

27227.806320

27226.545966

27227.355629

27228.826048

27230.941842

27232.347193

27234.218078

27234.900807

27236.565003

27236.959533

27239.550990

27241.345812

27247.783481

27254.929105

27271.145660

27290.834282

27325.386197

27365.387582

27422.521893

27481.373482

27547.614160

27607.351554

27646.516444

27681.233611

27658.106611

27655.335035

27597.453823

27586.084941

27586.084941

27597.453823

27655.335035

27658.106611

27681.233611

27646.516444

27607.351554

27547.614160

27481.373482

27422.521893

27365.387582

27325.386197

27290.834282

27271.145660

27254.929105

27247.783481

27241.345812

27239.550990

27236.959533

27236.565003

27234.900807

27234.218078

27232.347193

27230.941842

27228.826048

27227.355629

27226.545966

27227.806320

27230.305577

27232.511432

27235.487836

27230.769143

27226.785391

27225.949109

27227.027009

27228.713624

27230.183991

27231.989649

27233.137406

27234.779654

27235.525815

27237.196436

27238.101930

27240.914820

27243.814422

27250.658403

27259.823262

27276.422064

27299.360077

27333.198465

27377.829981

27431.219559

27498.400301

27558.953128

27637.595902

27680.329905

27749.466361

27759.616211

27797.972778

27794.561943

27794.561943

27797.972778

27759.616211

27749.466361

27680.329905

27637.595902

27558.953128

27498.400301

27431.219559

27377.829981

27333.198465

27299.360077

27276.422064

27259.823262

27250.658403

27243.814422

27240.914820

27238.101930

27237.196436

27235.525815

27234.779654

27233.137406

27231.989649

27230.183991

27228.713624

27227.027009

27225.949109

27226.785391

27230.769143

27235.487836

27240.307569

27230.095658

27226.311805

27227.492838

27228.383108

27229.028117

27229.811960

27230.398038

27231.396580

27232.008642

27233.061895

27233.664863

27234.811304

27235.898500

27237.938056

27241.371215

27246.946933

27257.627114

27272.777683

27300.259575

27334.152952

27390.781657

27449.871881

27542.260967

27620.627013

27737.200195

27813.549079

27917.441440

27964.868122

28007.404345

28007.404345

27964.868122

27917.441440

27813.549079

27737.200195

27620.627013

27542.260967

27449.871881

27390.781657

27334.152952

27300.259575

27272.777683

27257.627114

27246.946933

27241.371215

27237.938056

27235.898500

27234.811304

27233.664863

27233.061895

27232.008642

27231.396580

27230.398038

27229.811960

27229.028117

27228.383108

27227.492838

27226.311805

27230.095658

27240.307569

27243.236541

27227.253249

27230.733729

27230.988338

27230.077519

27229.051601

27227.971960

27227.392123

27226.809946

27226.729738

27226.546883

27226.663631

27226.784264

27226.900939

27227.846980

27228.715785

27233.189245

27238.607345

27254.655616

27274.805924

27319.152218

27371.684225

27466.528801

27567.396225

27721.800012

27863.693933

28045.615114

28181.330726

28311.250139

28369.049576

28369.049576

28311.250139

28181.330726

28045.615114

27863.693933

27721.800012

27567.396225

27466.528801

27371.684225

27319.152218

27274.805924

27254.655616

27238.607345

27233.189245

27228.715785

27227.846980

27226.900939

27226.784264

27226.663631

27226.546883

27226.729738

27226.809946

27227.392123

27227.971960

27229.051601

27230.077519

27230.988338

27230.733729

27227.253249

27243.236541

27259.987712

27243.189594

27239.713614

27234.397394

27230.989388

27227.823214

27225.372744

27222.929468

27221.226661

27219.392572

27218.250695

27216.815249

27215.735721

27214.527240

27213.320154

27213.575628

27214.431403

27222.234296

27234.331629

27266.731798

27312.708202

27402.359242

27517.999973

27700.770002

27908.749507

28177.641823

28434.728018

28694.248257

28878.972242

28988.058520

28988.058520

28878.972242

28694.248257

28434.728018

28177.641823

27908.749507

27700.770002

27517.999973

27402.359242

27312.708202

27266.731798

27234.331629

27222.234296

27214.431403

27213.575628

27213.320154

27214.527240

27215.735721

27216.815249

27218.250695

27219.392572

27221.226661

27222.929468

27225.372744

27227.823214

27230.989388

27234.397394

27239.713614

27243.189594

27259.987712

