AXIS X

0.000000 0.000500 0.001000 0.001500 0.002000 0.002500 0.003000 0.003500 0.004000 0.004500 0.005000 0.005500 0.006000 0.006500 0.007000 0.007500 0.008000 0.008500 0.009000 0.009500 0.010000 0.010500 0.011000 0.011500 0.012000 0.012500 0.013000 0.013500 0.014000 0.014500 0.015000 0.015500 0.016000 0.016500 0.017000 0.017500 0.018000 0.018500 0.019000 0.019500 0.020000 0.020500 0.021000 0.021500 0.022000 0.022500 0.023000 0.023500 0.024000 0.024500 0.025000 0.025500 0.026000 0.026500 0.027000 0.027500 0.028000 0.028500 0.029000 0.029500 

AXIS Y

0.000000 0.000500 0.001000 0.001500 0.002000 0.002500 0.003000 0.003500 0.004000 0.004500 0.005000 0.005500 0.006000 0.006500 0.007000 0.007500 0.008000 0.008500 0.009000 0.009500 0.010000 0.010500 0.011000 0.011500 0.012000 0.012500 0.013000 0.013500 0.014000 0.014500 0.015000 0.015500 0.016000 0.016500 0.017000 0.017500 0.018000 0.018500 0.019000 0.019500 0.020000 0.020500 0.021000 0.021500 0.022000 0.022500 0.023000 0.023500 0.024000 0.024500 0.025000 0.025500 0.026000 0.026500 0.027000 0.027500 0.028000 0.028500 0.029000 0.029500 



DATA
8502.201519

8496.681060

8494.757972

8504.550517

8521.368071

8529.770243

8520.440541

8478.594094

8391.021329

8236.509562

7994.436680

7646.059062

7198.892342

6691.763434

6200.320006

5802.129488

5561.564442

5503.967727

5632.988278

5920.682728

6342.779379

6842.344643

7398.318045

7888.646789

8328.926437

8439.028345

8520.756223

8223.743575

9689.954788

9409.963544

9409.963544

9689.954788

8223.743575

8520.756223

8439.028345

8328.926437

7888.646789

7398.318045

6842.344643

6342.779379

5920.682728

5632.988278

5503.967727

5561.564442

5802.129488

6200.320006

6691.763434

7198.892342

7646.059062

7994.436680

8236.509562

8391.021329

8478.594094

8520.440541

8529.770243

8521.368071

8504.550517

8494.757972

8496.681060

8502.201519

8520.875383

8520.724506

8507.249303

8485.941785

8465.326491

8426.010733

8362.155913

8261.156838

8112.321149

7911.655863

7664.891371

7394.392068

7128.075202

6894.482530

6705.077377

6563.294316

6464.382132

6418.459690

6439.392560

6553.297169

6767.300909

7089.906912

7494.337281

7974.983969

8448.620070

8814.427253

8808.799037

9012.943099

9786.384027

9187.124848

9187.124848

9786.384027

9012.943099

8808.799037

8814.427253

8448.620070

7974.983969

7494.337281

7089.906912

6767.300909

6553.297169

6439.392560

6418.459689

6464.382132

6563.294316

6705.077377

6894.482530

7128.075202

7394.392068

7664.891371

7911.655863

8112.321149

8261.156838

8362.155913

8426.010733

8465.326491

8485.941785

8507.249303

8520.724506

8520.875383

8537.195653

8522.297740

8502.773792

8448.816718

8367.544808

8269.787604

8145.285349

7992.216117

7812.031287

7618.469005

7436.426187

7291.432289

7203.378682

7175.768914

7204.558294

7276.286818

7382.107582

7510.033284

7660.370568

7831.854707

8039.451017

8286.678895

8585.714817

8915.282349

9219.379439

9384.720062

9547.049151

9757.387083

9389.676201

9539.501830

9539.501830

9389.676201

9757.387083

9547.049151

9384.720062

9219.379439

8915.282349

8585.714817

8286.678895

8039.451017

7831.854707

7660.370568

7510.033284

7382.107582

7276.286818

7204.558294

7175.768914

7203.378682

7291.432289

7436.426187

7618.469005

7812.031287

7992.216117

8145.285349

8269.787604

8367.544808

8448.816718

8502.773792

8522.297740

8537.195653

8541.277959

8515.876262

8485.169458

8403.933243

8275.764539

8115.767790

7937.897289

7750.290007

7571.983901

7428.445569

7343.671684

7332.241570

7392.893923

7518.984584

7702.321548

7943.776738

8245.290494

8609.475002

9021.587582

9451.855891

9846.999552

10156.098013

10342.161270

10382.344220

10289.662792

10133.999712

10075.033333

9881.726727

9406.024592

9192.419230

9192.419230

9406.024592

9881.726727

10075.033333

10133.999712

10289.662792

10382.344220

10342.161270

10156.098013

9846.999552

9451.855891

9021.587582

8609.475002

8245.290494

7943.776738

7702.321548

7518.984584

7392.893923

7332.241570

7343.671684

7428.445569

7571.983901

7750.290007

7937.897289

8115.767790

8275.764539

8403.933243

8485.169458

8515.876262

8541.277959

8531.328594

8487.654157

8447.215092

8346.870958

8188.349739

7990.157730

7778.730023

7583.308214

7433.875202

7356.460476

7365.763797

7457.937969

7620.921326

7840.579133

8114.731379

8451.420448

8867.801349

9375.712483

9967.794049

10594.983629

11158.901615

11533.385326

11609.406365

11382.966237

10924.198179

10430.934869

9858.763558

9293.205186

8612.290443

8810.033993

8810.033993

8612.290443

9293.205186

9858.763558

10430.934869

10924.198179

11382.966237

11609.406365

11533.385326

11158.901615

10594.983629

9967.794049

9375.712483

8867.801349

8451.420448

8114.731379

7840.579133

7620.921326

7457.937969

7365.763797

7356.460476

7433.875202

7583.308214

7778.730023

7990.157730

8188.349739

8346.870958

8447.215092

8487.654157

8531.328594

8498.015998

8439.427212

8380.908754

8275.095064

8106.469066

7899.453717

7688.731869

7515.019266

7410.358666

7394.548197

7466.080362

7613.061925

7815.310621

8061.766095

8349.917654

8690.209608

9096.561160

9577.861567

10121.605776

10679.953586

11161.838324

11450.377134

11459.975326

11166.239856

10666.819209

10013.144805

9312.172624

8531.773431

8242.007693

8649.744275

8649.744275

8242.007693

8531.773431

9312.172624

10013.144805

10666.819209

11166.239856

11459.975326

11450.377134

11161.838324

10679.953586

10121.605776

9577.861567

9096.561160

8690.209608

8349.917654

8061.766095

7815.310621

7613.061925

7466.080362

7394.548197

7410.358666

7515.019266

7688.731869

7899.453717

8106.469066

8275.095064

8380.908754

8439.427212

8498.015998

8448.881882

8370.305595

8298.742106

8190.833008

8035.610167

7849.183219

7673.416054

7545.014238

7491.539901

7516.041471

7611.352832

7757.052845

7940.020816

8148.919446

8385.082050

8652.172700

8956.405086

9294.413155

9651.151998

9987.652088

10253.218425

10387.624158

10354.908213

10154.270288

9810.866532

9376.528303

8886.064958

8502.666009

8582.685501

8846.499112

8846.499112

8582.685501

8502.666009

8886.064958

9376.528303

9810.866532

10154.270288

10354.908213

10387.624158

10253.218425

9987.652088

9651.151998

9294.413155

8956.405086

8652.172700

8385.082050

8148.919446

7940.020816

7757.052845

7611.352832

7516.041471

7491.539901

7545.014238

7673.416054

7849.183219

8035.610167

8190.833008

8298.742106

8370.305595

8448.881882

8385.384845

8291.503473

8207.247837

8109.612905

7981.879302

7843.253935

7723.367545

7654.122683

7642.313107

7685.374630

7764.534818

7870.298750

7990.319549

8125.623103

8274.569953

8441.546997

8623.145507

8815.471983

8999.016804

9155.346965

9248.814095

9268.407883

9202.116084

9084.923630

8945.318315

8840.756001

8791.418779

8910.968736

9250.397022

9058.534651

9058.534651

9250.397022

8910.968736

8791.418779

8840.756001

8945.318315

9084.923630

9202.116084

9268.407883

9248.814095

9155.346965

8999.016804

8815.471983

8623.145507

8441.546997

8274.569953

8125.623103

7990.319549

7870.298750

7764.534818

7685.374630

7642.313107

7654.122683

7723.367545

7843.253935

7981.879302

8109.612905

8207.247837

8291.503473

8385.384845

8316.363735

8208.218121

8121.459995

8040.034892

7956.302685

7875.501488

7822.501227

7805.159563

7823.419833

7858.064346

7901.895571

7944.467331

7992.892289

8047.497448

8117.095841

8199.751957

8297.689484

8398.148623

8493.124902

8550.493508

8560.350711

8498.715656

8407.897738

8321.288054

8344.055319

8518.505243

8899.510455

9352.305047

9598.894780

9270.319214

9270.319214

9598.894780

9352.305047

8899.510455

8518.505243

8344.055319

8321.288054

8407.897738

8498.715656

8560.350711

8550.493508

8493.124902

8398.148623

8297.689484

8199.751957

8117.095841

8047.497448

7992.892289

7944.467331

7901.895571

7858.064346

7823.419833

7805.159563

7822.501227

7875.501488

7956.302685

8040.034892

8121.459995

8208.218121

8316.363735

8248.990304

8132.903254

8048.056014

7994.910360

7957.240870

7939.071494

7941.858045

7966.568239

7992.757500

8010.645119

8008.346710

7997.915188

7984.399676

7985.047356

8002.144935

8044.833385

8105.722199

8184.399255

8251.174207

8289.882221

8252.074088

8154.328944

8006.344851

7931.548805

8008.164859

8371.889800

8992.131916

9649.837779

9749.561222

9280.620441

9280.620441

9749.561222

9649.837779

8992.131916

8371.889800

8008.164859

7931.548805

8006.344851

8154.328944

8252.074088

8289.882221

8251.174207

8184.399255

8105.722199

8044.833385

8002.144935

7985.047356

7984.399676

7997.915188

8008.346710

8010.645119

7992.757500

7966.568239

7941.858045

7939.071494

7957.240870

7994.910360

8048.056014

8132.903254

8248.990304

8192.063632

8071.337866

7999.157987

7973.787288

7983.519773

8013.268495

8060.351342

8105.091710

8133.605077

8127.947311

8098.053659

8050.915089

8011.532774

7987.466139

7996.077322

8035.934563

8116.374507

8216.748423

8324.583992

8375.713942

8346.634368

8188.384406

7986.693427

7812.997673

7866.153832

8205.737803

8845.386728

9516.578345

9590.955200

9202.531597

9202.531597

9590.955200

9516.578345

8845.386728

8205.737803

7866.153832

7812.997673

7986.693427

8188.384406

8346.634368

8375.713942

8324.583992

8216.748423

8116.374507

8035.934563

7996.077322

7987.466139

8011.532774

8050.915089

8098.053659

8127.947311

8133.605077

8105.091710

8060.351342

8013.268495

7983.519773

7973.787288

7999.157987

8071.337866

8192.063632

8152.558694

8035.333894

7975.770392

7979.304084

8020.342248

8084.928534

8152.966789

8210.179592

8232.864965

8221.814871

8179.713978

8133.858188

8095.738649

8090.417208

8121.978989

8210.420569

8347.977260

8538.107970

8722.983539

8857.768595

8830.336330

8634.993144

8274.163393

7954.257169

7797.696283

7975.681398

8353.838273

8736.603411

8815.471714

9227.336371

9227.336371

8815.471714

8736.603411

8353.838273

7975.681398

7797.696283

7954.257169

8274.163393

8634.993144

8830.336330

8857.768595

8722.983539

8538.107970

8347.977260

8210.420569

8121.978989

8090.417208

8095.738649

8133.858188

8179.713978

8221.814871

8232.864965

8210.179592

8152.966789

8084.928534

8020.342248

7979.304084

7975.770392

8035.333894

8152.558694

8135.959003

8028.037732

7984.357032

8001.976522

8061.790064

8137.014304

8214.979298

8272.382137

8300.879335

8293.743905

8272.559206

8249.238043

8253.482798

8293.175585

8396.839608

8568.156666

8830.689428

9149.064240

9491.824408

9723.850390

9751.245193

9452.747558

8928.223270

8328.498822

7954.145282

7793.643243

7802.430814

7643.750293

7744.713212

9532.269352

9532.269352

7744.713212

7643.750293

7802.430814

7793.643243

7954.145282

8328.498822

8928.223270

9452.747558

9751.245193

9723.850390

9491.824408

9149.064240

8830.689428

8568.156666

8396.839608

8293.175585

8253.482798

8249.238043

8272.559206

8293.743905

8300.879335

8272.382137

8214.979298

8137.014304

8061.790064

8001.976522

7984.357032

8028.037732

8135.959003

8148.345775

8057.976323

8019.544285

8041.974892

8097.831162

8171.644740

8243.704472

8304.434043

8339.281626

8358.374459

8369.422004

8402.098598

8466.445368

8595.067759

8797.909549

9113.117145

9527.857259

10039.154747

10532.472989

10897.317135

10936.571022

10581.402915

9881.252258

9102.655349

8453.869936

8050.209217

7493.367290

6845.207108

6581.966003

9885.299332

9885.299332

6581.966003

6845.207108

7493.367290

8050.209217

8453.869936

9102.655349

9881.252258

10581.402915

10936.571022

10897.317135

10532.472989

10039.154747

9527.857259

9113.117145

8797.909549

8595.067759

8466.445368

8402.098598

8369.422004

8358.374459

8339.281626

8304.434043

8243.704472

8171.644740

8097.831162

8041.974892

8019.544285

8057.976323

8148.345775

8194.074066

8122.184493

8084.487475

8092.432280

8135.402244

8192.079926

8256.650558

8314.432769

8365.702724

8410.507509

8473.416508

8565.832340

8720.976427

8950.242306

9295.653924

9757.392413

10348.373743

10975.471009

11552.129720

11904.046813

11927.138493

11597.703196

10972.963085

10270.330013

9611.368309

8877.675721

7910.731528

6488.682736

5480.324948

9968.438170

9968.438169

5480.324948

6488.682736

7910.731527

8877.675721

9611.368309

10270.330014

10972.963085

11597.703196

11927.138493

11904.046813

11552.129720

10975.471009

10348.373743

9757.392413

9295.653924

8950.242306

8720.976427

8565.832340

8473.416508

8410.507509

8365.702724

8314.432769

8256.650558

8192.079926

8135.402244

8092.432280

8084.487475

8122.184493

8194.074066

8280.160488

8223.834838

8171.393659

8160.780992

8178.248159

8217.715300

8267.249428

8325.059163

8384.209743

8459.971243

8563.138218

8725.891951

8960.504988

9304.952469

9762.979050

10345.531437

10965.665149

11534.373768

11910.118243

12064.079460

12041.398977

11878.053238

11759.544032

11607.953022

11479.676235

10874.881163

9195.975622

7043.708413

4861.114390

9057.288866

9057.288866

4861.114390

7043.708413

9195.975622

10874.881163

11479.676235

11607.953022

11759.544032

11878.053238

12041.398977

12064.079460

11910.118243

11534.373768

10965.665149

10345.531437

9762.979050

9304.952469

8960.504988

8725.891951

8563.138218

8459.971243

8384.209743

8325.059163

8267.249428

8217.715300

8178.248159

8160.780992

8171.393659

8223.834838

8280.160488

8408.972250

8353.974681

8284.641587

8245.922588

8243.010097

8260.791630

8298.674379

8347.198285

8411.752906

8498.157851

8634.637267

8835.455982

9133.300895

9531.905645

10034.242515

10561.592872

11003.825140

11227.042740

11233.879795

11135.920236

11053.935012

11167.616250

11487.345783

12280.742442

13228.317929

13870.939374

12204.995062

8590.582839

5553.096558

8427.557280

8427.557280

5553.096558

8590.582839

12204.995062

13870.939374

13228.317929

12280.742442

11487.345783

11167.616250

11053.935012

11135.920236

11233.879795

11227.042740

11003.825140

10561.592872

10034.242515

9531.905645

9133.300895

8835.455982

8634.637267

8498.157851

8411.752906

8347.198285

8298.674379

8260.791630

8243.010097

8245.922588

8284.641587

8353.974681

8408.972250

8583.387102

8513.712798

8416.877100

8358.941429

8334.834143

8339.588297

8360.913513

8398.148816

8448.549708

8531.288168

8660.876832

8865.796434

9150.706737

9515.494449

9901.749409

10197.875423

10279.929432

10119.872779

9832.889610

9549.839945

9415.947856

9449.320160

9813.877007

10624.918883

12127.928296

13965.199831

15122.658705

11422.751980

7192.130597

8092.179548

8092.179547

7192.130597

11422.751980

15122.658705

13965.199831

12127.928296

10624.918883

9813.877007

9449.320160

9415.947856

9549.839945

9832.889610

10119.872779

10279.929432

10197.875423

9901.749409

9515.494449

9150.706737

8865.796434

8660.876832

8531.288168

8448.549708

8398.148816

8360.913513

8339.588297

8334.834143

8358.941429

8416.877100

8513.712798

8583.387102

8795.794148

8693.597548

8574.193533

8496.270764

8464.572788

8456.448073

8464.725729

8477.737576

8501.505483

8545.573358

8633.940121

8773.692009

8966.915121

9180.331816

9328.971760

9319.163563

9082.352745

8694.267606

8248.825246

7859.832879

7513.876100

7274.845284

7152.580974

7316.803142

8045.815174

8827.508487

9750.656203

11508.060270

12069.935112

7710.375303

7710.375302

12069.935112

11508.060270

9750.656204

8827.508487

8045.815174

7316.803142

7152.580974

7274.845284

7513.876100

7859.832879

8248.825246

8694.267606

9082.352745

9319.163563

9328.971760

9180.331816

8966.915121

8773.692009

8633.940121

8545.573358

8501.505483

8477.737576

8464.725729

8456.448073

8464.572788

8496.270764

8574.193533

8693.597548

8795.794148

9040.421914

8896.052800

8748.760131

8663.119011

8624.537074

8612.167709

8601.502012

8584.066631

8557.503487

8537.932971

8535.910217

8558.011822

8590.934394

8585.523913

8490.106991

8224.755687

7825.467429

7334.070997

6836.907437

6334.588089

5848.124068

5364.938275

5012.952832

4903.689336

5165.686288

5953.787347

6382.069159

7775.965717

13865.121724

7807.711943

7807.711943

13865.121724

7775.965717

6382.069159

5953.787347

5165.686288

4903.689336

5012.952832

5364.938275

5848.124068

6334.588089

6836.907437

7334.070997

7825.467429

8224.755687

8490.106991

8585.523913

8590.934394

8558.011822

8535.910217

8537.932971

8557.503487

8584.066631

8601.502012

8612.167709

8624.537074

8663.119011

8748.760131

8896.052800

9040.421914

9299.801088

9113.235006

8944.561586

8846.658617

8808.105000

8786.519176

8755.316478

8694.264966

8603.537301

8493.393802

8375.678284

8251.794220

8100.510773

7903.620700

7599.175200

7208.555679

6730.663539

6238.126055

5737.932121

5225.364419

4728.586671

4290.640426

4009.420513

3976.675420

4339.483774

5178.452217

6392.026986

7669.467974

12789.219279

10445.022099

10445.022098

12789.219278

7669.467974

6392.026986

5178.452217

4339.483774

3976.675420

4009.420513

4290.640426

4728.586671

5225.364419

5737.932121

6238.126055

6730.663539

7208.555679

7599.175200

7903.620700

8100.510773

8251.794220

8375.678284

8493.393802

8603.537301

8694.264966

8755.316478

8786.519176

8808.105000

8846.658617

8944.561586

9113.235006

9299.801088

9569.327031

9345.433633

9150.622821

9040.692692

8989.534651

8953.140633

8890.222048

8777.948472

8613.915911

8408.724430

8176.184682

7912.831328

7618.068770

7254.158077

6843.502754

6372.287372

5917.150977

5475.270879

5048.942066

4655.805899

4280.746894

4063.621421

3971.490899

4155.484608

4569.598864

5498.074725

6926.204077

10029.092371

16959.066316

12468.402469

12468.402468

16959.066315

10029.092371

6926.204076

5498.074724

4569.598864

4155.484608

3971.490899

4063.621421

4280.746894

4655.805899

5048.942066

5475.270879

5917.150977

6372.287372

6843.502754

7254.158077

7618.068770

7912.831328

8176.184682

8408.724430

8613.915911

8777.948472

8890.222048

8953.140633

8989.534651

9040.692692

9150.622821

9345.433633

9569.327031

9833.355487

9584.703689

9363.613292

9223.782978

9144.579219

9072.481386

8964.596361

8797.794622

8566.415996

8287.244229

7965.753646

7609.747373

7195.555043

6742.173240

6245.416544

5796.495591

5398.578318

5087.972888

4834.535133

4612.475931

4527.814026

4521.268357

4745.019249

5032.754758

5537.558785

6353.661585

8142.206366

13395.818021

18274.753072

25109.112786

25109.112786

18274.753072

13395.818021

8142.206366

6353.661585

5537.558785

5032.754758

4745.019249

4521.268357

4527.814026

4612.475931

4834.535133

5087.972888

5398.578318

5796.495591

6245.416544

6742.173240

7195.555043

7609.747373

7965.753646

8287.244229

8566.415996

8797.794622

8964.596361

9072.481386

9144.579219

9223.782978

9363.613292

9584.703689

9833.355487

10099.045489

9826.233567

9568.351223

9380.692539

9243.392585

9109.817859

8944.816283

8724.414963

8453.698218

8133.468429

7774.416394

7354.182531

6877.723322

6345.380617

5856.863338

5451.971123

5211.522219

5083.915750

5066.332522

5152.538470

5310.475047

5659.442990

5980.048324

6150.421395

6239.739264

6804.285721

9512.803010

14384.122922

14484.605730

22623.422710

22623.422710

14484.605730

14384.122921

9512.803010

6804.285721

6239.739264

6150.421395

5980.048324

5659.442990

5310.475047

5152.538470

5066.332522

5083.915750

5211.522219

5451.971123

5856.863338

6345.380617

6877.723322

7354.182531

7774.416394

8133.468429

8453.698218

8724.414963

8944.816283

9109.817859

9243.392585

9380.692539

9568.351223

9826.233567

10099.045489

10355.215281

10062.406712

9754.083506

9491.890018

9267.151439

9050.376212

8816.666152

8562.927063

8277.168516

7964.877866

7595.223433

7154.415208

6623.876845

6086.483538

5627.258363

5372.806494

5305.075845

5456.712805

5732.512978

6124.383955

6620.066177

7059.612355

7252.521968

6766.286626

6296.127078

7815.208495

11839.029719

13954.453820

14637.775780

20277.156362

20277.156362

14637.775780

13954.453820

11839.029719

7815.208495

6296.127078

6766.286626

7252.521968

7059.612355

6620.066177

6124.383955

5732.512978

5456.712805

5305.075845

5372.806494

5627.258363

6086.483538

6623.876845

7154.415208

7595.223433

7964.877866

8277.168516

8562.927063

8816.666152

9050.376212

9267.151439

9491.890018

9754.083506

10062.406712

10355.215281

10614.272737

10283.163353

9906.452451

9546.701191

9214.533497

8900.343133

8610.436987

8334.170447

8071.144172

7780.111845

7431.569832

6971.607274

6435.771176

5917.175583

5579.700842

5480.087151

5682.134456

6091.291770

6714.386847

7384.153569

8035.525323

8470.360905

7994.852667

6838.007824

6981.517095

9929.222598

13474.830368

13547.539432

14008.405948

16608.209200

16608.209200

14008.405948

13547.539432

13474.830368

9929.222598

6981.517095

6838.007824

7994.852667

8470.360905

8035.525323

7384.153569

6714.386847

6091.291770

5682.134456

5480.087151

5579.700842

5917.175583

6435.771176

6971.607274

7431.569832

7780.111845

8071.144172

8334.170447

8610.436987

8900.343133

9214.533497

9546.701191

9906.452451

10283.163353

10614.272737

10858.754763

10480.237375

10014.609652

9543.860729

9097.548063

8700.701591

8364.212430

8096.272816

7855.466259

7605.260766

7263.566592

6809.954709

6284.764791

5852.558975

5648.307938

5769.393964

6184.977075

6911.343257

7738.512008

8645.508960

9341.537349

9431.692262

8378.869680

7417.360594

8789.758691

12257.066096

13378.353781

12741.087162

12604.094786

16872.016747

16872.016747

12604.094786

12741.087162

13378.353781

12257.066096

8789.758691

7417.360594

8378.869680

9431.692262

9341.537349

8645.508960

7738.512008

6911.343257

6184.977075

5769.393964

5648.307938

5852.558975

6284.764791

6809.954709

7263.566592

7605.260766

7855.466259

8096.272816

8364.212430

8700.701591

9097.548063

9543.860729

10014.609652

10480.237375

10858.754763

11092.108741

10638.141883

10073.023109

9489.572716

8948.656090

8488.010365

8139.646068

7880.439377

7677.623550

7441.877228

7116.876079

6664.664519

6192.177562

5863.214826

5823.298559

6115.513302

6763.211109

7636.539762

8708.044408

9605.246080

10311.525205

10076.830470

8982.911443

9008.684802

11290.841672

12979.981000

12434.547760

11183.409945

11358.062259

17229.459580

17229.459580

11358.062259

11183.409945

12434.547760

12979.981000

11290.841672

9008.684802

8982.911443

10076.830470

10311.525205

9605.246080

8708.044408

7636.539762

6763.211109

6115.513302

5823.298559

5863.214826

6192.177562

6664.664519

7116.876079

7441.877228

7677.623550

7880.439377

8139.646068

8488.010365

8948.656090

9489.572716

10073.023109

10638.141883

11092.108741

11282.456096

10747.922473

10078.881930

9402.254034

8793.225638

8309.839352

7961.723512

7732.915517

7544.350723

7329.567166

6997.890810

6570.942536

6160.197766

5945.962367

6038.723825

6476.866310

7227.482853

8276.223717

9306.775234

10336.896373

10753.776071

10589.713299

10270.335925

11286.619830

12660.697428

12258.283992

11362.464218

9747.701734

10303.327711

22447.120176

22447.120176

10303.327711

9747.701734

11362.464218

12258.283992

12660.697428

11286.619830

10270.335925

10589.713299

10753.776071

10336.896373

9306.775234

8276.223717

7227.482853

6476.866310

6038.723825

5945.962367

6160.197766

6570.942536

6997.890810

7329.567166

7544.350723

7732.915517

7961.723512

8309.839352

8793.225638

9402.254034

10078.881930

10747.922473

11282.456096

11419.965732

10794.319506

10039.080362

9296.820958

8662.878184

8180.654093

7862.220668

7651.904711

7488.974772

7267.741286

6946.457952

6538.858159

6197.749380

6077.648737

6260.324782

6763.047936

7594.085739

8614.165908

9758.178794

10458.899738

10973.196140

11217.794776

11746.302783

12805.454801

12165.562745

11655.402177

10044.156504

9527.715569

11046.240380

25753.388704

25753.388704

11046.240380

9527.715569

10044.156504

11655.402177

12165.562745

12805.454801

11746.302783

11217.794776

10973.196140

10458.899738

9758.178794

8614.165908

7594.085739

6763.047936

6260.324782

6077.648737

6197.749380

6538.858159

6946.457952

7267.741286

7488.974772

7651.904711

7862.220668

8180.654093

8662.878184

9296.820958

10039.080362

10794.319506

11419.965732

11467.630822

10774.776351

9959.365220

9193.772997

8566.112021

8119.490441

7830.921642

7656.159562

7497.505394

7287.484984

6960.519192

6585.533259

6296.214128

6233.943415

6453.806172

6971.358102

7772.613457

8829.431542

9739.131626

10485.537736

10947.364590

11704.938376

12754.743958

12222.195152

11782.441938

10650.814561

10494.621703

9527.645209

14494.085915

27730.965761

27730.965761

14494.085914

9527.645209

10494.621703

10650.814561

11782.441938

12222.195152

12754.743958

11704.938376

10947.364590

10485.537737

9739.131626

8829.431542

7772.613457

6971.358102

6453.806172

6233.943415

6296.214128

6585.533259

6960.519192

7287.484984

7497.505394

7656.159562

7830.921642

8119.490441

8566.112021

9193.772997

9959.365220

10774.776351

11467.630822

11418.859799

10684.591378

9853.210615

9099.604714

8515.140566

8113.317371

7875.303644

7722.837842

7588.188046

7371.476870

7059.001485

6697.504706

6442.403833

6397.546619

6608.233255

7083.419301

7851.181732

8776.761444

9666.609337

10269.951905

10986.943470

11884.392517

11960.656532

11322.534509

10658.391635

11601.209539

10948.393594

13153.379331

16114.285892

23802.108496

23802.108496

16114.285892

13153.379331

10948.393594

11601.209539

10658.391635

11322.534509

11960.656532

11884.392517

10986.943470

10269.951905

9666.609337

8776.761444

7851.181732

7083.419301

6608.233255

6397.546619

6442.403833

6697.504706

7059.001485

7371.476870

7588.188046

7722.837842

7875.303644

8113.317371

8515.140566

9099.604714

9853.210615

10684.591378

11418.859799

11258.208285

10534.274574

9726.419698

9024.308166

8498.488961

8163.700873

7969.163927

7859.996076

7734.425725

7536.236551

7218.366640

6873.718472

6616.994541

6560.067621

6720.743580

7138.948479

7808.471566

8659.512242

9479.016352

10169.608762

10892.824478

11061.581428

10493.859744

9777.506269

10557.588683

12025.564761

15782.376837

15901.499310

19816.865529

16850.838288

16850.838288

19816.865529

15901.499310

15782.376837

12025.564761

10557.588683

9777.506269

10493.859743

11061.581428

10892.824478

10169.608762

9479.016352

8659.512242

7808.471566

7138.948479

6720.743580

6560.067621

6616.994541

6873.718472

7218.366640

7536.236551

7734.425725

7859.996076

7969.163927

8163.700873

8498.488961

9024.308166

9726.419698

10534.274574

11258.208285

11005.179072

10331.644594

9590.751891

8960.541938

8516.147910

8244.541788

8113.794591

8036.165176

7947.995369

7750.661348

7447.791512

7086.838669

6820.267217

6710.592038

6818.379756

7141.525047

7727.565565

8513.103990

9327.603006

10080.925283

10231.721101

9868.859286

8753.237751

8510.975652

9827.056318

15097.681961

19904.637644

23874.179496

16467.687655

11758.010912

11758.010912

16467.687655

23874.179496

19904.637644

15097.681961

9827.056318

8510.975652

8753.237751

9868.859286

10231.721101

10080.925283

9327.603006

8513.103990

7727.565565

7141.525048

6818.379756

6710.592038

6820.267217

7086.838669

7447.791512

7750.661348

7947.995369

8036.165176

8113.794591

8244.541788

8516.147910

8960.541938

9590.751891

10331.644594

11005.179072

10677.250681

10096.867657

9445.818199

8910.793353

8545.274436

8353.882681

8275.063947

8257.280256

8191.877781

8027.799759

7711.713255

7347.941460

7028.990096

6876.626065

6888.975820

7144.884515

7629.796984

8385.529513

9259.861648

9658.680857

9499.454642

8383.977698

7502.001946

7332.097641

9695.556272

15333.104204

25718.268090

23514.221544

21069.368079

11913.015223

11913.015223

21069.368080

23514.221542

25718.268090

15333.104204

9695.556272

7332.097641

7502.001946

8383.977698

9499.454642

9658.680857

9259.861649

8385.529513

7629.796984

7144.884515

6888.975820

6876.626065

7028.990096

7347.941460

7711.713255

8027.799759

8191.877781

8257.280256

8275.063947

8353.882681

8545.274436

8910.793353

9445.818199

10096.867657

10677.250681

10313.773640

9841.551307

9301.401863

8859.127114

8584.995322

8458.587315

8454.796767

8481.099088

8476.422985

8323.565012

8027.647370

7621.745530

7273.611861

7029.943983

6986.087538

7119.803659

7574.058021

8305.877185

9087.476760

9306.203967

8583.477260

7502.701438

6455.788267

6932.547267

9203.349256

15127.948439

17803.273996

20544.983009

16588.597673

18357.848912

18357.848912

16588.597673

20544.983009

17803.273996

15127.948439

9203.349256

6932.547267

6455.788267

7502.701438

8583.477260

9306.203967

9087.476760

8305.877185

7574.058021

7119.803659

6986.087538

7029.943983

7273.611861

7621.745530

8027.647370

8323.565012

8476.422985

8481.099088

8454.796767

8458.587315

8584.995322

8859.127114

9301.401863

9841.551307

10313.773640

9941.211387

9587.221539

9152.114235

8810.007427

8608.244569

8561.193712

8610.178137

8714.377476

8748.717184

8654.095220

8347.169070

7939.220106

7515.215098

7223.873591

7055.442764

7147.114428

7502.480183

8278.626137

8935.145750

8978.588903

8160.426429

6934.068054

6242.770401

6905.795415

9882.251536

13093.785916

15177.467556

9944.469298

26184.466974

21900.464260

21900.464260

26184.466974

9944.469298

15177.467556

13093.785916

9882.251536

6905.795415

6242.770401

6934.068054

8160.426429

8978.588903

8935.145750

8278.626137

7502.480183

7147.114428

7055.442764

7223.873591

7515.215098

7939.220106

8347.169070

8654.095220

8748.717184

8714.377476

8610.178137

8561.193712

8608.244569

8810.007427

9152.114235

9587.221539

9941.211387

9592.243122

9340.307828

9010.078156

8746.071789

8622.608026

8625.873597

8749.936152

8901.962527

9021.539741

8956.133646

8696.476707

8248.946869

7801.046526

7402.224327

7178.067123

7137.933805

7525.255848

8179.973413

8911.089499

8811.928603

8133.669337

6970.743733

6736.028277

7921.608650

9819.151802

11777.271028

11750.599272

11771.707499

12138.671054

17793.658222

17793.658223

12138.671054

11771.707499

11750.599272

11777.271028

9819.151802

7921.608650

6736.028277

6970.743733

8133.669337

8811.928603

8911.089499

8179.973413

7525.255848

7137.933805

7178.067123

7402.224327

7801.046526

8248.946869

8696.476707

8956.133646

9021.539741

8901.962527

8749.936152

8625.873597

8622.608026

8746.071789

9010.078156

9340.307828

9592.243122

9278.204807

9118.318967

8867.709098

8680.660262

8603.572054

8668.287506

8828.481372

9060.497081

9225.498904

9251.065267

9004.797377

8588.193050

8072.695303

7630.267786

7279.525826

7212.898030

7479.851405

8208.427315

8738.595909

8975.857829

8204.956910

7590.949176

7873.171718

8892.619842

9127.827321

9362.035649

11227.189805

11008.761969

7762.932314

4911.613850

4911.613850

7762.932314

11008.761969

11227.189805

9362.035649

9127.827321

8892.619842

7873.171718

7590.949176

8204.956910

8975.857829

8738.595909

8208.427315

7479.851405

7212.898030

7279.525826

7630.267786

8072.695303

8588.193050

9004.797377

9251.065267

9225.498904

9060.497081

8828.481372

8668.287506

8603.572054

8680.660262

8867.709098

9118.318967

9278.204807

9014.634700

8919.153419

8740.837404

8599.331263

8572.581795

8658.286860

8872.391216

9132.750015

9387.620256

9455.662523

9303.071934

8880.787629

8377.096730

7846.178636

7448.902677

7269.996095

7532.196556

8076.087625

8750.846946

8776.172429

8581.430521

8222.546278

9386.807632

9480.136196

8314.941243

9290.488815

13372.173594

16485.933566

8213.100152

12066.183378

12066.183376

8213.100151

16485.933566

13372.173594

9290.488815

8314.941243

9480.136196

9386.807632

8222.546278

8581.430521

8776.172429

8750.846946

8076.087625

7532.196556

7269.996095

7448.902677

7846.178636

8377.096730

8880.787629

9303.071934

9455.662523

9387.620256

9132.750015

8872.391216

8658.286860

8572.581795

8599.331263

8740.837404

8919.153419

9014.634700

8796.402137

8755.097135

8620.331564

8524.075262

8511.768456

8628.828419

8845.536973

9158.855092

9437.714065

9609.368990

9496.491727

9166.014444

8637.788179

8106.756108

7625.495477

7408.194858

7541.051567

8039.574523

8461.939538

8705.775154

8361.202932

9082.002908

10476.588715

10029.669255

8833.576887

9140.072926

12681.431854

9400.186755

10871.007631

3349.424706

3349.424706

10871.007630

9400.186755

12681.431854

9140.072926

8833.576887

10029.669255

10476.588715

9082.002908

8361.202932

8705.775154

8461.939538

8039.574523

7541.051567

7408.194858

7625.495477

8106.756108

8637.788179

9166.014444

9496.491727

9609.368990

9437.714065

9158.855092

8845.536973

8628.828419

8511.768456

8524.075262

8620.331564

8755.097135

8796.402137

8628.132114

8617.164030

8523.163459

8442.820800

8452.480189

8559.291874

8794.223141

9095.761505

9432.243156

9629.048177

9637.555386

9342.276785

8901.674741

8340.984742

7863.714236

7566.220800

7621.510752

7937.371638

8286.857793

8234.948769

8223.790373

9005.245006

11383.734774

11039.209805

8753.235437

7961.898656

6977.256508

9208.130150

3475.325651

15837.283074

15837.283075

3475.325651

9208.130150

6977.256508

7961.898656

8753.235437

11039.209805

11383.734774

9005.245006

8223.790373

8234.948769

8286.857793

7937.371638

7621.510752

7566.220800

7863.714236

8340.984742

8901.674741

9342.276785

9637.555386

9629.048177

9432.243156

9095.761505

8794.223141

8559.291874

8452.480189

8442.820800

8523.163459

8617.164030

8628.132114

8497.161037

8513.766131

8438.010845

8379.592349

8380.549486

8490.806475

8694.561865

9004.921681

9320.661740

9589.718332

9632.272314

9475.215342

9065.194911

8596.481101

8095.005923

7790.315203

7732.817691

7932.082943

8094.256855

7987.411272

7694.045797

8505.460468

10831.519458

11421.984209

9230.866539

7261.530585

7763.459635

4562.514835

7927.053275

15513.965427

15513.965427

7927.053275

4562.514835

7763.459635

7261.530585

9230.866539

11421.984209

10831.519458

8505.460468

7694.045797

7987.411272

8094.256855

7932.082943

7732.817691

7790.315203

8095.005923

8596.481101

9065.194911

9475.215342

9632.272314

9589.718332

9320.661740

9004.921681

8694.561865

8490.806475

8380.549486

8379.592349

8438.010845

8513.766131

8497.161037

8405.145502

8432.643191

8379.491474

8321.122178

8326.309807

8406.492022

8597.479914

8858.800452

9181.686927

9433.456655

9574.401683

9462.774695

9203.329756

8765.682784

8360.561577

8016.619052

7928.910275

8004.747786

8118.756273

7856.473039

7414.348942

7443.746176

8904.295072

10125.321300

9631.451827

9256.344271

7216.713383

5666.153590

6368.254636

13644.854123

13644.854123

6368.254636

5666.153590

7216.713383

9256.344271

9631.451827

10125.321300

8904.295072

7443.746176

7414.348942

7856.473039

8118.756273

8004.747786

7928.910275

8016.619052

8360.561577

8765.682784

9203.329756

9462.774695

9574.401683

9433.456655

9181.686927

8858.800452

8597.479914

8406.492022

8326.309807

8321.122178

8379.491474

8432.643191

8405.145502

8339.117372

8380.033807

8333.778155

8286.650340

8273.695148

8341.730621

8483.055447

8719.090972

8983.989970

9256.582960

9398.202244

9413.027309

9206.240660

8925.514064

8546.083059

8287.721392

8139.008028

8230.569000

8284.381191

8148.265602

7338.420210

6793.975876

6721.506185

7511.512160

8113.055607

10740.767468

9398.681790

6200.838015

6559.933222

10172.351074

10172.351075

6559.933222

6200.838016

9398.681790

10740.767469

8113.055607

7511.512160

6721.506185

6793.975876

7338.420210

8148.265602

8284.381191

8230.569000

8139.008028

8287.721392

8546.083059

8925.514064

9206.240660

9413.027309

9398.202244

9256.582960

8983.989970

8719.090972

8483.055447

8341.730621

8273.695148

8286.650340

8333.778155

8380.033807

8339.117372

8301.660523

8343.262519

8311.316748

8259.647444

8244.666278

8277.338326

8391.755695

8563.058407

8800.662642

9022.478267

9213.152097

9251.161471

9188.344383

8960.247956

8730.583890

8479.093889

8416.077477

8463.278005

8715.445066

8608.564163

8027.167884

6603.600273

5864.411865

5398.287625

6013.070098

7482.347754

13261.116265

9539.008554

6716.136453

8361.711325

8361.711325

6716.136453

9539.008554

13261.116265

7482.347754

6013.070098

5398.287625

5864.411865

6603.600273

8027.167884

8608.564163

8715.445066

8463.278005

8416.077477

8479.093889

8730.583890

8960.247956

9188.344383

9251.161471

9213.152097

9022.478267

8800.662642

8563.058407

8391.755695

8277.338326

8244.666278

8259.647444

8311.316748

8343.262519

8301.660523

8282.210035

8327.410684

8296.727048

8252.619739

8219.774359

8237.635658

8301.919721

8437.101007

8605.563242

8813.418174

8974.697816

9091.949300

9068.320176

8986.465537

8800.240529

8677.054080

8602.020874

8775.724387

9049.571441

9446.136658

8985.987996

7697.548611

5883.264018

5126.309248

4841.152094

5876.932763

7843.010845

14234.766904

11069.039527

6560.372931

6560.372931

11069.039527

14234.766903

7843.010845

5876.932763

4841.152094

5126.309248

5883.264018

7697.548611

8985.987996

9446.136658

9049.571441

8775.724387

8602.020874

8677.054080

8800.240529

8986.465537

9068.320176

9091.949300

8974.697816

8813.418174

8605.563242

8437.101007

8301.919721

8237.635658

8219.774359

8252.619739

8296.727048

8327.410684

8282.210035

8284.314770

8320.825307

8297.155151

8247.393619

8213.198969

8201.328988

8241.223430

8317.522785

8450.867582

8598.273415

8769.735506

8883.018533

8959.669846

8924.631461

8872.357049

8772.874507

8792.157746

8929.802946

9370.927341

9885.791565

10254.555407

9290.399695

7402.506310

5754.934078

5369.113033

5319.988713

6781.349718

8124.729658

13122.818449

9294.069462

9294.069462

13122.818449

8124.729658

6781.349718

5319.988713

5369.113033

5754.934077

7402.506310

9290.399695

10254.555407

9885.791565

9370.927341

8929.802946

8792.157746

8772.874507

8872.357049

8924.631461

8959.669846

8883.018533

8769.735506

8598.273415

8450.867582

8317.522785

8241.223430

8201.328988

8213.198969

8247.393619

8297.155151

8320.825307

8284.314770

8298.843950

8327.942546

8298.208381

8252.980795

8205.555772

8185.447105

8187.574803

8235.994982

8310.203639

8433.515699

8561.719149

8710.626413

8805.051597

8879.448855

8872.971948

8876.026751

8876.074006

9031.392269

9362.200599

9966.770567

10551.881090

10589.658660

9384.138961

7567.569326

6420.994679

6353.747598

6523.644883

7366.604098

6926.557448

6243.621266

6243.621266

6926.557448

7366.604098

6523.644883

6353.747598

6420.994679

7567.569326

9384.138961

10589.658660

10551.881090

9966.770567

9362.200599

9031.392269

8876.074006

8876.026751

8872.971948

8879.448855

8805.051597

8710.626413

8561.719149

8433.515699

8310.203639

8235.994982

8187.574803

8185.447105

8205.555772

8252.980795

8298.208381

8327.942546

8298.843950

8328.430821

8338.709251

8306.811457

8254.250525

8209.063413

8170.685836

8161.402861

8168.866032

8218.332734

8288.958720

8408.768323

8532.593333

8681.645470

8786.609945

8883.307796

8911.948872

8947.964531

8998.143991

9199.997760

9585.167871

10092.121440

10498.753120

10305.892251

9536.066746

8597.338887

8457.925628

9217.888230

12070.234429

18266.420930

11090.055003

11090.055003

18266.420931

12070.234429

9217.888230

8457.925628

8597.338887

9536.066746

10305.892251

10498.753120

10092.121440

9585.167871

9199.997760

8998.143991

8947.964531

8911.948872

8883.307796

8786.609945

8681.645470

8532.593333

8408.768323

8288.958720

8218.332734

8168.866032

8161.402861

8170.685836

8209.063413

8254.250525

8306.811457

8338.709251

8328.430821

8363.371723

8357.431732

8312.787575

8262.077535

8209.191444

8172.518808

8142.063862

8138.369866

8147.506815

8200.353170

8275.404183

8403.984920

8538.569646

8703.422816

8825.719063

8930.059532

8945.865509

8942.917896

8957.474979

9113.638218

9438.986632

9801.438906

10094.030464

10166.266621

10214.212539

10759.851508

11778.071331

13629.336403

10645.270806

9040.006173

9040.006173

10645.270806

13629.336403

11778.071331

10759.851508

10214.212539

10166.266621

10094.030464

9801.438906

9438.986632

9113.638218

8957.474979

8942.917896

8945.865509

8930.059532

8825.719063

8703.422816

8538.569646

8403.984920

8275.404183

8200.353170

8147.506815

8138.369866

8142.063862

8172.518808

8209.191444

8262.077535

8312.787575

8357.431732

8363.371723

8404.390481

8376.196497

8325.182304

8267.440784

8220.178200

8174.989172

8146.046717

8119.366315

8119.857003

8134.045709

8197.298746

8283.745360

8426.295044

8571.262731

8741.994156

8850.215869

8913.136704

8858.901511

8789.145515

8764.320390

8906.210367

9190.673054

9531.140444

9784.541647

10041.091696

10072.118402

10082.242749

9508.114553

8980.140682

7934.364979

7934.364979

8980.140682

9508.114553

10082.242749

10072.118402

10041.091696

9784.541647

9531.140444

9190.673054

8906.210368

8764.320390

8789.145515

8858.901511

8913.136704

8850.215869

8741.994156

8571.262731

8426.295044

8283.745360

8197.298746

8134.045709

8119.857003

8119.366315

8146.046717

8174.989172

8220.178200

8267.440784

8325.182304

8376.196497

8404.390481

8441.690843

8399.361042

8337.896921

8283.042280

8231.774652

8193.163594

8153.243201

8128.454531

8105.231541

8113.681323

8137.363128

8212.315484

8305.130138

8449.853440

8582.974309

8729.249032

8787.397298

8795.190162

8693.993595

8624.247842

8605.181595

8741.903717

8920.751122

9127.104466

9166.365343

9101.518901

8830.428195

8709.219711

8209.532591

7926.523431

7926.523431

8209.532591

8709.219711

8830.428195

9101.518901

9166.365343

9127.104466

8920.751122

8741.903717

8605.181595

8624.247842

8693.993595

8795.190162

8787.397298

8729.249032

8582.974309

8449.853440

8305.130138

8212.315484

8137.363128

8113.681323

8105.231541

8128.454531

8153.243201

8193.163594

8231.774652

8283.042280

8337.896921

8399.361042

8441.690843

8476.190897

8420.877848

8358.969410

8302.054085

8257.525222

8213.435426

8179.480678

8142.185974

8122.870096

8107.047778

8125.409761

8154.833033

8230.285440

8311.740145

8437.241755

8536.811814

8647.605105

8667.605477

8669.618908

8583.702800

8554.823203

8502.560922

8532.995377

8468.470187

8414.550357

8185.908128

8080.748316

7823.775933

7600.589371

7404.654030

7404.654030

7600.589371

7823.775933

8080.748316

8185.908128

8414.550357

8468.470187

8532.995377

8502.560922

8554.823203

8583.702800

8669.618908

8667.605477

8647.605105

8536.811814

8437.241755

8311.740145

8230.285440

8154.833033

8125.409761

8107.047778

8122.870096

8142.185974

8179.480678

8213.435426

8257.525222

8302.054085

8358.969410

8420.877848

8476.190897

8502.032305

8443.819147

8382.208240

8333.065390

8287.794145

8249.820436

8208.474284

8178.169656

8146.360200

8135.409060

8126.242237

8146.259624

8167.268994

8225.390640

8280.146206

8377.049659

8446.725284

8539.660310

8553.163722

8574.930314

8503.538927

8483.878505

8376.306727

8340.107802

8170.852298

8098.976994

7957.360373

7911.868570

7868.516231

7822.669139

7822.669139

7868.516231

7911.868570

7957.360373

8098.976994

8170.852298

8340.107802

8376.306727

8483.878505

8503.538927

8574.930314

8553.163722

8539.660310

8446.725284

8377.049659

8280.146206

8225.390640

8167.268994

8146.259624

8126.242237

8135.409060

8146.360200

8178.169656

8208.474284

8249.820436

8287.794145

8333.065390

8382.208240

8443.819147

8502.032305

8524.027219

8463.432837

8409.913265

8367.450624

8330.531453

8289.584816

8253.734791

8214.881689

8189.668930

8163.695306

8155.308575

8141.406326

8146.979000

8145.525768

8176.398415

8204.900056

8278.138448

8329.906015

8403.477010

8399.794606

8394.503882

8309.247761

8287.430870

8260.217958

8366.044195

8533.914665

8850.410989

9288.413277

9718.003723

10046.650665

10046.650665

9718.003723

9288.413277

8850.410989

8533.914665

8366.044195

8260.217958

8287.430870

8309.247761

8394.503882

8399.794606

8403.477010

8329.906015

8278.138448

8204.900056

8176.398415

8145.525768

8146.979000

8141.406326

8155.308575

8163.695306

8189.668930

8214.881689

8253.734791

8289.584816

8330.531453

8367.450624

8409.913265

8463.432837

8524.027219

8543.061511

8476.934383

8434.803630

8406.887921

8374.492087

8339.190522

8296.644443

8260.409789

8223.016098

8198.065824

8168.656137

8149.115045

8117.941143

8099.821727

8075.767682

8083.383320

8095.597747

8143.504299

8169.037880

8183.067582

8124.939005

8037.151245

7935.140974

7891.069606

7964.011706

8163.712794

8566.172287

9052.399091

9623.782777

9955.764642

9955.764642

9623.782777

9052.399091

8566.172287

8163.712794

7964.011706

7891.069606

7935.140974

8037.151245

8124.939005

8183.067582

8169.037880

8143.504299

8095.597747

8083.383320

8075.767682

8099.821727

8117.941143

8149.115045

8168.656137

8198.065824

8223.016098

8260.409789

8296.644443

8339.190522

8374.492087

8406.887921

8434.803630

8476.934383

8543.061511

8560.379680

8478.366755

8458.327462

8445.572911

8421.402714

8382.895452

8341.515756

8294.946721

8254.612993

8211.377527

8175.937084

8133.300729

8096.490331

8050.211112

8015.909689

7982.988236

7974.440239

7971.808731

7972.089598

7942.822575

7855.862583

7722.020247

7533.916963

7379.860565

7242.396008

7232.251726

7277.013891

7464.641059

7633.525202

7782.597243

7782.597243

7633.525202

7464.641059

7277.013891

7232.251726

7242.396008

7379.860565

7533.916963

7722.020247

7855.862583

7942.822575

7972.089598

7971.808731

7974.440239

7982.988236

8015.909689

8050.211112

8096.490331

8133.300729

8175.937084

8211.377527

8254.612993

8294.946721

8341.515756

8382.895452

8421.402714

8445.572911

8458.327462

8478.366755

8560.379680

8574.114177

8485.866351

8491.946651

8486.011043

8459.708270

8423.816287

8377.831509

8330.288682

8275.247071

8222.828728

8165.681805

8115.782413

8063.335783

8019.141921

7973.118321

7934.008574

7896.577531

7856.662783

7813.332510

7734.191671

7639.143880

7476.160790

7311.627443

7084.611581

6901.107180

6690.285147

6569.564761

6454.257473

6427.107018

6402.945185

6402.945185

6427.107018

6454.257473

6569.564761

6690.285147

6901.107180

7084.611581

7311.627443

7476.160790

7639.143880

7734.191671

7813.332510

7856.662783

7896.577531

7934.008574

7973.118321

8019.141921

8063.335783

8115.782413

8165.681805

8222.828728

8275.247071

8330.288682

8377.831509

8423.816287

8459.708270

8486.011043

8491.946651

8485.866351

8574.114177

8638.034870

8579.391899

8555.461758

8525.819719

8494.981264

8456.436544

8415.094727

8359.142592

8298.809656

8226.073361

8157.825031

8087.340627

8032.168571

7980.404651

7939.550891

7890.661985

7830.543718

7752.482739

7654.826335

7557.817402

7451.194996

7365.963348

7263.720954

7178.767795

7042.574559

6909.203107

6706.219777

6530.737402

6351.151273

6262.608779

6262.608779

6351.151273

6530.737402

6706.219777

6909.203107

7042.574559

7178.767795

7263.720954

7365.963348

7451.194996

7557.817402

7654.826335

7752.482739

7830.543718

7890.661985

7939.550891

7980.404651

8032.168571

8087.340627

8157.825031

8226.073361

8298.809656

8359.142592

8415.094727

8456.436544

8494.981264

8525.819719

8555.461758

8579.391899

8638.034870

