AXIS X

0.000000 0.000500 0.001000 0.001500 0.002000 0.002500 0.003000 0.003500 0.004000 0.004500 0.005000 0.005500 0.006000 0.006500 0.007000 0.007500 0.008000 0.008500 0.009000 0.009500 0.010000 0.010500 0.011000 0.011500 0.012000 0.012500 0.013000 0.013500 0.014000 0.014500 0.015000 0.015500 0.016000 0.016500 0.017000 0.017500 0.018000 0.018500 0.019000 0.019500 0.020000 0.020500 0.021000 0.021500 0.022000 0.022500 0.023000 0.023500 0.024000 0.024500 0.025000 0.025500 0.026000 0.026500 0.027000 0.027500 0.028000 0.028500 0.029000 0.029500 

AXIS Y

0.000000 0.000500 0.001000 0.001500 0.002000 0.002500 0.003000 0.003500 0.004000 0.004500 0.005000 0.005500 0.006000 0.006500 0.007000 0.007500 0.008000 0.008500 0.009000 0.009500 0.010000 0.010500 0.011000 0.011500 0.012000 0.012500 0.013000 0.013500 0.014000 0.014500 0.015000 0.015500 0.016000 0.016500 0.017000 0.017500 0.018000 0.018500 0.019000 0.019500 0.020000 0.020500 0.021000 0.021500 0.022000 0.022500 0.023000 0.023500 0.024000 0.024500 0.025000 0.025500 0.026000 0.026500 0.027000 0.027500 0.028000 0.028500 0.029000 0.029500 



DATA
19577.042474

19564.331150

19559.903074

19582.451244

19621.175092

19640.521809

19619.039375

19522.684371

19321.040628

18965.264135

18407.870725

17605.701616

16576.062192

15408.354729

14276.764417

13359.896866

12805.975378

12673.354039

12970.434837

13632.875790

14604.789247

15755.080776

17035.256843

18164.280500

19178.061855

19431.580867

19619.766260

18935.869365

22311.945446

21667.241783

21667.241783

22311.945446

18935.869365

19619.766260

19431.580867

19178.061855

18164.280500

17035.256843

15755.080776

14604.789247

13632.875790

12970.434837

12673.354039

12805.975378

13359.896866

14276.764417

15408.354729

16576.062192

17605.701616

18407.870725

18965.264135

19321.040628

19522.684371

19619.039375

19640.521809

19621.175092

19582.451244

19559.903074

19564.331150

19577.042474

19620.040636

19619.693230

19588.665427

19539.603054

19492.134585

19401.606708

19254.575549

19022.016586

18679.309747

18217.260850

17649.064611

17026.216949

16412.999703

15875.132697

15439.011216

15112.543652

14884.789932

14779.049601

14827.249316

15089.524371

15582.286193

16325.113967

17256.349305

18363.079204

19453.666629

20295.968795

20283.009350

20753.068424

22533.981975

21154.136722

21154.136722

22533.981975

20753.068424

20283.009350

20295.968795

19453.666629

18363.079204

17256.349305

16325.113967

15582.286193

15089.524371

14827.249316

14779.049601

14884.789932

15112.543652

15439.011216

15875.132697

16412.999703

17026.216949

17649.064611

18217.260850

18679.309747

19022.016586

19254.575549

19401.606708

19492.134585

19539.603054

19588.665427

19619.693230

19620.040636

19657.619446

19623.315734

19578.360184

19454.119428

19266.983940

19041.889660

18755.212622

18402.757691

17987.866789

17542.173163

17123.004082

16789.143296

16586.392372

16522.818531

16589.108528

16754.269559

16997.930872

17292.490688

17638.655077

18033.511899

18511.520068

19080.783295

19769.338951

20528.196236

21228.405664

21609.116516

21982.893057

22467.214044

21620.528450

21965.514708

21965.514708

21620.528449

22467.214044

21982.893057

21609.116516

21228.405664

20528.196236

19769.338951

19080.783295

18511.520068

18033.511899

17638.655077

17292.490688

16997.930872

16754.269559

16589.108528

16522.818531

16586.392372

16789.143296

17123.004082

17542.173163

17987.866789

18402.757691

18755.212622

19041.889660

19266.983940

19454.119428

19578.360184

19623.315734

19657.619446

19667.019305

19608.529734

19537.824705

19350.771407

19055.652061

18687.245932

18277.683968

17845.702236

17435.137255

17104.628032

16909.428948

16883.110138

17022.767342

17313.101817

17735.250778

18291.221900

18985.482978

19824.048798

20772.973081

21763.702477

22673.554378

23385.279888

23813.706369

23906.231031

23692.824157

23334.396670

23198.621563

22753.516654

21658.172010

21166.327488

21166.327488

21658.172010

22753.516654

23198.621563

23334.396670

23692.824157

23906.231031

23813.706369

23385.279888

22673.554378

21763.702477

20772.973081

19824.048798

18985.482978

18291.221899

17735.250778

17313.101817

17022.767342

16883.110138

16909.428948

17104.628032

17435.137255

17845.702236

18277.683968

18687.245932

19055.652061

19350.771407

19537.824705

19608.529734

19667.019305

19644.110044

19543.545937

19450.431549

19219.380641

18854.372045

18398.018080

17911.187794

17461.212448

17117.130222

16938.876230

16960.297918

17172.536793

17547.819840

18053.600632

18684.859506

19460.114739

20418.867194

21588.375799

22951.693987

24395.851365

25694.320513

26556.601123

26731.646034

26210.248370

25153.895881

24018.115134

22700.642003

21398.395726

19830.531592

20285.852940

20285.852940

19830.531592

21398.395726

22700.642003

24018.115134

25153.895881

26210.248370

26731.646034

26556.601123

25694.320513

24395.851365

22951.693987

21588.375799

20418.867194

19460.114739

18684.859506

18053.600632

17547.819840

17172.536793

16960.297918

16938.876230

17117.130222

17461.212448

17911.187794

18398.018080

18854.372045

19219.380641

19450.431549

19543.545937

19644.110044

19567.404957

19432.499292

19297.755563

19054.110537

18665.834827

18189.164371

17703.959385

17303.971336

17062.981399

17026.576447

17191.285345

17529.722900

17995.417733

18562.902432

19226.395917

20009.947098

20945.606125

22053.841268

23305.858576

24591.501922

25701.082535

26365.467697

26387.568351

25711.217437

24561.258900

23056.117962

21442.069868

19645.134320

18977.924050

19916.772225

19916.772225

18977.924050

19645.134320

21442.069868

23056.117962

24561.258900

25711.217437

26387.568351

26365.467697

25701.082535

24591.501922

23305.858576

22053.841268

20945.606125

20009.947097

19226.395917

18562.902432

17995.417733

17529.722900

17191.285345

17026.576447

17062.981399

17303.971336

17703.959385

18189.164371

18665.834827

19054.110537

19297.755563

19432.499292

19567.404957

19454.269474

19273.340887

19108.559865

18860.089984

18502.676184

18073.412272

17668.693419

17373.037311

17249.908100

17306.325048

17525.787569

17861.274246

18282.573568

18763.580440

19307.364933

19922.363880

20622.884838

21401.177180

22222.598722

22997.418811

23608.907902

23918.388538

23843.057291

23381.071396

22590.355025

21590.254295

20460.920708

19578.112002

19762.363692

20369.816979

20369.816979

19762.363692

19578.112002

20460.920708

21590.254295

22590.355025

23381.071396

23843.057291

23918.388538

23608.907902

22997.418811

22222.598722

21401.177180

20622.884838

19922.363880

19307.364933

18763.580440

18282.573568

17861.274246

17525.787569

17306.325048

17249.908100

17373.037311

17668.693419

18073.412272

18502.676184

18860.089984

19108.559865

19273.340887

19454.269474

19308.062144

19091.892295

18897.886524

18673.073786

18378.956294

18059.759591

17783.710976

17624.268789

17597.076235

17696.229058

17878.502126

18122.032580

18398.390682

18709.938629

19052.901425

19437.380276

19855.526298

20298.374375

20721.001944

21080.965443

21296.181463

21341.297828

21188.655320

20918.809722

20597.356603

20356.592979

20242.989827

20518.263775

21299.826288

20858.046853

20858.046853

21299.826288

20518.263775

20242.989827

20356.592979

20597.356603

20918.809722

21188.655320

21341.297828

21296.181463

21080.965443

20721.001944

20298.374375

19855.526298

19437.380276

19052.901425

18709.938629

18398.390682

18122.032580

17878.502126

17696.229058

17597.076235

17624.268789

17783.710976

18059.759591

18378.956294

18673.073786

18897.886524

19091.892295

19308.062144

19149.135164

18900.120685

18700.352717

18512.864490

18320.063957

18134.012325

18011.974715

17972.044058

18014.089883

18093.861822

18194.786949

18292.812049

18404.314635

18530.047659

18690.303882

18880.626622

19106.136111

19337.451828

19556.142793

19688.238888

19710.935939

19569.015979

19359.899996

19160.473827

19212.897394

19614.583187

20491.880109

21534.478186

22102.272029

21345.698830

21345.698830

22102.272029

21534.478186

20491.880109

19614.583187

19212.897394

19160.473827

19359.899996

19569.015979

19710.935939

19688.238888

19556.142793

19337.451827

19106.136111

18880.626622

18690.303882

18530.047659

18404.314635

18292.812049

18194.786949

18093.861822

18014.089883

17972.044058

18011.974715

18134.012325

18320.063957

18512.864490

18700.352717

18900.120685

19149.135164

18994.002107

18726.701797

18531.333805

18408.961416

18322.224209

18280.387675

18286.803944

18343.701269

18404.004273

18445.192037

18439.899755

18415.880288

18384.759670

18386.251008

18425.619639

18523.913429

18664.115103

18845.275719

18999.030728

19088.159225

19001.102782

18776.036270

18435.290302

18263.066042

18439.481026

19276.988653

20705.148904

22219.572620

22449.194333

21369.418282

21369.418282

22449.194333

22219.572620

20705.148904

19276.988653

18439.481026

18263.066042

18435.290302

18776.036270

19001.102782

19088.159225

18999.030728

18845.275719

18664.115103

18523.913429

18425.619639

18386.251008

18384.759670

18415.880288

18439.899755

18445.192037

18404.004273

18343.701269

18286.803944

18280.387675

18322.224209

18408.961416

18531.333805

18726.701797

18994.002107

18862.923600

18584.942250

18418.741938

18360.323744

18382.733619

18451.232582

18559.644845

18662.663348

18728.317803

18715.290316

18646.457637

18537.917068

18447.235938

18391.820462

18411.648443

18503.423132

18688.642949

18919.762431

19168.063006

19285.794067

19218.835872

18854.451869

18390.041226

17990.091974

18112.488552

18894.409543

20367.255622

21912.731434

22083.990471

21189.612073

21189.612073

22083.990471

21912.731434

20367.255622

18894.409543

18112.488552

17990.091974

18390.041227

18854.451869

19218.835872

19285.794067

19168.063006

18919.762431

18688.642949

18503.423132

18411.648443

18391.820462

18447.235938

18537.917068

18646.457637

18715.290316

18728.317803

18662.663348

18559.644845

18451.232582

18382.733619

18360.323744

18418.741938

18584.942250

18862.923600

18771.960119

18502.040042

18364.890010

18373.026637

18467.520501

18616.235921

18772.899793

18904.637140

18956.872142

18931.428359

18834.487470

18728.900612

18641.127130

18628.874060

18701.547747

18905.192008

19221.927997

19659.720133

20085.411864

20395.765924

20332.600799

19882.806492

19051.965286

18315.353984

17954.859221

18364.685094

19235.423476

20116.772777

20298.373755

21246.727175

21246.727175

20298.373755

20116.772777

19235.423476

18364.685094

17954.859221

18315.353984

19051.965286

19882.806492

20332.600799

20395.765924

20085.411864

19659.720133

19221.927997

18905.192008

18701.547747

18628.874060

18641.127130

18728.900612

18834.487470

18931.428359

18956.872142

18904.637140

18772.899793

18616.235921

18467.520501

18373.026637

18364.890010

18502.040042

18771.960119

18733.737918

18485.240007

18384.661480

18425.231854

18562.957624

18736.167839

18915.688870

19047.863793

19113.481015

19097.051081

19048.271508

18994.572547

19004.346456

19095.742476

19334.437709

19728.909814

20333.413837

21066.498935

21855.733387

22389.992955

22453.071820

21765.755615

20557.993809

19177.077235

18315.096353

17945.526752

17965.760882

17600.385480

17832.861192

21948.861312

21948.861312

17832.861192

17600.385480

17965.760882

17945.526752

18315.096353

19177.077235

20557.993809

21765.755615

22453.071820

22389.992955

21855.733387

21066.498935

20333.413837

19728.909814

19334.437709

19095.742476

19004.346456

18994.572547

19048.271508

19097.051081

19113.481015

19047.863793

18915.688870

18736.167839

18562.957624

18425.231854

18384.661480

18485.240007

18733.737918

18762.259514

18554.176160

18465.683124

18517.331505

18645.945320

18815.907363

18981.831029

19121.666032

19201.905559

19245.868431

19271.306343

19346.546982

19494.710896

19790.874895

20257.935376

20983.727688

21938.702093

23116.008067

24251.915296

25091.999988

25182.385403

24364.580615

22752.424148

20959.638512

19465.754893

18536.291737

17254.115819

15761.671845

15155.536800

22761.742883

22761.742883

15155.536800

15761.671845

17254.115819

18536.291737

19465.754893

20959.638513

22752.424149

24364.580616

25182.385403

25091.999988

24251.915296

23116.008067

21938.702093

20983.727688

20257.935376

19790.874895

19494.710896

19346.546982

19271.306343

19245.868431

19201.905559

19121.666032

18981.831029

18815.907363

18645.945320

18517.331505

18465.683124

18554.176160

18762.259514

18867.552796

18702.020936

18615.220343

18633.513934

18732.455932

18862.961119

19011.640494

19144.688950

19262.742384

19365.909214

19510.762537

19723.557856

20080.790317

20608.694513

21404.034154

22467.226316

23828.011118

25271.955934

26599.761687

27410.080737

27463.251296

26704.698491

25266.181225

23648.308789

22130.993391

20441.603776

18215.132490

14940.744142

12618.914531

22953.177130

22953.177129

12618.914531

14940.744142

18215.132490

20441.603776

22130.993391

23648.308789

25266.181225

26704.698491

27463.251296

27410.080737

26599.761687

25271.955934

23828.011118

22467.226316

21404.034154

20608.694513

20080.790317

19723.557856

19510.762537

19365.909214

19262.742384

19144.688950

19011.640494

18862.961119

18732.455932

18633.513934

18615.220343

18702.020936

18867.552796

19065.774108

18936.079504

18815.329229

18790.892659

18831.112297

18921.988748

19036.045292

19169.157128

19305.356372

19479.803671

19717.354409

20092.108728

20632.325211

21425.444846

22480.090024

23821.466465

25249.377107

26558.877096

27424.060721

27778.569524

27726.345784

27350.228320

27077.350789

26728.299590

26432.931370

25040.339253

21174.516382

16218.737990

11193.129531

20855.178325

20855.178325

11193.129531

16218.737990

21174.516382

25040.339253

26432.931370

26728.299590

27077.350789

27350.228320

27726.345784

27778.569524

27424.060721

26558.877096

25249.377107

23821.466465

22480.090024

21425.444846

20632.325211

20092.108728

19717.354409

19479.803671

19305.356372

19169.157128

19036.045292

18921.988748

18831.112297

18790.892659

18815.329229

18936.079504

19065.774108

19362.374151

19235.737568

19076.092219

18986.938429

18980.232170

19021.175664

19108.403917

19220.134339

19368.776848

19567.731586

19881.987055

20344.389235

21030.202490

21948.023847

23104.697234

24318.966305

25337.243732

25851.221252

25866.964152

25641.403933

25452.625978

25714.386701

26450.591157

28277.454479

30459.327668

31939.018228

28103.039689

19780.547985

12786.477355

19405.167763

19405.167763

12786.477355

19780.547985

28103.039689

31939.018228

30459.327669

28277.454479

26450.591157

25714.386701

25452.625978

25641.403933

25866.964152

25851.221252

25337.243732

24318.966305

23104.697234

21948.023847

21030.202490

20344.389235

19881.987055

19567.731586

19368.776848

19220.134339

19108.403917

19021.175664

18980.232170

18986.938429

19076.092219

19235.737568

19362.374151

19763.979189

19603.548174

19380.575739

19247.173927

19191.664851

19202.611693

19251.714819

19337.452273

19453.504615

19644.016959

19942.405887

20414.250706

21070.280924

21910.235671

22799.620584

23481.475930

23670.412267

23301.868204

22641.065038

21989.319097

21681.021169

21757.863738

22597.286902

24464.779835

27925.586904

32156.060952

34821.208500

26301.858431

16560.492700

18632.931996

18632.931996

16560.492700

26301.858431

34821.208501

32156.060953

27925.586904

24464.779835

22597.286902

21757.863738

21681.021169

21989.319097

22641.065038

23301.868204

23670.412267

23481.475930

22799.620584

21910.235671

21070.280924

20414.250706

19942.405887

19644.016959

19453.504615

19337.452273

19251.714819

19202.611693

19191.664851

19247.173927

19380.575739

19603.548174

19763.979189

20253.064486

20017.748118

19742.810213

19563.386407

19490.399120

19471.691272

19490.751279

19520.712166

19575.439793

19676.909826

19880.381815

20202.172431

20647.085087

21138.495189

21480.751308

21458.167100

20912.890041

20019.290984

18993.622047

18097.934021

17301.339099

16750.950305

16469.426326

16847.561842

18526.174081

20326.089451

22451.715621

26498.288027

27792.052663

17753.795233

17753.795233

27792.052662

26498.288026

22451.715621

20326.089452

18526.174081

16847.561842

16469.426326

16750.950305

17301.339099

18097.934021

18993.622047

20019.290984

20912.890041

21458.167100

21480.751308

21138.495189

20647.085087

20202.172431

19880.381815

19676.909826

19575.439793

19520.712166

19490.751279

19471.691272

19490.399120

19563.386407

19742.810213

20017.748119

20253.064486

20816.340733

20483.918563

20144.764660

19947.568694

19858.730502

19830.248986

19805.690310

19765.543861

19704.379962

19659.317183

19654.659620

19705.550448

19781.357471

19768.899377

19549.193796

18938.199838

18018.804647

16887.322549

15742.561146

14585.928105

13465.803300

12353.226896

11542.750463

11291.161965

11894.432242

13709.101992

14695.257307

17904.822743

31925.622595

17977.921130

17977.921129

31925.622593

17904.822743

14695.257307

13709.101992

11894.432242

11291.161965

11542.750463

12353.226896

13465.803300

14585.928105

15742.561146

16887.322549

18018.804647

18938.199838

19549.193796

19768.899377

19781.357471

19705.550448

19654.659620

19659.317183

19704.379962

19765.543861

19805.690310

19830.248986

19858.730502

19947.568694

20144.764660

20483.918563

20816.340733

21413.583352

20983.999075

20595.614171

20370.184254

20281.411272

20231.708073

20159.861207

20019.284905

19810.376737

19556.761957

19285.711962

19000.458360

18652.115351

18198.759205

17497.747533

16598.312849

15497.925531

14363.816061

13212.076967

12031.846216

10887.973180

9879.564685

9232.031906

9156.633543

9992.030649

11923.826879

14718.186052

17659.602627

29448.265663

24050.552180

24050.552180

29448.265662

17659.602627

14718.186052

11923.826879

9992.030649

9156.633543

9232.031906

9879.564685

10887.973180

12031.846217

13212.076967

14363.816061

15497.925532

16598.312849

17497.747533

18198.759205

18652.115351

19000.458360

19285.711962

19556.761957

19810.376737

20019.284905

20159.861207

20231.708073

20281.411272

20370.184254

20595.614171

20983.999075

21413.583353

22034.189771

21518.656172

21070.087698

20816.964222

20699.168480

20615.368156

20470.492762

20211.973298

19834.274370

19361.803525

18826.360966

18219.967459

17541.251588

16703.316249

15757.747426

14672.733910

13624.743633

12607.277107

11625.618737

10720.389259

9856.783985

9356.834107

9144.695741

9568.356912

10521.890225

12659.784901

15948.174258

23092.838590

39049.693290

28709.557657

28709.557655

39049.693289

23092.838590

15948.174257

12659.784901

10521.890224

9568.356912

9144.695741

9356.834107

9856.783985

10720.389259

11625.618737

12607.277107

13624.743633

14672.733910

15757.747426

16703.316249

17541.251588

18219.967459

18826.360966

19361.803525

19834.274370

20211.973298

20470.492762

20615.368156

20699.168480

20816.964222

21070.087698

21518.656172

22034.189771

22642.137759

22069.595835

21560.516383

21238.545186

21056.171790

20890.160396

20641.745946

20257.670748

19724.901773

19082.085025

18341.825601

17522.090863

16568.377777

15524.427596

14380.603033

13346.924340

12430.685958

11715.490526

11131.928528

10620.618321

10425.677080

10410.605120

10925.810588

11588.346082

12750.700311

14629.846453

18748.123004

30845.010883

42079.174002

57815.868800

57815.868799

42079.174002

30845.010883

18748.123003

14629.846453

12750.700311

11588.346082

10925.810588

10410.605120

10425.677080

10620.618321

11131.928528

11715.490526

12430.685958

13346.924340

14380.603033

15524.427596

16568.377777

17522.090863

18341.825601

19082.085025

19724.901773

20257.670748

20641.745946

20890.160396

21056.171790

21238.545186

21560.516383

22069.595834

22642.137759

23253.911595

22625.738931

22031.942890

21599.842803

21283.697975

20976.130802

20596.200633

20088.707838

19465.359498

18728.003158

17901.255294

16933.631068

15836.543195

14610.778819

13485.926213

12553.627435

11999.973373

11706.148619

11665.661742

11864.158271

12227.820679

13031.349063

13769.570127

14161.868620

14367.530613

15667.446869

21904.038404

33120.667015

33352.037232

52092.355885

52092.355885

33352.037232

33120.667015

21904.038403

15667.446869

14367.530613

14161.868620

13769.570127

13031.349063

12227.820679

11864.158271

11665.661742

11706.148619

11999.973373

12553.627435

13485.926213

14610.778819

15836.543195

16933.631068

17901.255294

18728.003158

19465.359498

20088.707838

20596.200633

20976.130802

21283.697975

21599.842803

22031.942890

22625.738931

23253.911595

23843.764341

23169.547694

22459.607277

21855.884459

21338.404758

20839.261353

20301.124051

19716.868207

19058.884838

18339.809042

17488.648254

16473.649808

15252.040081

14014.646264

12957.241221

12371.344141

12215.388558

12564.545561

13199.598929

14101.915198

15243.265694

16255.358170

16699.548969

15579.950721

14497.368353

17995.182580

27260.373347

32131.317347

33704.724307

46689.877968

46689.877968

33704.724306

32131.317347

27260.373347

17995.182580

14497.368353

15579.950721

16699.548969

16255.358170

15243.265694

14101.915198

13199.598929

12564.545561

12215.388559

12371.344141

12957.241221

14014.646264

15252.040081

16473.649808

17488.648254

18339.809042

19058.884838

19716.868207

20301.124051

20839.261353

21338.404758

21855.884459

22459.607277

23169.547694

23843.764341

24440.266178

23677.858645

22810.449737

21982.091849

21217.247469

20493.797420

19826.263851

19190.136634

18584.496255

17914.369557

17111.821912

16052.718982

14818.910772

13624.800290

12847.735982

12618.366981

13083.598094

14025.717628

15460.447063

17002.641933

18502.480824

19503.726753

18408.828571

15745.094882

16075.537190

22862.879938

31026.943535

31194.362344

32255.546712

38241.814926

38241.814926

32255.546712

31194.362344

31026.943535

22862.879938

16075.537190

15745.094882

18408.828571

19503.726753

18502.480824

17002.641933

15460.447063

14025.717628

13083.598095

12618.366981

12847.735982

13624.800290

14818.910772

16052.718982

17111.821912

17914.369557

18584.496255

19190.136634

19826.263851

20493.797420

21217.247469

21982.091849

22810.449737

23677.858645

24440.266178

25003.206845

24131.638351

23059.490897

21975.551445

20947.878553

20034.105783

19259.310857

18642.357094

18087.879507

17511.760068

16724.980157

15680.500197

14471.205721

13476.015052

13005.709659

13284.520538

14241.436012

15913.955956

17818.582391

19907.020052

21509.684645

21717.274005

19293.060421

17079.103932

20239.167332

28222.937676

30804.797984

29337.437368

29022.000765

38849.254250

38849.254250

29022.000766

29337.437368

30804.797984

28222.937676

20239.167332

17079.103932

19293.060421

21717.274005

21509.684646

19907.020052

17818.582391

15913.955956

14241.436012

13284.520538

13005.709659

13476.015052

14471.205721

15680.500197

16724.980157

17511.760068

18087.879507

18642.357094

19259.310857

20034.105783

20947.878553

21975.551445

23059.490897

24131.638351

25003.206845

25540.524237

24495.226916

23193.992852

21850.548675

20605.042115

19544.366136

18742.227699

18145.382236

17678.381535

17135.555569

16387.212768

15345.957171

14258.015747

13500.551055

13408.640454

14081.489766

15572.869081

17583.782618

20051.013242

22116.896438

23743.164223

23202.759624

20683.917981

20743.263332

25998.123722

29887.510758

28631.604310

25750.753029

26152.904844

39672.296789

39672.296789

26152.904844

25750.753029

28631.604310

29887.510758

25998.123722

20743.263332

20683.917981

23202.759624

23743.164223

22116.896438

20051.013242

17583.782618

15572.869081

14081.489766

13408.640454

13500.551055

14258.015747

15345.957171

16387.212768

17135.555569

17678.381535

18145.382236

18742.227699

19544.366135

20605.042115

21850.548675

23193.992852

24495.226916

25540.524237

25978.815218

24748.006068

23207.483286

21649.489979

20247.150273

19134.112217

18332.545874

17805.695995

17371.509511

16876.952094

16113.239062

15130.154330

14184.379546

13691.084309

13904.675461

14913.535814

16641.894278

19056.709357

21429.641917

23801.583497

24761.484473

24383.715980

23648.322401

25988.402570

29152.333165

28225.741986

26163.040728

22444.912703

23724.288796

51686.404299

51686.404299

23724.288796

22444.912703

26163.040729

28225.741986

29152.333165

25988.402570

23648.322401

24383.715980

24761.484473

23801.583497

21429.641918

19056.709357

16641.894278

14913.535814

13904.675461

13691.084309

14184.379546

15130.154330

16113.239061

16876.952094

17371.509511

17805.695995

18332.545874

19134.112217

20247.150273

21649.489979

23207.483286

24748.006068

25978.815218

26295.442857

24854.839184

23115.836789

21406.721351

19947.014168

18836.652166

18103.432108

17619.161721

17244.001672

16734.592746

15994.810529

15056.277323

14270.845333

13994.303381

14414.930520

15572.493360

17486.028618

19834.850009

22469.037025

24082.506626

25266.717854

25829.927027

27046.861686

29485.649334

28012.243424

26837.555305

23127.525037

21938.375839

25434.908432

59299.368923

59299.368923

25434.908432

21938.375839

23127.525038

26837.555305

28012.243424

29485.649335

27046.861685

25829.927027

25266.717854

24082.506626

22469.037025

19834.850009

17486.028618

15572.493360

14414.930520

13994.303381

14270.845333

15056.277323

15994.810529

16734.592746

17244.001672

17619.161721

18103.432108

18836.652166

19947.014168

21406.721351

23115.836789

24854.839184

26295.442857

26405.195782

24809.839406

22932.285891

21169.444650

19724.201843

18695.817652

18031.363438

17628.958877

17263.644154

16780.054289

16027.187730

15163.750712

14497.568794

14354.185178

14860.437886

16052.145243

17897.103881

20330.517448

22425.179300

24143.842884

25207.238512

26951.616619

29368.883303

28142.644360

27130.075165

24524.406837

24164.759489

21938.213830

33373.866163

63852.908376

63852.908376

33373.866163

21938.213830

24164.759490

24524.406837

27130.075164

28142.644360

29368.883303

26951.616619

25207.238512

24143.842884

22425.179300

20330.517448

17897.103881

16052.145243

14860.437886

14354.185178

14497.568794

15163.750712

16027.187730

16780.054289

17263.644154

17628.958877

18031.363438

18695.817652

19724.201843

21169.444650

22932.285891

24809.839406

26405.195782

26292.896352

24602.180831

22687.855881

20952.614168

19606.835731

18681.603634

18133.556773

17782.491291

17472.448677

16973.452755

16253.951592

15421.574497

14834.183029

14730.895477

15216.019385

16310.175690

18078.014019

20209.240065

22258.190558

23647.438163

25298.372251

27364.825049

27540.429433

26071.099176

24541.853694

26712.772145

25209.607882

30286.775169

37104.514480

54806.380205

54806.380204

37104.514479

30286.775169

25209.607882

26712.772145

24541.853694

26071.099176

27540.429433

27364.825049

25298.372251

23647.438163

22258.190558

20209.240065

18078.014019

16310.175690

15216.019385

14730.895477

14834.183029

15421.574497

16253.951592

16973.452755

17472.448677

17782.491291

18133.556773

18681.603634

19606.835731

20952.614168

22687.855881

24602.180831

26292.896352

25922.982571

24256.063600

22395.909005

20779.237458

19568.493994

18797.615934

18349.678061

18098.309795

17809.173377

17352.825940

16620.903420

15827.321687

15236.192989

15105.113913

15475.083980

16438.036347

17979.670226

19939.263801

21826.241748

23416.389536

25081.655265

25470.232501

24163.005013

22513.540183

24309.746318

27689.886153

36340.265637

36614.555267

45630.019157

38800.489047

38800.489047

45630.019158

36614.555267

36340.265637

27689.886153

24309.746318

22513.540183

24163.005013

25470.232501

25081.655265

23416.389536

21826.241748

19939.263801

17979.670226

16438.036347

15475.083980

15105.113913

15236.192989

15827.321687

16620.903420

17352.825940

17809.173377

18098.309795

18349.678061

18797.615934

19568.493994

20779.237458

22395.909005

24256.063600

25922.982571

25340.361276

23789.490827

22083.522334

20632.410291

19609.155228

18983.759020

18682.702472

18503.954139

18300.935655

17846.557282

17149.173711

16318.049076

15704.245624

15451.709191

15699.899584

16443.969116

17793.377274

19602.146343

21477.599636

23212.188280

23559.408482

22723.888277

20155.074761

19597.245663

22627.633386

34763.697423

45832.121921

54972.329815

37918.252111

27073.820650

27073.820650

37918.252111

54972.329815

45832.121921

34763.697423

22627.633386

19597.245663

20155.074761

22723.888277

23559.408482

23212.188280

21477.599636

19602.146343

17793.377274

16443.969116

15699.899584

15451.709191

15704.245624

16318.049076

17149.173711

17846.557282

18300.935655

18503.954139

18682.702472

18983.759020

19609.155228

20632.410291

22083.522334

23789.490827

25340.361276

24585.278252

23248.896953

21749.800175

20517.859940

19676.221532

19235.525731

19054.038888

19013.090426

18862.495662

18484.692054

17756.875984

16919.260471

16184.847814

15834.016668

15862.453030

16451.704576

17568.256797

19308.395254

21321.619395

22239.934560

21873.302650

19304.822068

17273.997849

16882.778728

22324.843339

35305.777170

59218.500721

54143.496000

48514.012858

27430.731265

27430.731265

48514.012859

54143.495995

59218.500721

35305.777170

22324.843339

16882.778728

17273.997848

19304.822068

21873.302650

22239.934560

21321.619395

19308.395254

17568.256797

16451.704576

15862.453030

15834.016668

16184.847814

16919.260471

17756.875984

18484.692054

18862.495662

19013.090426

19054.038888

19235.525731

19676.221532

20517.859940

21749.800175

23248.896953

24585.278252

23748.341436

22661.009331

21417.269273

20398.894029

19767.682253

19476.617059

19467.889001

19528.452332

19517.685207

19165.716718

18484.341165

17549.717639

16748.110244

16187.044220

16086.061023

16393.953769

17439.913092

19124.988991

20924.688521

21428.326526

19764.186785

17275.608488

14865.001828

15962.779994

21191.494804

34833.388564

40993.553310

47306.571611

38196.657715

42270.509244

42270.509243

38196.657715

47306.571612

40993.553309

34833.388564

21191.494804

15962.779993

14865.001828

17275.608488

19764.186785

21428.326526

20924.688521

19124.988991

17439.913092

16393.953769

16086.061023

16187.044220

16748.110244

17549.717639

18484.341165

19165.716718

19517.685207

19528.452332

19467.889001

19476.617059

19767.682253

20398.894029

21417.269273

22661.009331

23748.341436

22890.485146

22075.393400

21073.521808

20285.791769

19821.215622

19712.877020

19825.667827

20065.595671

20144.665771

19926.790647

19220.067069

18280.729865

17304.422256

16633.583644

16245.757333

16456.839140

17275.099030

19062.241134

20573.933407

20673.964963

18790.076247

15966.281734

14374.510064

15901.181579

22754.725071

30149.556261

34947.410543

22897.986764

60291.963322

50427.682534

50427.682534

60291.963322

22897.986764

34947.410543

30149.556261

22754.725071

15901.181579

14374.510064

15966.281734

18790.076247

20673.964963

20573.933407

19062.241134

17275.099030

16456.839140

16245.757333

16633.583644

17304.422256

18280.729865

19220.067069

19926.790647

20144.665771

20065.595671

19825.667827

19712.877020

19821.215622

20285.791769

21073.521808

22075.393400

22890.485146

22086.956021

21506.853569

20746.471649

20138.574524

19854.288703

19861.807958

20147.472548

20497.526214

20772.862924

20622.259824

20024.377627

18993.902094

17962.573440

17044.251391

16528.110355

16435.699974

17327.541936

18835.084841

20518.541843

20290.215441

18728.465767

16050.730607

15510.278296

18240.177990

22609.432565

27118.168706

27056.754717

27105.358207

27950.323017

40971.412171

40971.412173

27950.323017

27105.358207

27056.754717

27118.168705

22609.432565

18240.177990

15510.278296

16050.730607

18728.465766

20290.215441

20518.541843

18835.084841

17327.541936

16435.699974

16528.110355

17044.251391

17962.573440

18993.902094

20024.377627

20622.259824

20772.862924

20497.526214

20147.472548

19861.807958

19854.288703

20138.574524

20746.471649

21506.853569

22086.956021

21363.856078

20995.705326

20418.654777

19987.958916

19810.456758

19959.469592

20328.329600

20862.565513

21242.496251

21301.364977

20734.312207

19775.045293

18588.067864

17569.340860

16761.727651

16608.311481

17222.994343

18900.602371

20121.360674

20667.676434

18892.611470

17478.806413

18128.647832

20476.013885

21017.599121

21556.883725

25851.559881

25348.611202

17874.812225

11309.408834

11309.408834

17874.812225

25348.611202

25851.559882

21556.883725

21017.599121

20476.013885

18128.647832

17478.806413

18892.611470

20667.676434

20121.360674

18900.602371

17222.994343

16608.311481

16761.727651

17569.340860

18588.067864

19775.045293

20734.312207

21301.364977

21242.496251

20862.565513

20328.329600

19959.469592

19810.456758

19987.958916

20418.654777

20995.705326

21363.856078

20756.963479

20537.109704

20126.521907

19800.691976

19739.099050

19936.442254

20429.435753

21028.934042

21615.794460

21772.467569

21421.114755

20448.769210

19288.978053

18066.493964

17151.732262

16739.784633

17343.523506

18595.878975

20149.569728

20207.883808

19759.473994

18933.112486

21613.923325

21828.820283

19145.859756

21392.141051

30790.567579

37960.264872

18911.361976

27783.413975

27783.413970

18911.361976

37960.264872

30790.567580

21392.141051

19145.859756

21828.820283

21613.923325

18933.112486

19759.473994

20207.883808

20149.569728

18595.878975

17343.523506

16739.784633

17151.732262

18066.493964

19288.978053

20448.769210

21421.114755

21772.467569

21615.794460

21028.934042

20429.435753

19936.442254

19739.099050

19800.691976

20126.521907

20537.109704

20756.963479

20254.464433

20159.356151

19849.046956

19627.408629

19599.071161

19868.611688

20367.601574

21089.043204

21731.139719

22126.389790

21866.480286

21105.528221

19889.242298

18666.495767

17558.352212

17057.999045

17363.912924

18511.804450

19484.335838

20045.788092

19252.381231

20912.084510

24123.237001

23094.166914

20340.062459

21045.795668

29200.075946

21644.729893

25031.420117

7712.335398

7712.335398

25031.420115

21644.729893

29200.075946

21045.795667

20340.062459

23094.166914

24123.237001

20912.084510

19252.381231

20045.788092

19484.335838

18511.804450

17363.912924

17057.999045

17558.352212

18666.495767

19889.242298

21105.528221

21866.480286

22126.389790

21731.139719

21089.043204

20367.601574

19868.611688

19599.071161

19627.408629

19849.046956

20159.356151

20254.464433

19867.008387

19841.753439

19625.309126

19440.313318

19462.554882

19708.497875

20249.447110

20943.764850

21718.542485

22171.702793

22191.291366

21511.387259

20496.863560

19205.827127

18106.871174

17421.867224

17549.177043

18276.473612

19081.195222

18961.670276

18935.977121

20735.342909

26212.017993

25418.719936

20155.069432

18332.949158

16065.726826

21202.503218

8002.233038

36466.691920

36466.691921

8002.233038

21202.503217

16065.726826

18332.949158

20155.069432

25418.719936

26212.017993

20735.342909

18935.977121

18961.670276

19081.195222

18276.473612

17549.177043

17421.867224

18106.871174

19205.827127

20496.863560

21511.387259

22191.291366

22171.702793

21718.542485

20943.764850

20249.447110

19708.497875

19462.554882

19440.313318

19625.309126

19841.753439

19867.008387

19565.436338

19603.670979

19429.237986

19294.724428

19296.928317

19550.804418

20019.968540

20734.598427

21461.616780

22081.142478

22179.126641

21817.489600

20873.382668

19794.129235

18639.439965

17937.863656

17805.470741

18264.295940

18637.715173

18391.694127

17716.195158

19584.546483

24940.495239

26300.090572

21254.855688

16720.292076

17876.026425

10505.578646

18252.714702

35722.225525

35722.225526

18252.714702

10505.578646

17876.026425

16720.292076

21254.855688

26300.090572

24940.495239

19584.546482

17716.195158

18391.694127

18637.715173

18264.295940

17805.470741

17937.863656

18639.439965

19794.129235

20873.382668

21817.489600

22179.126641

22081.142478

21461.616780

20734.598427

20019.968540

19550.804418

19296.928317

19294.724428

19429.237986

19603.670979

19565.436338

19353.562736

19416.878506

19294.492156

19160.091885

19172.036842

19356.663215

19796.429088

20398.141862

21141.615446

21721.336670

22045.874590

21788.843950

21191.449902

20183.730509

19250.904456

18458.947525

18256.990604

18431.612924

18694.127168

18090.197703

17072.169349

17139.858981

20502.897097

23314.413888

22177.237400

21313.520333

16617.096657

13046.800791

14663.448193

31418.437701

31418.437701

14663.448193

13046.800791

16617.096656

21313.520333

22177.237400

23314.413888

20502.897097

17139.858981

17072.169349

18090.197703

18694.127168

18431.612924

18256.990604

18458.947525

19250.904456

20183.730509

21191.449902

21788.843950

22045.874590

21721.336670

21141.615446

20398.141862

19796.429088

19356.663215

19172.036842

19160.091885

19294.492156

19416.878506

19353.562736

19201.527349

19295.740922

19189.233349

19080.717543

19050.887111

19207.544578

19532.957015

20076.448897

20686.401381

21314.069935

21640.160388

21674.296362

21198.152507

20551.755632

19678.083456

19083.183732

18740.758557

18951.585486

19075.492635

18762.074910

16897.336982

15643.707574

15476.839944

17295.895926

18681.000898

24731.531060

21641.264584

14277.957178

15104.804449

23422.703945

23422.703945

15104.804449

14277.957179

21641.264583

24731.531060

18681.000898

17295.895925

15476.839944

15643.707574

16897.336982

18762.074910

19075.492635

18951.585486

18740.758557

19083.183732

19678.083456

20551.755632

21198.152507

21674.296362

21640.160388

21314.069935

20686.401381

20076.448897

19532.957015

19207.544578

19050.887111

19080.717543

19189.233349

19295.740922

19201.527349

19115.279767

19211.071903

19137.514047

19018.541077

18984.045669

19059.275840

19322.731567

19717.170638

20264.274609

20775.023960

21214.066677

21301.586496

21156.944805

20631.733372

20102.912317

19523.835191

19378.734539

19487.417772

20068.053887

19821.951514

18483.237108

15205.351549

13503.307340

12430.016613

13845.605571

17228.742398

30534.848627

21964.378898

15464.475678

19253.551848

19253.551848

15464.475678

21964.378898

30534.848628

17228.742399

13845.605571

12430.016613

13503.307340

15205.351549

18483.237108

19821.951514

20068.053887

19487.417772

19378.734539

19523.835191

20102.912317

20631.733372

21156.944805

21301.586496

21214.066677

20775.023960

20264.274609

19717.170638

19322.731567

19059.275840

18984.045669

19018.541077

19137.514047

19211.071903

19115.279767

19070.493363

19174.571705

19103.920021

19002.359188

18926.729906

18967.857067

19115.876593

19427.143008

19815.041638

20293.645306

20665.005405

20934.986925

20880.578855

20692.101584

20263.302657

19979.655376

19806.885033

20206.852154

20837.408298

21750.533454

20691.002005

17724.260684

13546.716025

11803.763257

11147.164644

13532.137772

18059.199855

32776.762075

25487.405408

15105.816916

15105.816916

25487.405408

32776.762073

18059.199855

13532.137772

11147.164644

11803.763257

13546.716025

17724.260684

20691.002005

21750.533454

20837.408298

20206.852154

19806.885033

19979.655376

20263.302657

20692.101584

20880.578855

20934.986925

20665.005405

20293.645306

19815.041638

19427.143008

19115.876593

18967.857067

18926.729906

19002.359188

19103.920021

19174.571705

19070.493363

19075.339696

19159.408313

19104.905765

18990.325604

18911.589512

18884.257871

18976.118217

19151.803974

19458.841717

19798.256191

20193.062246

20453.906054

20630.402225

20549.723362

20429.357080

20200.290063

20244.691360

20561.631146

21577.357603

22762.876290

23611.986416

21391.935845

17044.900681

13251.225418

12362.839632

12249.726706

15614.634771

18707.881395

30216.406139

21400.385797

21400.385798

30216.406140

18707.881395

15614.634771

12249.726706

12362.839632

13251.225418

17044.900681

21391.935845

23611.986416

22762.876290

21577.357603

20561.631146

20244.691360

20200.290063

20429.357080

20549.723362

20630.402225

20453.906054

20193.062246

19798.256191

19458.841717

19151.803974

18976.118217

18884.257871

18911.589512

18990.325604

19104.905765

19159.408313

19075.339696

19108.794369

19175.796362

19107.330916

19003.190551

18893.990399

18847.688483

18852.587690

18964.079272

19134.951019

19418.887530

19714.086882

20056.958529

20274.380551

20445.686568

20430.772938

20437.806882

20437.915691

20795.549208

21557.263537

22949.337334

24296.604100

24383.590171

21607.778483

17424.972320

14784.886629

14630.044503

15021.247460

16962.232781

15948.987925

14376.469254

14376.469254

15948.987925

16962.232781

15021.247460

14630.044503

14784.886629

17424.972320

21607.778483

24383.590171

24296.604100

22949.337334

21557.263537

20795.549208

20437.915691

20437.806882

20430.772938

20445.686568

20274.380551

20056.958529

19714.086882

19418.887530

19134.951019

18964.079273

18852.587690

18847.688483

18893.990399

19003.190551

19107.330916

19175.796362

19108.794369

19176.920656

19200.587615

19127.140232

19006.114213

18902.067041

18813.699406

18792.324565

18809.509151

18923.410441

19086.032786

19361.904591

19647.022214

19990.227442

20231.917076

20454.572108

20520.520621

20603.449742

20718.992217

21183.777699

22070.664654

23237.968384

24174.272429

23730.193867

21957.605135

19796.104361

19475.093469

21224.972027

27792.741865

42059.988537

25535.795330

25535.795330

42059.988538

27792.741865

21224.972027

19475.093469

19796.104361

21957.605135

23730.193867

24174.272429

23237.968384

22070.664654

21183.777699

20718.992217

20603.449742

20520.520621

20454.572108

20231.917076

19990.227442

19647.022214

19361.904591

19086.032786

18923.410441

18809.509151

18792.324565

18813.699406

18902.067041

19006.114213

19127.140232

19200.587615

19176.920656

19257.375057

19243.697721

19140.900751

19024.136568

18902.361845

18817.919980

18747.794875

18739.289134

18760.327737

18882.010966

19054.822309

19350.890399

19660.783183

20040.371635

20321.969150

20562.221957

20598.616565

20591.829435

20625.348357

20984.927504

21734.069912

22568.647115

23242.364075

23408.693973

23519.093529

24775.473685

27120.011472

31382.706828

24511.641870

20815.383455

20815.383455

24511.641869

31382.706828

27120.011472

24775.473685

23519.093529

23408.693973

23242.364075

22568.647115

21734.069912

20984.927504

20625.348357

20591.829435

20598.616565

20562.221957

20321.969150

20040.371635

19660.783183

19350.890399

19054.822309

18882.010966

18760.327737

18739.289134

18747.794875

18817.919980

18902.361845

19024.136568

19140.900751

19243.697721

19257.375057

19351.824238

19286.905190

19169.440671

19036.485906

18927.659786

18823.608203

18756.965737

18695.531842

18696.661693

18729.332396

18874.977895

19074.028580

19402.261358

19736.061792

20129.185427

20378.375129

20523.255706

20398.374561

20237.755443

20180.593481

20507.307227

21162.306769

21946.261905

22529.739739

23120.468057

23191.909688

23215.221858

21893.242832

20677.538068

18269.550523

18269.550523

20677.538068

21893.242832

23215.221858

23191.909688

23120.468058

22529.739739

21946.261905

21162.306769

20507.307227

20180.593481

20237.755443

20398.374561

20523.255706

20378.375129

20129.185427

19736.061792

19402.261358

19074.028580

18874.977895

18729.332396

18696.661693

18695.531842

18756.965737

18823.608203

18927.659786

19036.485906

19169.440671

19286.905190

19351.824238

19437.711495

19340.243526

19198.717158

19072.409679

18954.361603

18865.456356

18773.536254

18716.458231

18662.985322

18682.441663

18736.971034

18909.555213

19123.268852

19456.506569

19763.028698

20099.838693

20233.730026

20251.673756

20018.660051

19858.064520

19814.162863

20128.977183

20540.788553

21015.934685

21106.336196

20957.021746

20332.812327

20053.719478

18903.147365

18251.494692

18251.494692

18903.147365

20053.719478

20332.812327

20957.021746

21106.336196

21015.934685

20540.788553

20128.977183

19814.162863

19858.064520

20018.660051

20251.673756

20233.730026

20099.838693

19763.028698

19456.506569

19123.268852

18909.555213

18736.971034

18682.441663

18662.985322

18716.458231

18773.536254

18865.456356

18954.361603

19072.409679

19198.717158

19340.243526

19437.711495

19517.150805

19389.787803

19247.238357

19116.185977

19013.654482

18912.133973

18833.950278

18748.076048

18703.599595

18667.167361

18709.447390

18777.196977

18950.932566

19138.488955

19427.467091

19656.735625

19911.846606

19957.899163

19962.535259

19764.706111

19698.208380

19577.870031

19647.947955

19499.373213

19375.218216

18848.750028

18606.610613

18014.909834

17501.003785

17049.845988

17049.845988

17501.003785

18014.909834

18606.610613

18848.750028

19375.218216

19499.373213

19647.947955

19577.870031

19698.208380

19764.706111

19962.535259

19957.899163

19911.846606

19656.735625

19427.467091

19138.488955

18950.932566

18777.196977

18709.447390

18667.167361

18703.599595

18748.076048

18833.950278

18912.133973

19013.654482

19116.185977

19247.238357

19389.787803

19517.150805

19576.652847

19442.612097

19300.747739

19187.592147

19083.351252

18995.913557

18900.710522

18830.931538

18757.687558

18732.471627

18711.364238

18757.455975

18805.831835

18939.661871

19065.741221

19288.869667

19449.303722

19663.294529

19694.387285

19744.506714

19580.121972

19534.852177

19287.159004

19203.807900

18814.082698

18648.583695

18322.499375

18217.750627

18117.928177

18012.361347

18012.361347

18117.928177

18217.750627

18322.499375

18648.583695

18814.082698

19203.807900

19287.159004

19534.852177

19580.121972

19744.506714

19694.387285

19663.294529

19449.303722

19288.869667

19065.741221

18939.661871

18805.831835

18757.455975

18711.364238

18732.471627

18757.687558

18830.931538

18900.710522

18995.913557

19083.351252

19187.592147

19300.747739

19442.612097

19576.652847

19627.298007

19487.774286

19364.540918

19266.767073

19181.757541

19087.474424

19004.926691

18915.464118

18857.409594

18797.603115

18778.291954

18746.280843

18759.112399

18755.766208

18826.853104

18892.480559

19061.118188

19180.317417

19349.720893

19341.241843

19329.059502

19132.750029

19082.514780

19019.854734

19263.528652

19650.064693

20378.824410

21387.361950

22376.530507

23133.268056

23133.268056

22376.530507

21387.361950

20378.824410

19650.064693

19263.528652

19019.854734

19082.514780

19132.750029

19329.059502

19341.241843

19349.720893

19180.317417

19061.118188

18892.480559

18826.853104

18755.766208

18759.112399

18746.280843

18778.291954

18797.603115

18857.409594

18915.464118

19004.926691

19087.474424

19181.757541

19266.767073

19364.540918

19487.774286

19627.298007

19671.126084

19518.862744

19421.853101

19357.574806

19282.980641

19201.695784

19103.729815

19020.296442

18934.194287

18876.744158

18809.025850

18764.030824

18692.250262

18650.528764

18595.142279

18612.677933

18640.802691

18751.111604

18809.904847

18842.209429

18708.363434

18506.224647

18271.337317

18169.859242

18337.814634

18797.643383

19724.340612

20843.919202

22159.578761

22923.995253

22923.995253

22159.578761

20843.919202

19724.340612

18797.643383

18337.814634

18169.859242

18271.337317

18506.224647

18708.363434

18842.209429

18809.904847

18751.111604

18640.802691

18612.677933

18595.142279

18650.528764

18692.250262

18764.030824

18809.025850

18876.744158

18934.194287

19020.296442

19103.729815

19201.695784

19282.980641

19357.574806

19421.853101

19518.862744

19671.126084

19711.002641

19522.160902

19476.018725

19446.650287

19390.996352

19302.330104

19207.049833

19099.820666

19006.948827

18907.395487

18825.790850

18727.617015

18642.857942

18536.296101

18457.314157

18381.509710

18361.827219

18355.767947

18356.414668

18289.024857

18088.792076

17780.608709

17347.484892

16992.756926

16676.233085

16652.875013

16755.943707

17187.971227

17576.841337

17920.092396

17920.092396

17576.841337

17187.971227

16755.943707

16652.875013

16676.233085

16992.756926

17347.484892

17780.608709

18088.792076

18289.024857

18356.414668

18355.767947

18361.827219

18381.509710

18457.314157

18536.296101

18642.857942

18727.617015

18825.790850

18907.395487

19006.948827

19099.820666

19207.049833

19302.330104

19390.996352

19446.650287

19476.018725

19522.160902

19711.002641

19742.627489

19539.429361

19553.429770

19539.762527

19479.198153

19396.553810

19290.669945

19181.198540

19054.460547

18933.762851

18802.177199

18687.279601

18566.516775

18464.756645

18358.783391

18268.729871

18182.541708

18090.634605

17990.862964

17808.634448

17589.778822

17214.496387

16835.644357

16312.921017

15890.386517

15404.950847

15126.981886

14861.477044

14798.960810

14743.326135

14743.326135

14798.960810

14861.477044

15126.981886

15404.950847

15890.386517

16312.921017

16835.644357

17214.496387

17589.778822

17808.634448

17990.862964

18090.634605

18182.541708

18268.729871

18358.783391

18464.756645

18566.516775

18687.279601

18802.177199

18933.762851

19054.460547

19181.198540

19290.669945

19396.553810

19479.198153

19539.762527

19553.429770

19539.429361

19742.627489

19889.810325

19754.779894

19699.678708

19631.425392

19560.417224

19471.664726

19376.471676

19247.637122

19108.715404

18941.233895

18784.086307

18621.789969

18494.751616

18375.560785

18281.491527

18168.920660

18030.493234

17850.751189

17625.889009

17402.517684

17157.010522

16960.757401

16725.335589

16529.723712

16216.127196

15909.028079

15441.641690

15037.578589

14624.066245

14420.189618

14420.189618

14624.066245

15037.578589

15441.641690

15909.028079

16216.127196

16529.723712

16725.335589

16960.757401

17157.010522

17402.517684

17625.889010

17850.751189

18030.493234

18168.920660

18281.491527

18375.560785

18494.751616

18621.789969

18784.086307

18941.233895

19108.715404

19247.637122

19376.471676

19471.664726

19560.417224

19631.425392

19699.678708

19754.779894

19889.810325

