AXIS X

0.000000 0.000500 0.001000 0.001500 0.002000 0.002500 0.003000 0.003500 0.004000 0.004500 0.005000 0.005500 0.006000 0.006500 0.007000 0.007500 0.008000 0.008500 0.009000 0.009500 0.010000 0.010500 0.011000 0.011500 0.012000 0.012500 0.013000 0.013500 0.014000 0.014500 0.015000 0.015500 0.016000 0.016500 0.017000 0.017500 0.018000 0.018500 0.019000 0.019500 0.020000 0.020500 0.021000 0.021500 0.022000 0.022500 0.023000 0.023500 0.024000 0.024500 0.025000 0.025500 0.026000 0.026500 0.027000 0.027500 0.028000 0.028500 0.029000 0.029500 

AXIS Y

0.000000 0.000500 0.001000 0.001500 0.002000 0.002500 0.003000 0.003500 0.004000 0.004500 0.005000 0.005500 0.006000 0.006500 0.007000 0.007500 0.008000 0.008500 0.009000 0.009500 0.010000 0.010500 0.011000 0.011500 0.012000 0.012500 0.013000 0.013500 0.014000 0.014500 0.015000 0.015500 0.016000 0.016500 0.017000 0.017500 0.018000 0.018500 0.019000 0.019500 0.020000 0.020500 0.021000 0.021500 0.022000 0.022500 0.023000 0.023500 0.024000 0.024500 0.025000 0.025500 0.026000 0.026500 0.027000 0.027500 0.028000 0.028500 0.029000 0.029500 



DATA
11336.268691

11328.908081

11326.343962

11339.400690

11361.824094

11373.026991

11360.587388

11304.792126

11188.028439

10982.012749

10659.248906

10194.745416

9598.523122

8922.351245

8267.093341

7736.172650

7415.419256

7338.623635

7510.651037

7894.243638

8457.039172

9123.126191

9864.424060

10518.195719

11105.235250

11252.037793

11361.008297

10964.991433

12919.939717

12546.618059

12546.618059

12919.939717

10964.991433

11361.008297

11252.037793

11105.235250

10518.195719

9864.424060

9123.126191

8457.039172

7894.243638

7510.651037

7338.623635

7415.419256

7736.172650

8267.093341

8922.351245

9598.523122

10194.745416

10659.248906

10982.012749

11188.028439

11304.792126

11360.587388

11373.026991

11361.824094

11339.400690

11326.343962

11328.908081

11336.268691

11361.167177

11360.966009

11342.999070

11314.589047

11287.101987

11234.680978

11149.541217

11014.875784

10816.428199

10548.874483

10219.855162

9859.189425

9504.100270

9192.643373

8940.103170

8751.059088

8619.176175

8557.946253

8585.856747

8737.729559

9023.067879

9453.209217

9992.449708

10633.311959

11264.826760

11752.569670

11745.065383

12017.257465

13048.512036

12249.499797

12249.499797

13048.512036

12017.257465

11745.065383

11752.569670

11264.826760

10633.311959

9992.449708

9453.209217

9023.067879

8737.729559

8585.856747

8557.946253

8619.176176

8751.059088

8940.103170

9192.643373

9504.100270

9859.189425

10219.855162

10548.874483

10816.428199

11014.875784

11149.541217

11234.680978

11287.101987

11314.589047

11342.999070

11360.966009

11361.167177

11382.927537

11363.063653

11337.031723

11265.088957

11156.726411

11026.383472

10860.380465

10656.288156

10416.041717

10157.958674

9915.234916

9721.909719

9604.504909

9567.691885

9606.077725

9701.715757

9842.810109

10013.377712

10213.827424

10442.472943

10719.268023

11048.905194

11447.619757

11887.043131

12292.505919

12512.960083

12729.398868

13009.849444

12519.568269

12719.335773

12719.335773

12519.568269

13009.849444

12729.398868

12512.960083

12292.505919

11887.043131

11447.619757

11048.905194

10719.268023

10442.472943

10213.827424

10013.377712

9842.810109

9701.715757

9606.077725

9567.691885

9604.504909

9721.909719

9915.234916

10157.958674

10416.041717

10656.288156

10860.380465

11026.383472

11156.726411

11265.088957

11337.031723

11363.063653

11382.927537

11388.370613

11354.501682

11313.559277

11205.244324

11034.352719

10821.023720

10583.863052

10333.720009

10095.978535

9904.594092

9791.562246

9776.322093

9857.191898

10025.312778

10269.762064

10591.702318

10993.720658

11479.300003

12028.783442

12602.474522

13129.332735

13541.464017

13789.548359

13843.125627

13719.550389

13511.999616

13433.377777

13175.635636

12541.366122

12256.558974

12256.558974

12541.366122

13175.635636

13433.377777

13511.999616

13719.550389

13843.125627

13789.548359

13541.464017

13129.332735

12602.474522

12028.783442

11479.300003

10993.720658

10591.702318

10269.762064

10025.312778

9857.191898

9776.322093

9791.562246

9904.594092

10095.978535

10333.720009

10583.863052

10821.023720

11034.352719

11205.244324

11313.559277

11354.501682

11388.370613

11375.104792

11316.872209

11262.953456

11129.161278

10917.799652

10653.543640

10371.640031

10111.077618

9911.833602

9808.613969

9821.018396

9943.917292

10161.228435

10454.105511

10819.641838

11268.560598

11823.735132

12500.949977

13290.392065

14126.644839

14878.535486

15377.847101

15479.208486

15177.288315

14565.597572

13907.913158

13145.018077

12390.940247

11483.053925

11746.711990

11746.711990

11483.053925

12390.940247

13145.018077

13907.913158

14565.597572

15177.288315

15479.208486

15377.847101

14878.535486

14126.644839

13290.392065

12500.949977

11823.735132

11268.560598

10819.641838

10454.105511

10161.228435

9943.917292

9821.018396

9808.613969

9911.833602

10111.077618

10371.640031

10653.543640

10917.799652

11129.161278

11262.953456

11316.872209

11375.104792

11330.687997

11252.569616

11174.545006

11033.460085

10808.625421

10532.604956

10251.642492

10020.025688

9880.478222

9859.397596

9954.773816

10150.749233

10420.414161

10749.021459

11133.223538

11586.946144

12128.748213

12770.482090

13495.474367

14239.938115

14882.451099

15267.169512

15279.967101

14888.319808

14222.425612

13350.859740

12416.230166

11375.697908

10989.343591

11532.992366

11532.992366

10989.343591

11375.697908

12416.230166

13350.859740

14222.425612

14888.319808

15279.967101

15267.169512

14882.451099

14239.938115

13495.474367

12770.482090

12128.748213

11586.946143

11133.223538

10749.021459

10420.414161

10150.749233

9954.773816

9859.397596

9880.478222

10020.025688

10251.642492

10532.604956

10808.625421

11033.460085

11174.545006

11252.569616

11330.687997

11265.175843

11160.407460

11064.989475

10921.110678

10714.146889

10465.577625

10231.221406

10060.018984

9988.719868

10021.388627

10148.470443

10342.737126

10586.694421

10865.225928

11180.109400

11536.230266

11941.873448

12392.550874

12868.202665

13316.869450

13670.957901

13850.165544

13806.544284

13539.027051

13081.155376

12502.037738

11848.086611

11336.888011

11443.580668

11795.332149

11795.332149

11443.580668

11336.888011

11848.086611

12502.037738

13081.155376

13539.027051

13806.544284

13850.165544

13670.957901

13316.869450

12868.202665

12392.550874

11941.873448

11536.230266

11180.109400

10865.225928

10586.694421

10342.737126

10148.470443

10021.388627

9988.719868

10060.018984

10231.221406

10465.577625

10714.146889

10921.110678

11064.989475

11160.407460

11265.175843

11180.513127

11055.337964

10942.997116

10812.817207

10642.505736

10457.671913

10297.823393

10205.496910

10189.750809

10247.166174

10352.713091

10493.731667

10653.759399

10834.164138

11032.759937

11255.395995

11497.527342

11753.962643

11998.689071

12207.129287

12331.752126

12357.877178

12269.488112

12113.231507

11927.091086

11787.674668

11721.891706

11881.291648

12333.862697

12078.046202

12078.046202

12333.862697

11881.291648

11721.891706

11787.674668

11927.091086

12113.231507

12269.488112

12357.877178

12331.752126

12207.129287

11998.689071

11753.962643

11497.527342

11255.395995

11032.759937

10834.164138

10653.759399

10493.731667

10352.713091

10247.166174

10189.750809

10205.496910

10297.823393

10457.671913

10642.505736

10812.817207

10942.997116

11055.337964

11180.513127

11088.484980

10944.290828

10828.613326

10720.046523

10608.403580

10500.668650

10430.001636

10406.879417

10431.226444

10477.419128

10535.860762

10592.623109

10657.189719

10729.996597

10822.794455

10933.002609

11063.585978

11197.531497

11324.166536

11400.658010

11413.800949

11331.620875

11210.530318

11095.050739

11125.407093

11358.006991

11866.013940

12469.740062

12798.526373

12360.425619

12360.425619

12798.526373

12469.740062

11866.013940

11358.006991

11125.407093

11095.050739

11210.530318

11331.620875

11413.800949

11400.658010

11324.166536

11197.531497

11063.585978

10933.002609

10822.794455

10729.996597

10657.189719

10592.623108

10535.860762

10477.419128

10431.226444

10406.879417

10430.001636

10500.668650

10608.403580

10720.046523

10828.613326

10944.290828

11088.484980

10998.653739

10843.871006

10730.741352

10659.880481

10609.654493

10585.428659

10589.144060

10622.090985

10657.010001

10680.860159

10677.795614

10663.886918

10645.866234

10646.729807

10669.526580

10726.444514

10807.629598

10912.532340

11001.565609

11053.176295

11002.765451

10872.438592

10675.126467

10575.398406

10677.553145

11162.519733

11989.509221

12866.450372

12999.414963

12374.160588

12374.160588

12999.414963

12866.450372

11989.509221

11162.519733

10677.553145

10575.398406

10675.126467

10872.438592

11002.765451

11053.176295

11001.565609

10912.532340

10807.629598

10726.444514

10669.526580

10646.729807

10645.866234

10663.886918

10677.795614

10680.860159

10657.010001

10622.090985

10589.144060

10585.428659

10609.654493

10659.880481

10730.741352

10843.871006

10998.653739

10922.751509

10761.783821

10665.543983

10631.716384

10644.693031

10684.357993

10747.135123

10806.788946

10844.806770

10837.263082

10797.404879

10734.553452

10682.043699

10649.954852

10661.436429

10714.579417

10821.832676

10955.664564

11099.445323

11167.618590

11128.845824

10917.845875

10648.924569

10417.330231

10488.205109

10940.983738

11793.848971

12688.771127

12787.940266

12270.042129

12270.042129

12787.940266

12688.771127

11793.848971

10940.983738

10488.205109

10417.330231

10648.924569

10917.845875

11128.845824

11167.618590

11099.445323

10955.664564

10821.832676

10714.579417

10661.436429

10649.954852

10682.043699

10734.553452

10797.404879

10837.263082

10844.806770

10806.788946

10747.135123

10684.357993

10644.693031

10631.716384

10665.543983

10761.783821

10922.751509

10870.078259

10713.778525

10634.360523

10639.072112

10693.789664

10779.904712

10870.622386

10946.906123

10977.153287

10962.419828

10906.285303

10845.144251

10794.318199

10787.222944

10829.305319

10947.227425

11130.636347

11384.143959

11630.644719

11810.358126

11773.781773

11513.324193

11032.217858

10605.676226

10396.928377

10634.241864

11138.451030

11648.804548

11753.962285

12303.115161

12303.115161

11753.962285

11648.804548

11138.451030

10634.241864

10396.928378

10605.676226

11032.217858

11513.324193

11773.781773

11810.358127

11630.644719

11384.143959

11130.636347

10947.227425

10829.305319

10787.222944

10794.318199

10845.144251

10906.285303

10962.419828

10977.153287

10946.906123

10870.622386

10779.904712

10693.789664

10639.072112

10634.360523

10713.778525

10870.078259

10847.945338

10704.050309

10645.809377

10669.302030

10749.053419

10849.352406

10953.305730

11029.842850

11067.839113

11058.325207

11030.078941

10998.984058

11004.643730

11057.567447

11195.786144

11424.208888

11774.252570

12198.752320

12655.765877

12965.133854

13001.660258

12603.663411

11904.297693

11104.665096

10605.527042

10391.524324

10403.241086

10191.667058

10326.284283

12709.692469

12709.692469

10326.284283

10191.667057

10403.241086

10391.524324

10605.527042

11104.665096

11904.297693

12603.663411

13001.660258

12965.133854

12655.765877

12198.752320

11774.252570

11424.208888

11195.786144

11057.567447

11004.643730

10998.984058

11030.078941

11058.325207

11067.839113

11029.842850

10953.305730

10849.352406

10749.053419

10669.302030

10645.809377

10704.050309

10847.945338

10864.461033

10743.968430

10692.725714

10722.633190

10797.108216

10895.526319

10991.605963

11072.578724

11119.042169

11144.499278

11159.229338

11202.798131

11288.593825

11460.090345

11730.546065

12150.822859

12703.809679

13385.539663

14043.297318

14529.756180

14582.094696

14108.537220

13175.003010

12136.873798

11271.826582

10733.612289

9991.156387

9126.942810

8775.954670

13180.399110

13180.399110

8775.954670

9126.942810

9991.156387

10733.612289

11271.826582

12136.873798

13175.003010

14108.537220

14582.094696

14529.756180

14043.297318

13385.539663

12703.809679

12150.822859

11730.546065

11460.090345

11288.593825

11202.798131

11159.229338

11144.499278

11119.042169

11072.578724

10991.605963

10895.526319

10797.108216

10722.633190

10692.725714

10743.968430

10864.461033

10925.432088

10829.579324

10779.316633

10789.909707

10847.202992

10922.773235

11008.867411

11085.910358

11154.270298

11214.010012

11297.888677

11421.109787

11627.968569

11933.656408

12394.205232

13009.856550

13797.831658

14633.961345

15402.839627

15872.062417

15902.851324

15463.604261

14630.617446

13693.773351

12815.157745

11836.900962

10547.642037

8651.576982

7307.099931

13291.250893

13291.250893

7307.099931

8651.576982

10547.642037

11836.900962

12815.157745

13693.773351

14630.617447

15463.604261

15902.851324

15872.062417

15402.839627

14633.961346

13797.831658

13009.856550

12394.205232

11933.656408

11627.968569

11421.109787

11297.888677

11214.010012

11154.270298

11085.910358

11008.867411

10922.773235

10847.202992

10789.909707

10779.316633

10829.579324

10925.432088

11040.213985

10965.113117

10895.191546

10881.041323

10904.330878

10956.953733

11022.999237

11100.078885

11178.946324

11279.961657

11417.517623

11634.522601

11947.339984

12406.603292

13017.305400

13794.041916

14620.886865

15379.165024

15880.157657

16085.439279

16055.198636

15837.404318

15679.392043

15477.270697

15306.234979

14499.841550

12261.300829

9391.611217

6481.485854

12076.385154

12076.385154

6481.485854

9391.611217

12261.300829

14499.841550

15306.234979

15477.270697

15679.392043

15837.404318

16055.198636

16085.439279

15880.157657

15379.165024

14620.886865

13794.041916

13017.305400

12406.603292

11947.339984

11634.522601

11417.517623

11279.961657

11178.946324

11100.078885

11022.999237

10956.953733

10904.330878

10881.041323

10895.191546

10965.113117

11040.213985

11211.963000

11138.632908

11046.188782

10994.563451

10990.680129

11014.388840

11064.899172

11129.597713

11215.670542

11330.877135

11512.849690

11780.607976

12177.734526

12709.207527

13378.990020

14082.123829

14671.766853

14969.390320

14978.506393

14847.893648

14738.580016

14890.155000

15316.461043

16374.323256

17637.757239

18494.585832

16273.326749

11454.110452

7404.128744

11236.743040

11236.743040

7404.128744

11454.110452

16273.326749

18494.585832

17637.757239

16374.323256

15316.461043

14890.155000

14738.580016

14847.893648

14978.506393

14969.390320

14671.766853

14082.123829

13378.990020

12709.207527

12177.734526

11780.607976

11512.849690

11330.877135

11215.670542

11129.597713

11064.899172

11014.388840

10990.680129

10994.563451

11046.188782

11138.632908

11211.963000

11444.516136

11351.617064

11222.502800

11145.255238

11113.112191

11119.451062

11147.884684

11197.531755

11264.732944

11375.050890

11547.835777

11821.061912

12200.942316

12687.325932

13202.332546

13597.167231

13706.572576

13493.163705

13110.519480

12733.119926

12554.597141

12599.093546

13085.169343

14166.558511

16170.571062

18620.266441

20163.544940

15230.335974

9589.507463

10789.572730

10789.572730

9589.507463

15230.335974

20163.544940

18620.266442

16170.571062

14166.558511

13085.169343

12599.093546

12554.597141

12733.119926

13110.519480

13493.163705

13706.572576

13597.167231

13202.332546

12687.325932

12200.942316

11821.061912

11547.835777

11375.050890

11264.732944

11197.531755

11147.884684

11119.451062

11113.112191

11145.255238

11222.502800

11351.617064

11444.516136

11727.725531

11591.463397

11432.258044

11328.361019

11286.097051

11275.264097

11286.300972

11303.650102

11335.340644

11394.097811

11511.920161

11698.256013

11955.886827

12240.442422

12438.629014

12425.551417

12109.803661

11592.356808

10998.433662

10479.777172

10018.501467

9699.793712

9536.774632

9755.737522

10727.753566

11770.011317

13000.874938

15344.080360

16093.246816

10280.500403

10280.500403

16093.246816

15344.080359

13000.874938

11770.011317

10727.753566

9755.737522

9536.774632

9699.793712

10018.501467

10479.777172

10998.433662

11592.356808

12109.803661

12425.551417

12438.629014

12240.442422

11955.886827

11698.256013

11511.920161

11394.097811

11335.340644

11303.650102

11286.300972

11275.264097

11286.097051

11328.361019

11432.258044

11591.463397

11727.725531

12053.895885

11861.403733

11665.013508

11550.825348

11499.382766

11482.890279

11468.669349

11445.422174

11410.004649

11383.910627

11381.213622

11410.682430

11454.579192

11447.365217

11320.142655

10966.340916

10433.956571

9778.761329

9115.876582

8446.117452

7797.498757

7153.251033

6683.937110

6538.252448

6887.581717

7938.383129

8509.425545

10367.954289

18486.828966

10410.282590

10410.282590

18486.828965

10367.954289

8509.425545

7938.383129

6887.581717

6538.252448

6683.937110

7153.251033

7797.498757

8446.117452

9115.876582

9778.761329

10433.956571

10966.340916

11320.142655

11447.365217

11454.579192

11410.682430

11381.213622

11383.910627

11410.004649

11445.422174

11468.669349

11482.890279

11499.382766

11550.825348

11665.013508

11861.403733

12053.895885

12399.734784

12150.980009

11926.082114

11795.544822

11744.140001

11715.358901

11673.755304

11592.353288

11471.383068

11324.525069

11167.571046

11002.392293

10800.681030

10538.160934

10132.233599

9611.407572

8974.218052

8317.501406

7650.576162

6967.152559

6304.782228

5720.853902

5345.894018

5302.233894

5785.978365

6904.602956

8522.702648

10225.957298

17052.292372

13926.696132

13926.696131

17052.292371

10225.957298

8522.702648

6904.602956

5785.978365

5302.233894

5345.894018

5720.853902

6304.782228

6967.152559

7650.576162

8317.501406

8974.218052

9611.407572

10132.233599

10538.160934

10800.681030

11002.392293

11167.571046

11324.525069

11471.383068

11592.353288

11673.755304

11715.358901

11744.140001

11795.544822

11926.082114

12150.980009

12399.734784

12759.102708

12460.578178

12200.830427

12054.256922

11986.046201

11937.520843

11853.629398

11703.931296

11485.221215

11211.632574

10901.579576

10550.441770

10157.425027

9672.210769

9124.670339

8496.383162

7889.534636

7300.361172

6731.922755

6207.741199

5707.662525

5418.161894

5295.321198

5540.646144

6092.798485

7330.766299

9234.938769

13372.123162

22612.088421

16624.536625

16624.536623

22612.088421

13372.123161

9234.938769

7330.766299

6092.798485

5540.646144

5295.321198

5418.161894

5707.662525

6207.741199

6731.922755

7300.361172

7889.534636

8496.383162

9124.670339

9672.210769

10157.425027

10550.441770

10901.579576

11211.632574

11485.221215

11703.931296

11853.629398

11937.520843

11986.046201

12054.256922

12200.830427

12460.578178

12759.102708

13111.140650

12779.604918

12484.817723

12298.377304

12192.772291

12096.641848

11952.795148

11730.392829

11421.887995

11049.658973

10621.004862

10146.329831

9594.073390

8989.564319

8327.222058

7728.660788

7198.104424

6783.963851

6446.046844

6149.967908

6037.085368

6028.357809

6326.692332

6710.339677

7383.411714

8471.548781

10856.275155

17861.090695

24366.337429

33478.817049

33478.817048

24366.337429

17861.090694

10856.275155

8471.548781

7383.411714

6710.339677

6326.692332

6028.357809

6037.085368

6149.967908

6446.046844

6783.963851

7198.104424

7728.660788

8327.222058

8989.564319

9594.073390

10146.329831

10621.004862

11049.658973

11421.887995

11730.392829

11952.795148

12096.641848

12192.772291

12298.377304

12484.817723

12779.604918

13111.140650

13465.393985

13101.644756

12757.801630

12507.590052

12324.523446

12146.423812

11926.421711

11632.553284

11271.597624

10844.624572

10365.888525

9805.576708

9170.297763

8460.507490

7809.151117

7269.294830

6948.696292

6778.554333

6755.110030

6870.051293

7080.633396

7545.923986

7973.397766

8200.561860

8319.652352

9072.380961

12683.737347

19178.830562

19312.807640

30164.563613

30164.563614

19312.807640

19178.830562

12683.737347

9072.380961

8319.652352

8200.561860

7973.397766

7545.923986

7080.633396

6870.051293

6755.110030

6778.554333

6948.696292

7269.294830

7809.151117

8460.507490

9170.297763

9805.576708

10365.888525

10844.624572

11271.597624

11632.553284

11926.421711

12146.423812

12324.523446

12507.590052

12757.801630

13101.644756

13465.393985

13806.953708

13416.542282

13005.444675

12655.853357

12356.201919

12067.168283

11755.554869

11417.236084

11036.224688

10619.837155

10126.964577

9539.220278

8831.835793

8115.311384

7503.011151

7163.741992

7073.434460

7275.617073

7643.350637

8165.845273

8826.754903

9412.816473

9670.029290

9021.715502

8394.836104

10420.277994

15785.372959

18605.938427

19517.034374

27036.208483

27036.208483

19517.034374

18605.938427

15785.372959

10420.277994

8394.836104

9021.715502

9670.029290

9412.816473

8826.754903

8165.845273

7643.350637

7275.617073

7073.434460

7163.741992

7503.011151

8115.311384

8831.835793

9539.220278

10126.964577

10619.837155

11036.224688

11417.236084

11755.554869

12067.168283

12356.201919

12655.853357

13005.444675

13416.542282

13806.953708

14152.363650

13710.884470

13208.603268

12728.934921

12286.044663

11867.124177

11480.582650

11112.227263

10761.525563

10373.482460

9908.759776

9295.476365

8581.028235

7889.567444

7439.601122

7306.782868

7576.179275

8121.722361

8952.515796

9845.538092

10714.033765

11293.814540

10659.803556

9117.343766

9308.689461

13238.963463

17966.440490

18063.385910

18677.874597

22144.278934

22144.278934

18677.874597

18063.385910

17966.440490

13238.963463

9308.689461

9117.343766

10659.803556

11293.814541

10714.033765

9845.538092

8952.515796

8121.722361

7576.179275

7306.782868

7439.601122

7889.567444

8581.028235

9295.476365

9908.759776

10373.482460

10761.525563

11112.227263

11480.582650

11867.124177

12286.044663

12728.934921

13208.603268

13710.884470

14152.363650

14478.339683

13973.649833

13352.812870

12725.147639

12130.064084

11600.935455

11152.283240

10795.030421

10473.955012

10140.347688

9684.755456

9079.939612

8379.686388

7803.411967

7531.077251

7692.525286

8246.636099

9215.124343

10318.016011

11527.345280

12455.383132

12575.589683

11171.826240

9889.814125

11719.678254

16342.754794

17837.805041

16988.116216

16805.459715

22496.022329

22496.022329

16805.459715

16988.116216

17837.805041

16342.754794

11719.678254

9889.814125

11171.826240

12575.589683

12455.383132

11527.345280

10318.016011

9215.124343

8246.636099

7692.525286

7531.077251

7803.411967

8379.686388

9079.939612

9684.755456

10140.347688

10473.955012

10795.030421

11152.283240

11600.935455

12130.064084

12725.147639

13352.812870

13973.649833

14478.339683

14789.478321

14184.189177

13430.697479

12652.763621

11931.541453

11317.347153

10852.861424

10507.252503

10236.831399

9922.502971

9489.168105

8886.219358

8256.236749

7817.619768

7764.398078

8154.017736

9017.614812

10182.053016

11610.725877

12806.994773

13748.700273

13435.773959

11977.215258

12011.579736

15054.455563

17306.641333

16579.397013

14911.213260

15144.083012

22972.612773

22972.612773

15144.083013

14911.213260

16579.397013

17306.641333

15054.455563

12011.579736

11977.215258

13435.773959

13748.700273

12806.994773

11610.725877

10182.053016

9017.614812

8154.017736

7764.398078

7817.619768

8256.236749

8886.219358

9489.168105

9922.502971

10236.831399

10507.252503

10852.861424

11317.347153

11931.541453

12652.763621

13430.697479

14184.189177

14789.478321

15043.274794

14330.563298

13438.509240

12536.338712

11724.300850

11079.785803

10615.631349

10310.554023

10059.134297

9772.756221

9330.521080

8761.256714

8213.597021

7927.949822

8051.631767

8635.821746

9636.643804

11034.964956

12409.033645

13782.528498

14338.368094

14119.617731

13693.781233

15048.826440

16880.929904

16344.378656

15149.952291

12996.935645

13737.770282

29929.493569

29929.493569

13737.770282

12996.935645

15149.952291

16344.378656

16880.929904

15048.826439

13693.781233

14119.617731

14338.368094

13782.528498

12409.033645

11034.964956

9636.643804

8635.821746

8051.631767

7927.949822

8213.597021

8761.256714

9330.521080

9772.756221

10059.134297

10310.554023

10615.631349

11079.785803

11724.300850

12536.338712

13438.509240

14330.563298

15043.274794

15226.620976

14392.426008

13385.440483

12395.761278

11550.504245

10907.538791

10482.960891

10202.539615

9985.299696

9690.321715

9261.943936

8718.477546

8263.665841

8103.531649

8347.099709

9017.397247

10125.447652

11485.554545

13010.905058

13945.199651

14630.928187

14957.059701

15661.737044

17073.939735

16220.750327

15540.536236

13392.208672

12703.620758

14728.320507

34337.851605

34337.851605

14728.320507

12703.620758

13392.208672

15540.536236

16220.750327

17073.939735

15661.737044

14957.059701

14630.928187

13945.199651

13010.905058

11485.554545

10125.447652

9017.397247

8347.099709

8103.531649

8263.665841

8718.477546

9261.943936

9690.321715

9985.299696

10202.539615

10482.960891

10907.538791

11550.504245

12395.761278

13385.440483

14392.426008

15226.620976

15290.174429

14366.368468

13279.153627

12258.363995

11421.482694

10825.987255

10441.228856

10208.212750

9996.673858

9716.646645

9280.692255

8780.711012

8394.952171

8311.924553

8605.074897

9295.144136

10363.484610

11772.575389

12985.508834

13980.716982

14596.486119

15606.584501

17006.325278

16296.260202

15709.922583

14201.086082

13992.828937

12703.526945

19325.447886

36974.621015

36974.621015

19325.447886

12703.526945

13992.828937

14201.086082

15709.922583

16296.260202

17006.325278

15606.584501

14596.486119

13980.716982

12985.508835

11772.575389

10363.484610

9295.144136

8605.074897

8311.924553

8394.952171

8780.711012

9280.692255

9716.646645

9996.673858

10208.212750

10441.228856

10825.987255

11421.482694

12258.363995

13279.153627

14366.368468

15290.174429

15225.146399

14246.121837

13137.614154

12132.806286

11353.520754

10817.756495

10500.404858

10297.117123

10117.584061

9828.635827

9412.001981

8930.006275

8589.871777

8530.062159

8810.977674

9444.559068

10468.242310

11702.348591

12888.812449

13693.269207

14649.257960

15845.856689

15947.542043

15096.712679

14211.188847

15468.279385

14597.858126

17537.839107

21485.714523

31736.144661

31736.144661

21485.714523

17537.839107

14597.858126

15468.279385

14211.188847

15096.712679

15947.542043

15845.856689

14649.257960

13693.269207

12888.812449

11702.348592

10468.242310

9444.559068

8810.977674

8530.062159

8589.871777

8930.006275

9412.001981

9828.635827

10117.584061

10297.117123

10500.404858

10817.756495

11353.520754

12132.806286

13137.614154

14246.121837

15225.146399

15010.944380

14045.699432

12968.559598

12032.410888

11331.318614

10884.934498

10625.551902

10479.994768

10312.567633

10048.315402

9624.488853

9164.957963

8822.659387

8746.756828

8960.991440

9518.597972

10411.295421

11546.016322

12638.688469

13559.478349

14523.765971

14748.775238

13991.812991

13036.675026

14076.784910

16034.086348

21043.169116

21201.999080

26422.487372

22467.784384

22467.784385

26422.487372

21201.999080

21043.169116

16034.086348

14076.784910

13036.675026

13991.812991

14748.775237

14523.765971

13559.478349

12638.688469

11546.016323

10411.295421

9518.597972

8960.991440

8746.756828

8822.659387

9164.957963

9624.488853

10048.315402

10312.567633

10479.994768

10625.551902

10884.934498

11331.318614

12032.410888

12968.559598

14045.699432

15010.944380

14673.572095

13775.526125

12787.669188

11947.389250

11354.863880

10992.722384

10818.392788

10714.886901

10597.327158

10334.215131

9930.388683

9449.118226

9093.689623

8947.456050

9091.173008

9522.033397

10303.420753

11350.805320

12436.804008

13441.233711

13642.294801

13158.479048

11670.983668

11347.967536

13102.741757

20130.242615

26539.516859

31832.239328

21956.916873

15677.347883

15677.347883

21956.916873

31832.239328

26539.516859

20130.242615

13102.741757

11347.967536

11670.983668

13158.479048

13642.294801

13441.233711

12436.804009

11350.805320

10303.420753

9522.033397

9091.173008

8947.456050

9093.689623

9449.118226

9930.388683

10334.215131

10597.327158

10714.886901

10818.392788

10992.722384

11354.863880

11947.389250

12787.669188

13775.526125

14673.572095

14236.334241

13462.490209

12594.424265

11881.057803

11393.699248

11138.510242

11033.418596

11009.707008

10922.503708

10703.733011

10282.284341

9797.255281

9371.986795

9168.834754

9185.301094

9526.512687

10173.062645

11180.706018

12346.482198

12878.241143

12665.939523

11178.636931

10002.669261

9776.130188

12927.408362

20444.138939

34291.024120

31352.295392

28092.490773

15884.020297

15884.020297

28092.490773

31352.295389

34291.024120

20444.138939

12927.408362

9776.130188

10002.669261

11178.636931

12665.939523

12878.241143

12346.482198

11180.706018

10173.062645

9526.512687

9185.301094

9168.834754

9371.986795

9797.255281

10282.284341

10703.733011

10922.503708

11009.707008

11033.418596

11138.510242

11393.699248

11881.057803

12594.424265

13462.490209

14236.334241

13751.698187

13122.068409

12401.869150

11812.169485

11446.660430

11278.116420

11273.062357

11308.132117

11301.897313

11098.086683

10703.529826

10162.327373

9698.149148

9373.258644

9314.783384

9493.071545

10098.744028

11074.502913

12116.635680

12408.271956

11444.636347

10003.601917

8607.717690

9243.396356

12271.132342

20170.597919

23737.698661

27393.310678

22118.130230

24477.131882

24477.131882

22118.130230

27393.310678

23737.698661

20170.597919

12271.132342

9243.396356

8607.717690

10003.601917

11444.636347

12408.271956

12116.635680

11074.502913

10098.744028

9493.071545

9314.783384

9373.258644

9698.149148

10162.327373

10703.529826

11098.086683

11301.897313

11308.132117

11273.062357

11278.116420

11446.660430

11812.169485

12401.869150

13122.068409

13751.698187

13254.948516

12782.962053

12202.818981

11746.676569

11477.659426

11414.924950

11480.237516

11619.169968

11664.956245

11538.793627

11129.558760

10585.626807

10020.286798

9631.831455

9407.257019

9529.485904

10003.306911

11038.168183

11913.527667

11971.451870

10880.568571

9245.424072

8323.693868

9207.727221

13176.335381

17458.381221

20236.623408

13259.292398

34912.622632

29200.619013

29200.619013

34912.622632

13259.292398

20236.623407

17458.381221

13176.335381

9207.727220

8323.693868

9245.424072

10880.568571

11971.451870

11913.527667

11038.168183

10003.306911

9529.485904

9407.257019

9631.831455

10020.286798

10585.626807

11129.558760

11538.793627

11664.956245

11619.169968

11480.237516

11414.924950

11477.659426

11746.676569

12202.818981

12782.962053

13254.948516

12789.657496

12453.743771

12013.437542

11661.429052

11496.810701

11501.164796

11666.581536

11869.283370

12028.719655

11941.511528

11595.302276

10998.595826

10401.395368

9869.632437

9570.756164

9517.245073

10033.674463

10906.631217

11881.452665

11749.238137

10844.892449

9294.324978

8981.371036

10562.144867

13092.202403

15703.028038

15667.465696

15695.609999

16184.894738

23724.877629

23724.877630

16184.894738

15695.609999

15667.465696

15703.028037

13092.202403

10562.144867

8981.371035

9294.324978

10844.892449

11749.238137

11881.452665

10906.631217

10033.674463

9517.245073

9570.756164

9869.632437

10401.395368

10998.595826

11595.302276

11941.511528

12028.719655

11869.283370

11666.581536

11501.164796

11496.810701

11661.429052

12013.437542

12453.743771

12789.657496

12370.939742

12157.758622

11823.612130

11574.213682

11471.429405

11557.716674

11771.308496

12080.662774

12300.665205

12334.753689

12006.396503

11450.924067

10763.593737

10173.690382

9706.034435

9617.197373

9973.135207

10944.569753

11651.461212

11967.810439

10939.942547

10121.265567

10497.562290

11856.826456

12170.436428

12482.714198

14969.586407

14678.349292

10350.576419

6548.818467

6548.818467

10350.576419

14678.349292

14969.586407

12482.714198

12170.436428

11856.826456

10497.562290

10121.265567

10939.942547

11967.810439

11651.461212

10944.569753

9973.135207

9617.197373

9706.034435

10173.690382

10763.593737

11450.924067

12006.396503

12334.753689

12300.665205

12080.662774

11771.308496

11557.716674

11471.429405

11574.213682

11823.612130

12157.758622

12370.939742

12019.512933

11892.204558

11654.449872

11465.775018

11430.109060

11544.382480

11829.854955

12177.000019

12516.827008

12607.550030

12404.095912

11841.050173

11169.462307

10461.571515

9931.870236

9693.328126

10042.928741

10768.116833

11667.795928

11701.563238

11441.907361

10963.395037

12515.743510

12640.181594

11086.588324

12387.318420

17829.564793

21981.244754

10950.800202

16088.244504

16088.244501

10950.800202

21981.244754

17829.564793

12387.318420

11086.588324

12640.181594

12515.743510

10963.395037

11441.907361

11701.563238

11667.795928

10768.116833

10042.928741

9693.328126

9931.870235

10461.571514

11169.462307

11841.050173

12404.095912

12607.550030

12516.827008

12177.000019

11829.854955

11544.382480

11430.109060

11465.775018

11654.449872

11892.204558

12019.512933

11728.536183

11673.462847

11493.775419

11365.433682

11349.024608

11505.104559

11794.049297

12211.806789

12583.618754

12812.491987

12661.988969

12221.352592

11517.050905

10809.008144

10167.327303

9877.593144

10054.735423

10719.432697

11282.586050

11607.700205

11148.270576

12109.337211

13968.784954

13372.892340

11778.102517

12186.763901

16908.575806

12533.582340

14494.676841

4465.899608

4465.899608

14494.676840

12533.582340

16908.575806

12186.763901

11778.102517

13372.892340

13968.784954

12109.337211

11148.270576

11607.700205

11282.586050

10719.432697

10054.735423

9877.593144

10167.327303

10809.008144

11517.050905

12221.352592

12661.988969

12812.491987

12583.618754

12211.806789

11794.049297

11505.104559

11349.024608

11365.433682

11493.775419

11673.462847

11728.536183

11504.176153

11489.552040

11364.217946

11257.094401

11269.973585

11412.389165

11725.630855

12127.682006

12576.324208

12838.730903

12850.073849

12456.369046

11868.899654

11121.312989

10484.952314

10088.294400

10162.014335

10583.162184

11049.143724

10979.931691

10965.053831

12006.993341

15178.313032

14718.946407

11670.980582

10615.864875

9303.008678

12277.506867

4633.767535

21116.377432

21116.377433

4633.767535

12277.506866

9303.008678

10615.864875

11670.980582

14718.946407

15178.313032

12006.993341

10965.053831

10979.931691

11049.143724

10583.162184

10162.014335

10088.294400

10484.952314

11121.312989

11868.899654

12456.369046

12850.073849

12838.730903

12576.324208

12127.682006

11725.630855

11412.389165

11269.973585

11257.094401

11364.217946

11489.552040

11504.176153

11329.548050

11351.688175

11250.681127

11172.789799

11174.065981

11321.075301

11592.749153

12006.562242

12427.548987

12786.291110

12843.029752

12633.620456

12086.926548

11461.974801

10793.341230

10387.086937

10310.423587

10576.110590

10792.342473

10649.881696

10258.727730

11340.613957

14442.025945

15229.312279

12307.822052

9682.040779

10351.279513

6083.353114

10569.404367

20685.287236

20685.287236

10569.404367

6083.353113

10351.279513

9682.040779

12307.822052

15229.312279

14442.025945

11340.613957

10258.727730

10649.881696

10792.342473

10576.110590

10310.423587

10387.086937

10793.341230

11461.974801

12086.926548

12633.620456

12843.029752

12786.291110

12427.548987

12006.562242

11592.749153

11321.075301

11174.065981

11172.789799

11250.681127

11351.688175

11329.548050

11206.860669

11243.524254

11172.655299

11094.829571

11101.746410

11208.656030

11463.306552

11811.733936

12242.249236

12577.942207

12765.868911

12617.032926

12271.106342

11687.577046

11147.415436

10688.825402

10571.880367

10672.997047

10825.008364

10475.297385

9885.798590

9924.994902

11872.393430

13500.428400

12841.935769

12341.792361

9622.284511

7554.871453

8491.006181

18193.138831

18193.138831

8491.006181

7554.871453

9622.284511

12341.792361

12841.935769

13500.428400

11872.393430

9924.994902

9885.798590

10475.297385

10825.008364

10672.997047

10571.880367

10688.825402

11147.415436

11687.577046

12271.106342

12617.032926

12765.868911

12577.942207

12242.249236

11811.733936

11463.306552

11208.656030

11101.746410

11094.829571

11172.655299

11243.524254

11206.860669

11118.823162

11173.378409

11111.704207

11048.867119

11031.593530

11122.307495

11310.740596

11625.454630

11978.653294

12342.110613

12530.936325

12550.703079

12274.987547

11900.685419

11394.777412

11050.295189

10852.010704

10974.092000

11045.841588

10864.354136

9784.560280

9058.634501

8962.008247

10015.349547

10817.407475

14321.023291

12531.575720

8267.784021

8746.577630

13563.134766

13563.134766

8746.577630

8267.784021

12531.575720

14321.023291

10817.407475

10015.349547

8962.008247

9058.634501

9784.560280

10864.354136

11045.841588

10974.092000

10852.010704

11050.295189

11394.777412

11900.685419

12274.987547

12550.703079

12530.936325

12342.110613

11978.653294

11625.454630

11310.740596

11122.307495

11031.593530

11048.867119

11111.704207

11173.378409

11118.823162

11068.880697

11124.350025

11081.755664

11012.863258

10992.888371

11036.451102

11189.007593

11417.411209

11734.216856

12029.971023

12284.202796

12334.881961

12251.125844

11946.997274

11640.778519

11305.458519

11221.436635

11284.370673

11620.593421

11478.085551

10702.890512

8804.800364

7819.215820

7197.716833

8017.426797

9976.463671

17681.488353

12718.678072

8954.848604

11148.948433

11148.948433

8954.848604

12718.678072

17681.488353

9976.463672

8017.426798

7197.716833

7819.215820

8804.800364

10702.890512

11478.085551

11620.593421

11284.370673

11221.436635

11305.458519

11640.778519

11946.997274

12251.125844

12334.881961

12284.202796

12029.971023

11734.216856

11417.411209

11189.007593

11036.451102

10992.888371

11012.863258

11081.755664

11124.350025

11068.880697

11042.946713

11103.214246

11062.302730

11003.492985

10959.699145

10983.514210

11069.226295

11249.468010

11474.084323

11751.224232

11966.263755

12122.599067

12091.093568

11981.954049

11733.654039

11569.405440

11469.361165

11700.965849

12066.095255

12594.848877

11981.317328

10263.398148

7844.352024

6835.078998

6454.869458

7835.910350

10457.347793

18979.689205

14758.719369

8747.163908

8747.163908

14758.719369

18979.689204

10457.347793

7835.910350

6454.869458

6835.078998

7844.352024

10263.398148

11981.317328

12594.848877

12066.095255

11700.965849

11469.361165

11569.405440

11733.654039

11981.954049

12091.093568

12122.599067

11966.263755

11751.224232

11474.084323

11249.468010

11069.226295

10983.514210

10959.699145

11003.492985

11062.302730

11103.214246

11042.946713

11045.753027

11094.433742

11062.873535

10996.524826

10950.931959

10935.105318

10988.297906

11090.030379

11267.823443

11464.364553

11692.980675

11844.024710

11946.226461

11899.508614

11829.809398

11697.166010

11722.876994

11906.403928

12494.569788

13181.055420

13672.740543

12387.199593

9870.008414

7673.245437

7158.817377

7093.318284

9041.799624

10832.972877

17497.091265

12392.092617

12392.092617

17497.091266

10832.972877

9041.799624

7093.318284

7158.817377

7673.245437

9870.008414

12387.199593

13672.740543

13181.055420

12494.569788

11906.403928

11722.876994

11697.166010

11829.809398

11899.508614

11946.226461

11844.024710

11692.980675

11464.364553

11267.823443

11090.030379

10988.297906

10935.105318

10950.931959

10996.524826

11062.873535

11094.433742

11045.753027

11065.125267

11103.923395

11064.277841

11003.974393

10940.741029

10913.929473

10916.766404

10981.326643

11080.271519

11244.687599

11415.625532

11614.168551

11740.068796

11839.265140

11830.629264

11834.702335

11834.765341

12041.856359

12482.934132

13289.027423

14069.174786

14119.544880

12512.185282

10090.092435

8561.326238

8471.663463

8698.193178

9822.138797

9235.409930

8324.828355

8324.828355

9235.409930

9822.138797

8698.193178

8471.663463

8561.326238

10090.092434

12512.185282

14119.544880

14069.174786

13289.027423

12482.934132

12041.856359

11834.765341

11834.702335

11830.629264

11839.265140

11740.068796

11614.168551

11415.625532

11244.687599

11080.271519

10981.326643

10916.766404

10913.929473

10940.741029

11003.974393

11064.277841

11103.923395

11065.125267

11104.574428

11118.279001

11075.748610

11005.667367

10945.417884

10894.247781

10881.870481

10891.821375

10957.776978

11051.944960

11211.691097

11376.791111

11575.527293

11715.479926

11844.410395

11882.598496

11930.619375

11997.525321

12266.663680

12780.223828

13456.161920

13998.337493

13741.189668

12714.755661

11463.118517

11277.234171

12290.517640

16093.645905

24355.227907

14786.740004

14786.740004

24355.227908

16093.645906

12290.517640

11277.234171

11463.118516

12714.755661

13741.189668

13998.337493

13456.161920

12780.223828

12266.663680

11997.525321

11930.619375

11882.598496

11844.410395

11715.479926

11575.527293

11376.791111

11211.691097

11051.944960

10957.776978

10891.821375

10881.870481

10894.247781

10945.417884

11005.667367

11075.748610

11118.279001

11104.574428

11151.162298

11143.242309

11083.716766

11016.103380

10945.588593

10896.691745

10856.085149

10851.159821

10863.342420

10933.804226

11033.872244

11205.313227

11384.759528

11604.563755

11767.625418

11906.746042

11927.820679

11923.890528

11943.299972

12151.517624

12585.315510

13068.585208

13458.707285

13555.022162

13618.950052

14346.468677

15704.095109

18172.448537

14193.694408

12053.341564

12053.341564

14193.694408

18172.448537

15704.095109

14346.468677

13618.950052

13555.022162

13458.707285

13068.585208

12585.315510

12151.517624

11943.299972

11923.890528

11927.820679

11906.746042

11767.625418

11604.563755

11384.759528

11205.313227

11033.872244

10933.804226

10863.342420

10851.159821

10856.085149

10896.691745

10945.588593

11016.103380

11083.716766

11143.242309

11151.162298

11205.853975

11168.261996

11100.243073

11023.254378

10960.237601

10899.985563

10861.395622

10825.821754

10826.476004

10845.394279

10929.731661

11044.993813

11235.060059

11428.350308

11655.992208

11800.287825

11884.182272

11811.868682

11718.860687

11685.760520

11874.947157

12254.230739

12708.187258

13046.055530

13388.122262

13429.491203

13442.990332

12677.486071

11973.520910

10579.153305

10579.153305

11973.520910

12677.486071

13442.990332

13429.491203

13388.122262

13046.055530

12708.187258

12254.230739

11874.947157

11685.760520

11718.860687

11811.868682

11884.182272

11800.287825

11655.992208

11428.350308

11235.060059

11044.993813

10929.731661

10845.394279

10826.476004

10825.821754

10861.395622

10899.985563

10960.237601

11023.254378

11100.243073

11168.261996

11205.853975

11255.587791

11199.148056

11117.195895

11044.056374

10975.699536

10924.218125

10870.990934

10837.939374

10806.975388

10818.241763

10849.817504

10949.753979

11073.506851

11266.471253

11443.965745

11638.998709

11716.529731

11726.920215

11591.991460

11498.997123

11473.575460

11655.871623

11894.334830

12169.472621

12221.820458

12135.358535

11773.904261

11612.292948

10946.043455

10568.697909

10568.697909

10946.043455

11612.292948

11773.904261

12135.358535

12221.820458

12169.472621

11894.334830

11655.871623

11473.575460

11498.997123

11591.991460

11726.920215

11716.529731

11638.998709

11443.965745

11266.471253

11073.506851

10949.753979

10849.817504

10818.241763

10806.975388

10837.939374

10870.990934

10924.218125

10975.699536

11044.056374

11117.195895

11199.148056

11255.587791

11301.587863

11227.837131

11145.292547

11069.405446

11010.033630

10951.247234

10905.974238

10856.247965

10830.493461

10809.397037

10833.879681

10873.110711

10973.713920

11082.320193

11249.655673

11382.415752

11530.140141

11556.807302

11559.491877

11444.937067

11406.430937

11336.747896

11377.327170

11291.293582

11219.400476

10914.544171

10774.331088

10431.701244

10134.119162

9872.872040

9872.872040

10134.119162

10431.701244

10774.331088

10914.544171

11219.400476

11291.293582

11377.327170

11336.747896

11406.430937

11444.937067

11559.491877

11556.807302

11530.140141

11382.415752

11249.655673

11082.320193

10973.713920

10873.110711

10833.879681

10809.397037

10830.493461

10856.247965

10905.974238

10951.247234

11010.033630

11069.405446

11145.292547

11227.837131

11301.587863

11336.043074

11258.425530

11176.277653

11110.753854

11050.392193

10999.760582

10944.632378

10904.226208

10861.813600

10847.212080

10834.989650

10861.679499

10889.691991

10967.187520

11040.194941

11169.399545

11262.300378

11386.213747

11404.218297

11433.240418

11338.051903

11311.838007

11168.408969

11120.143737

10894.469730

10798.635992

10609.813831

10549.158093

10491.354975

10430.225519

10430.225519

10491.354975

10549.158093

10609.813831

10798.635992

10894.469730

11120.143737

11168.408969

11311.838007

11338.051903

11433.240418

11404.218297

11386.213747

11262.300378

11169.399545

11040.194941

10967.187520

10889.691991

10861.679499

10834.989650

10847.212080

10861.813600

10904.226208

10944.632378

10999.760582

11050.392193

11110.753854

11176.277653

11258.425530

11336.043074

11365.369626

11284.577116

11213.217687

11156.600832

11107.375271

11052.779754

11004.979721

10953.175586

10919.558573

10884.927075

10873.744767

10855.208435

10862.638667

10860.701024

10901.864553

10939.866741

11037.517930

11106.541354

11204.636013

11199.726141

11192.671843

11078.997015

11049.907826

11013.623943

11154.725594

11378.552887

11800.547985

12384.551036

12957.338298

13395.534220

13395.534220

12957.338298

12384.551036

11800.547985

11378.552887

11154.725594

11013.623943

11049.907826

11078.997015

11192.671843

11199.726141

11204.636013

11106.541354

11037.517930

10939.866741

10901.864553

10860.701024

10862.638667

10855.208435

10873.744767

10884.927075

10919.558573

10953.175586

11004.979721

11052.779754

11107.375271

11156.600832

11213.217687

11284.577116

11365.369626

11390.748682

11302.579177

11246.404840

11209.183895

11165.989449

11118.920696

11062.192590

11013.879718

10964.021464

10930.754432

10891.541516

10865.486727

10823.921524

10799.762302

10767.690242

10777.844426

10794.130329

10858.005732

10892.050507

10910.756776

10833.252006

10716.201660

10580.187965

10521.426141

10618.682274

10884.950392

11421.563049

12069.865454

12831.710370

13274.352856

13274.352856

12831.710370

12069.865454

11421.563049

10884.950392

10618.682274

10521.426141

10580.187965

10716.201660

10833.252006

10910.756776

10892.050507

10858.005732

10794.130329

10777.844426

10767.690243

10799.762302

10823.921524

10865.486727

10891.541516

10930.754432

10964.021464

11013.879718

11062.192590

11118.920696

11165.989449

11209.183895

11246.404840

11302.579177

11390.748682

11413.839573

11304.489006

11277.769949

11260.763882

11228.536952

11177.193936

11122.021008

11059.928961

11006.150658

10948.503369

10901.249445

10844.400972

10795.320441

10733.614816

10687.879585

10643.984315

10632.586985

10629.078308

10629.452797

10590.430100

10474.483444

10296.026996

10045.222618

9839.814087

9656.528010

9643.002301

9702.685188

9952.854745

10178.033602

10376.796324

10376.796324

10178.033602

9952.854745

9702.685188

9643.002301

9656.528010

9839.814087

10045.222618

10296.026996

10474.483444

10590.430100

10629.452797

10629.078308

10632.586985

10643.984315

10687.879585

10733.614816

10795.320441

10844.400972

10901.249445

10948.503369

11006.150658

11059.928961

11122.021008

11177.193936

11228.536952

11260.763882

11277.769949

11304.489006

11413.839573

11432.152235

11314.488468

11322.595535

11314.681391

11279.611026

11231.755050

11170.442012

11107.051576

11033.662762

10963.771637

10887.575740

10821.043217

10751.114378

10692.189227

10630.824428

10578.678099

10528.770041

10475.550378

10417.776680

10312.255561

10185.525174

9968.214386

9748.836591

9446.148775

9201.476240

8920.380196

8759.419681

8605.676631

8569.476023

8537.260247

8537.260247

8569.476023

8605.676631

8759.419681

8920.380196

9201.476240

9446.148775

9748.836591

9968.214386

10185.525174

10312.255561

10417.776680

10475.550378

10528.770041

10578.678099

10630.824428

10692.189227

10751.114378

10821.043217

10887.575740

10963.771637

11033.662762

11107.051576

11170.442012

11231.755050

11279.611026

11314.681391

11322.595535

11314.488468

11432.152235

11517.379827

11439.189199

11407.282344

11367.759626

11326.641685

11275.248725

11220.126303

11145.523455

11065.079542

10968.097815

10877.100041

10783.120836

10709.558095

10640.539534

10586.067855

10520.882647

10440.724957

10336.643652

10206.435114

10077.089869

9934.926661

9821.284464

9684.961273

9571.690394

9390.099412

9212.270809

8941.626370

8707.649870

8468.201698

8350.145039

8350.145039

8468.201698

8707.649870

8941.626370

9212.270809

9390.099412

9571.690394

9684.961273

9821.284464

9934.926661

10077.089869

10206.435114

10336.643652

10440.724957

10520.882647

10586.067855

10640.539534

10709.558095

10783.120836

10877.100041

10968.097815

11065.079542

11145.523455

11220.126303

11275.248725

11326.641685

11367.759626

11407.282344

11439.189199

11517.379827

