AXIS X

0.000000 0.000500 0.001000 0.001500 0.002000 0.002500 0.003000 0.003500 0.004000 0.004500 0.005000 0.005500 0.006000 0.006500 0.007000 0.007500 0.008000 0.008500 0.009000 0.009500 0.010000 0.010500 0.011000 0.011500 0.012000 0.012500 0.013000 0.013500 0.014000 0.014500 0.015000 0.015500 0.016000 0.016500 0.017000 0.017500 0.018000 0.018500 0.019000 0.019500 0.020000 0.020500 0.021000 0.021500 0.022000 0.022500 0.023000 0.023500 0.024000 0.024500 0.025000 0.025500 0.026000 0.026500 0.027000 0.027500 0.028000 0.028500 0.029000 0.029500 

AXIS Y

0.000000 0.000500 0.001000 0.001500 0.002000 0.002500 0.003000 0.003500 0.004000 0.004500 0.005000 0.005500 0.006000 0.006500 0.007000 0.007500 0.008000 0.008500 0.009000 0.009500 0.010000 0.010500 0.011000 0.011500 0.012000 0.012500 0.013000 0.013500 0.014000 0.014500 0.015000 0.015500 0.016000 0.016500 0.017000 0.017500 0.018000 0.018500 0.019000 0.019500 0.020000 0.020500 0.021000 0.021500 0.022000 0.022500 0.023000 0.023500 0.024000 0.024500 0.025000 0.025500 0.026000 0.026500 0.027000 0.027500 0.028000 0.028500 0.029000 0.029500 



DATA
26102.723299

26085.774866

26079.870765

26109.934992

26161.566789

26187.362412

26158.719166

26030.245828

25761.387503

25287.018846

24543.827634

23474.268821

22101.416256

20544.472972

19035.685889

17813.195821

17074.633837

16897.805386

17293.913116

18177.167720

19473.052329

21006.774369

22713.675791

24219.040667

25570.749140

25908.774489

26159.688347

25247.825820

29749.260594

28889.655711

28889.655711

29749.260594

25247.825820

26159.688347

25908.774489

25570.749140

24219.040667

22713.675791

21006.774369

19473.052329

18177.167720

17293.913116

16897.805386

17074.633837

17813.195821

19035.685889

20544.472972

22101.416256

23474.268821

24543.827634

25287.018846

25761.387503

26030.245828

26158.719166

26187.362412

26161.566789

26109.934992

26079.870765

26085.774866

26102.723299

26160.054182

26159.590973

26118.220569

26052.804072

25989.512780

25868.808943

25672.767399

25362.688781

24905.746330

24289.681133

23532.086147

22701.622598

21883.999604

21166.843596

20585.348289

20150.058203

19846.386576

19705.399468

19769.665755

20119.365829

20776.381591

21766.818623

23008.465740

24484.105606

25938.222172

27061.291727

27044.012466

27670.757898

30045.309301

28205.515629

28205.515629

30045.309301

27670.757898

27044.012466

27061.291727

25938.222172

24484.105606

23008.465740

21766.818623

20776.381591

20119.365828

19769.665755

19705.399468

19846.386576

20150.058203

20585.348289

21166.843596

21883.999604

22701.622598

23532.086147

24289.681133

24905.746330

25362.688781

25672.767399

25868.808943

25989.512780

26052.804072

26118.220569

26159.590973

26160.054182

26210.159262

26164.420978

26104.480245

25938.825904

25689.311921

25389.186213

25006.950163

24537.010255

23983.822385

23389.564217

22830.672110

22385.524394

22115.189829

22030.424709

22118.811371

22339.026079

22663.907830

23056.654251

23518.206770

24044.682532

24682.026758

25441.044393

26359.118602

27370.928314

28304.540885

28812.155355

29310.524076

29956.285392

28827.371266

29287.352945

29287.352945

28827.371266

29956.285392

29310.524076

28812.155355

28304.540885

27370.928314

26359.118602

25441.044393

24682.026758

24044.682532

23518.206770

23056.654251

22663.907830

22339.026079

22118.811371

22030.424709

22115.189829

22385.524394

22830.672110

23389.564217

23983.822385

24537.010255

25006.950163

25389.186213

25689.311921

25938.825904

26104.480245

26164.420978

26210.159262

26222.692406

26144.706312

26050.432940

25801.028543

25407.536081

24916.327910

24370.245291

23794.269648

23246.849673

22806.170709

22545.905264

22510.813517

22697.023123

23084.135756

23647.001038

24388.295866

25313.977304

26432.065064

27697.297441

29018.269969

30231.405838

31180.373184

31751.608492

31874.974708

31590.432209

31112.528893

30931.495418

30338.022205

28877.562679

28221.769985

28221.769985

28877.562679

30338.022205

30931.495418

31112.528893

31590.432209

31874.974708

31751.608492

31180.373184

30231.405838

29018.269969

27697.297441

26432.065064

25313.977304

24388.295866

23647.001038

23084.135756

22697.023123

22510.813517

22545.905264

22806.170709

23246.849673

23794.269648

24370.245291

24916.327910

25407.536081

25801.028543

26050.432940

26144.706312

26222.692406

26192.146725

26058.061249

25933.908731

25625.840855

25139.162727

24530.690773

23881.583726

23281.616598

22822.840297

22585.168307

22613.730557

22896.715724

23397.093120

24071.467510

24913.146009

25946.819652

27225.156259

28784.501065

30602.258650

32527.801820

34259.094017

35408.801498

35642.194712

34946.997827

33538.527841

32024.153512

30267.522671

28531.194302

26440.708789

27047.803920

27047.803920

26440.708789

28531.194302

30267.522671

32024.153512

33538.527841

34946.997827

35642.194712

35408.801498

34259.094017

32527.801820

30602.258650

28784.501065

27225.156259

25946.819652

24913.146009

24071.467510

23397.093120

22896.715724

22613.730557

22585.168307

22822.840297

23281.616598

23881.583726

24530.690773

25139.162727

25625.840855

25933.908731

26058.061249

26192.146725

26089.873276

25909.999056

25730.340751

25405.480716

24887.779769

24252.219162

23605.279180

23071.961781

22750.641866

22702.101930

22921.713793

23372.963866

23993.890310

24750.536577

25635.194556

26679.929463

27927.474833

29405.121690

31074.478101

32788.669229

34268.110047

35153.956930

35183.424468

34281.623250

32748.345200

30741.490616

28589.426491

26193.512426

25303.898733

26555.696300

26555.696300

25303.898734

26193.512426

28589.426491

30741.490616

32748.345200

34281.623250

35183.424468

35153.956930

34268.110047

32788.669229

31074.478101

29405.121690

27927.474833

26679.929463

25635.194556

24750.536577

23993.890310

23372.963866

22921.713793

22702.101930

22750.641865

23071.961781

23605.279180

24252.219162

24887.779769

25405.480716

25730.340751

25909.999056

26089.873276

25939.025965

25697.787849

25478.079820

25146.786646

24670.234912

24097.883030

23558.257892

23164.049748

22999.877467

23075.100064

23367.716758

23815.032328

24376.764758

25018.107253

25743.153244

26563.151840

27497.179784

28534.902907

29630.131629

30663.225081

31478.543869

31891.184717

31790.743054

31174.761861

30120.473367

28787.005727

27281.227610

26104.149336

26349.818256

27159.755972

27159.755972

26349.818256

26104.149336

27281.227610

28787.005727

30120.473367

31174.761861

31790.743054

31891.184717

31478.543869

30663.225081

29630.131629

28534.902907

27497.179784

26563.151840

25743.153243

25018.107253

24376.764758

23815.032328

23367.716758

23075.100064

22999.877467

23164.049748

23558.257892

24097.883030

24670.234912

25146.786646

25478.079820

25697.787849

25939.025965

25744.082858

25455.856394

25197.182032

24897.431714

24505.275059

24079.679454

23711.614635

23499.025052

23462.768314

23594.972078

23838.002835

24162.710107

24531.187576

24946.584839

25403.868567

25916.507035

26474.035064

27064.499167

27628.002591

28107.953924

28394.908617

28455.063770

28251.540426

27891.746296

27463.142138

27142.123972

26990.653103

27357.685033

28399.768384

27810.729137

27810.729137

28399.768384

27357.685033

26990.653103

27142.123972

27463.142138

27891.746296

28251.540426

28455.063770

28394.908617

28107.953924

27628.002591

27064.499166

26474.035064

25916.507035

25403.868567

24946.584839

24531.187576

24162.710107

23838.002835

23594.972078

23462.768314

23499.025052

23711.614635

24079.679454

24505.275059

24897.431714

25197.182032

25455.856394

25744.082858

25532.180219

25200.160913

24933.803623

24683.819320

24426.751943

24178.683101

24015.966287

23962.725410

24018.786511

24125.149096

24259.715932

24390.416065

24539.086181

24706.730211

24920.405176

25174.168829

25474.848149

25783.269103

26074.857057

26250.985184

26281.247919

26092.021306

25813.199994

25547.298437

25617.196525

26152.777583

27322.506812

28712.637581

29469.696038

28460.931773

28460.931773

29469.696038

28712.637581

27322.506812

26152.777583

25617.196525

25547.298437

25813.199994

26092.021306

26281.247919

26250.985184

26074.857057

25783.269103

25474.848149

25174.168829

24920.405176

24706.730211

24539.086180

24390.416065

24259.715931

24125.149096

24018.786511

23962.725410

24015.966287

24178.683101

24426.751943

24683.819320

24933.803623

25200.160913

25532.180219

25325.336143

24968.935729

24708.445073

24545.281888

24429.632279

24373.850234

24382.405259

24458.268359

24538.672363

24593.589382

24586.533007

24554.507050

24513.012893

24515.001344

24567.492852

24698.551239

24885.486804

25127.034292

25332.040971

25450.878966

25334.803709

25034.715027

24580.387070

24350.754723

24585.974701

25702.651537

27606.865205

29626.096826

29932.259111

28492.557709

28492.557709

29932.259111

29626.096826

27606.865205

25702.651537

24585.974701

24350.754723

24580.387070

25034.715027

25334.803709

25450.878966

25332.040971

25127.034292

24885.486804

24698.551239

24567.492852

24515.001344

24513.012893

24554.507050

24586.533007

24593.589382

24538.672363

24458.268359

24382.405259

24373.850234

24429.632279

24545.281888

24708.445073

24968.935729

25325.336143

25150.564800

24779.923000

24558.322584

24480.431658

24510.311493

24601.643443

24746.193127

24883.551131

24971.090405

24953.720421

24861.943516

24717.222758

24596.314584

24522.427283

24548.864591

24671.230843

24918.190599

25226.349908

25557.417342

25714.392089

25625.114495

25139.269159

24520.054969

23986.789299

24149.984736

25192.546057

27156.340829

29216.975245

29445.320628

28252.816097

28252.816097

29445.320628

29216.975245

27156.340829

25192.546057

24149.984736

23986.789299

24520.054969

25139.269159

25625.114495

25714.392089

25557.417342

25226.349908

24918.190599

24671.230843

24548.864591

24522.427283

24596.314584

24717.222758

24861.943516

24953.720421

24971.090405

24883.551131

24746.193127

24601.643443

24510.311493

24480.431658

24558.322584

24779.923000

25150.564800

25029.280159

24669.386722

24486.520013

24497.368849

24623.360668

24821.647895

25030.533057

25206.182853

25275.829522

25241.904479

25112.649960

24971.867483

24854.836174

24838.498746

24935.396996

25206.922678

25629.237329

26212.960177

26780.549152

27194.354565

27110.134399

26510.408656

25402.620382

24420.471978

23939.812295

24486.246792

25647.231301

26822.363703

27064.498340

28328.969567

28328.969567

27064.498340

26822.363703

25647.231301

24486.246792

23939.812295

24420.471978

25402.620382

26510.408657

27110.134399

27194.354565

26780.549152

26212.960178

25629.237329

25206.922678

24935.396996

24838.498746

24854.836174

24971.867483

25112.649960

25241.904479

25275.829522

25206.182853

25030.533057

24821.647895

24623.360668

24497.368849

24486.520013

24669.386722

25029.280159

24978.317224

24646.986676

24512.881974

24566.975806

24750.610165

24981.557118

25220.918494

25397.151724

25484.641353

25462.734775

25397.695345

25326.096729

25339.128607

25460.989968

25779.250279

26305.213085

27111.218449

28088.665246

29140.977849

29853.323941

29937.429094

29021.007486

27410.658411

25569.436313

24420.128470

23927.369002

23954.347843

23467.180639

23777.148256

29265.148416

29265.148416

23777.148256

23467.180639

23954.347843

23927.369002

24420.128471

25569.436313

27410.658412

29021.007486

29937.429094

29853.323941

29140.977849

28088.665246

27111.218449

26305.213085

25779.250279

25460.989968

25339.128607

25326.096729

25397.695345

25462.734775

25484.641353

25397.151724

25220.918494

24981.557118

24750.610165

24566.975806

24512.881974

24646.986676

24978.317224

25016.346018

24738.901547

24620.910832

24689.775340

24861.260426

25087.876484

25309.108038

25495.554710

25602.540746

25661.157907

25695.075124

25795.395975

25992.947861

26387.833193

27010.580501

27978.303584

29251.602791

30821.344089

32335.887061

33455.999984

33576.513871

32486.107487

30336.565531

27946.184683

25954.339857

24715.055650

23005.487758

21015.562460

20207.382400

30348.990510

30348.990510

20207.382400

21015.562460

23005.487759

24715.055650

25954.339857

27946.184683

30336.565531

32486.107487

33576.513871

33455.999984

32335.887062

30821.344089

29251.602791

27978.303584

27010.580501

26387.833193

25992.947861

25795.395975

25695.075124

25661.157907

25602.540746

25495.554710

25309.108038

25087.876484

24861.260426

24689.775340

24620.910832

24738.901547

25016.346018

25156.737061

24936.027914

24820.293791

24844.685245

24976.607910

25150.614825

25348.853992

25526.251933

25683.656512

25821.212286

26014.350049

26298.077142

26774.387089

27478.259351

28538.712206

29956.301755

31770.681490

33695.941246

35466.348915

36546.774316

36617.668395

35606.264655

33688.241634

31531.078385

29507.991188

27255.471702

24286.843320

19920.992189

16825.219374

30604.236173

30604.236173

16825.219374

19920.992189

24286.843320

27255.471702

29507.991188

31531.078386

33688.241634

35606.264655

36617.668395

36546.774316

35466.348915

33695.941246

31770.681490

29956.301755

28538.712206

27478.259351

26774.387089

26298.077142

26014.350049

25821.212286

25683.656512

25526.251933

25348.853992

25150.614825

24976.607910

24844.685245

24820.293791

24936.027914

25156.737061

25421.032144

25248.106006

25087.105638

25054.523546

25108.149729

25229.318331

25381.393723

25558.876171

25740.475162

25973.071561

26289.805879

26789.478305

27509.766948

28567.259794

29973.453366

31761.955287

33665.836143

35411.836127

36565.414295

37038.092699

36968.461045

36466.971094

36103.134386

35637.732786

35243.908493

33387.119004

28232.688510

21624.983987

14924.172708

27806.904434

27806.904433

14924.172708

21624.983987

28232.688510

33387.119004

35243.908494

35637.732786

36103.134386

36466.971094

36968.461045

37038.092699

36565.414295

35411.836127

33665.836143

31761.955287

29973.453366

28567.259794

27509.766948

26789.478304

26289.805879

25973.071561

25740.475162

25558.876171

25381.393723

25229.318331

25108.149729

25054.523546

25087.105638

25248.106006

25421.032144

25816.498867

25647.650091

25434.789625

25315.917905

25306.976227

25361.567552

25477.871890

25626.845785

25825.035798

26090.308781

26509.316074

27125.852313

28040.269987

29264.031796

30806.262979

32425.288407

33782.991643

34468.295003

34489.285536

34188.538577

33936.834637

34285.848935

35267.454876

37703.272638

40612.436891

42585.357637

37470.719586

26374.063981

17048.636473

25873.557018

25873.557018

17048.636473

26374.063980

37470.719586

42585.357637

40612.436891

37703.272638

35267.454876

34285.848935

33936.834637

34188.538577

34489.285536

34468.295003

33782.991643

32425.288407

30806.262979

29264.031796

28040.269987

27125.852313

26509.316074

26090.308781

25825.035798

25626.845785

25477.871890

25361.567552

25306.976227

25315.917905

25434.789625

25647.650091

25816.498867

26351.972252

26138.064232

25840.767653

25662.898569

25588.886468

25603.482258

25668.953093

25783.269698

25938.006154

26192.022611

26589.874515

27219.000942

28093.707898

29213.647561

30399.494112

31308.634573

31560.549689

31069.157605

30188.086717

29319.092129

28908.028226

29010.484984

30129.715869

32619.706446

37234.115872

42874.747936

46428.278000

35069.144574

22080.656934

24843.909328

24843.909327

22080.656933

35069.144574

46428.278001

42874.747937

37234.115872

32619.706446

30129.715869

29010.484984

28908.028226

29319.092129

30188.086717

31069.157605

31560.549689

31308.634573

30399.494112

29213.647561

28093.707898

27219.000942

26589.874515

26192.022611

25938.006154

25783.269698

25668.953093

25603.482258

25588.886468

25662.898569

25840.767653

26138.064232

26351.972252

27004.085981

26690.330825

26323.746951

26084.515210

25987.198827

25962.255030

25987.668372

26027.616221

26100.586391

26235.879767

26507.175754

26936.229908

27529.446782

28184.660252

28641.001744

28610.889466

27883.853388

26692.387978

25324.829396

24130.578694

23068.452133

22334.600406

21959.235102

22463.415790

24701.565442

27101.452602

29935.620828

35331.050702

37056.070217

23671.726977

23671.726977

37056.070215

35331.050701

29935.620828

27101.452602

24701.565442

22463.415790

21959.235102

22334.600406

23068.452133

24130.578694

25324.829396

26692.387978

27883.853388

28610.889466

28641.001744

28184.660252

27529.446782

26936.229908

26507.175754

26235.879767

26100.586391

26027.616221

25987.668372

25962.255030

25987.198827

26084.515210

26323.746951

26690.330825

27004.085982

27755.120978

27311.891418

26859.686213

26596.758259

26478.307336

26440.331981

26407.587079

26354.058482

26272.506616

26212.422911

26206.212826

26274.067264

26375.143295

26358.532503

26065.591728

25250.933117

24025.072862

22516.430065

20990.081528

19447.904140

17954.404400

16470.969195

15390.333951

15054.882620

15859.242989

18278.802656

19593.676410

23873.096990

42567.496793

23970.561506

23970.561506

42567.496791

23873.096991

19593.676410

18278.802656

15859.242989

15054.882620

15390.333951

16470.969195

17954.404400

19447.904140

20990.081528

22516.430065

24025.072862

25250.933117

26065.591728

26358.532503

26375.143295

26274.067264

26206.212826

26212.422911

26272.506616

26354.058482

26407.587079

26440.331981

26478.307336

26596.758259

26859.686213

27311.891418

27755.120977

28551.444470

27978.665433

27460.818894

27160.245671

27041.881696

26975.610764

26879.814943

26692.379873

26413.835649

26075.682610

25714.282615

25333.944480

24869.487134

24265.012274

23330.330045

22131.083798

20663.900709

19151.754749

17616.102622

16042.461622

14517.297573

13172.752913

12309.375874

12208.844724

13322.707533

15898.435839

19624.248069

23546.136836

39264.354217

32067.402907

32067.402906

39264.354216

23546.136836

19624.248069

15898.435839

13322.707533

12208.844723

12309.375874

13172.752913

14517.297573

16042.461622

17616.102622

19151.754749

20663.900709

22131.083799

23330.330045

24265.012274

24869.487134

25333.944480

25714.282615

26075.682610

26413.835649

26692.379873

26879.814943

26975.610764

27041.881696

27160.245671

27460.818894

27978.665433

28551.444470

29378.919695

28691.541563

28093.450264

27755.952297

27598.891307

27487.157541

27293.990349

26949.297731

26445.699160

25815.738033

25101.814621

24293.289945

23388.335451

22271.088332

21010.329902

19563.645214

18166.324843

16809.702809

15500.824983

14293.852346

13142.378647

12475.778809

12192.927654

12757.809216

14029.186966

16879.713201

21264.232344

30790.451454

52066.257720

38279.410210

38279.410207

52066.257719

30790.451453

21264.232343

16879.713201

14029.186966

12757.809216

12192.927654

12475.778809

13142.378647

14293.852346

15500.824983

16809.702809

18166.324844

19563.645214

21010.329902

22271.088332

23388.335451

24293.289945

25101.814621

25815.738033

26445.699160

26949.297731

27293.990349

27487.157541

27598.891307

27755.952297

28093.450264

28691.541563

29378.919695

30189.517012

29426.127779

28747.355178

28318.060249

28074.895721

27853.547195

27522.327928

27010.227664

26299.869030

25442.780033

24455.767467

23362.787817

22091.170369

20699.236794

19174.137377

17795.899120

16574.247945

15620.654035

14842.571371

14160.824427

13900.902774

13880.806827

14567.747451

15451.128110

17000.933748

19506.461937

24997.497338

41126.681178

56105.565336

77087.825067

77087.825065

56105.565336

41126.681178

24997.497338

19506.461937

17000.933747

15451.128110

14567.747451

13880.806827

13900.902774

14160.824427

14842.571371

15620.654035

16574.247945

17795.899120

19174.137377

20699.236794

22091.170369

23362.787817

24455.767467

25442.780033

26299.869030

27010.227664

27522.327928

27853.547195

28074.895721

28318.060249

28747.355178

29426.127779

30189.517012

31005.215460

30167.651908

29375.923853

28799.790404

28378.263966

27968.174403

27461.600844

26784.943784

25953.812664

24970.670878

23868.340393

22578.174757

21115.390927

19481.038425

17981.234951

16738.169913

15999.964497

15608.198159

15554.215656

15818.877695

16303.760906

17375.132084

18359.426836

18882.491493

19156.707484

20889.929158

29205.384538

44160.889353

44469.382976

69456.474513

69456.474513

44469.382976

44160.889353

29205.384538

20889.929158

19156.707484

18882.491493

18359.426836

17375.132084

16303.760906

15818.877695

15554.215656

15608.198159

15999.964497

16738.169913

17981.234951

19481.038425

21115.390927

22578.174757

23868.340393

24970.670878

25953.812664

26784.943784

27461.600844

27968.174403

28378.263966

28799.790404

29375.923853

30167.651908

31005.215460

31791.685788

30892.730259

29946.143036

29141.179279

28451.206344

27785.681804

27068.165402

26289.157610

25411.846450

24453.078722

23318.197672

21964.866410

20336.053442

18686.195019

17276.321628

16495.125522

16287.184745

16752.727415

17599.465238

18802.553597

20324.354258

21673.810893

22266.065292

20773.267628

19329.824471

23993.576773

36347.164463

42841.756463

44939.632409

62253.170624

62253.170624

44939.632409

42841.756463

36347.164463

23993.576773

19329.824470

20773.267628

22266.065292

21673.810893

20324.354258

18802.553597

17599.465238

16752.727415

16287.184745

16495.125522

17276.321628

18686.195019

20336.053442

21964.866410

23318.197672

24453.078722

25411.846450

26289.157610

27068.165402

27785.681804

28451.206344

29141.179279

29946.143036

30892.730259

31791.685788

32587.021570

31570.478193

30413.932983

29309.455799

28289.663292

27325.063227

26435.018468

25586.848845

24779.328340

23885.826076

22815.762550

21403.625310

19758.547695

18166.400387

17130.314642

16824.489309

17444.797459

18700.956837

20613.929417

22670.189244

24669.974432

26004.969004

24545.104761

20993.459842

21434.049587

30483.839917

41369.258047

41592.483125

43007.395616

50989.086568

50989.086568

43007.395616

41592.483125

41369.258047

30483.839917

21434.049587

20993.459842

24545.104762

26004.969004

24669.974432

22670.189244

20613.929417

18700.956837

17444.797459

16824.489309

17130.314642

18166.400387

19758.547695

21403.625310

22815.762550

23885.826076

24779.328340

25586.848845

26435.018468

27325.063227

28289.663292

29309.455799

30413.932983

31570.478193

32587.021570

33337.609126

32175.517801

30745.987863

29300.735259

27930.504737

26712.141044

25679.081142

24856.476125

24117.172676

23349.013424

22299.973542

20907.333596

19294.940961

17968.020069

17340.946213

17712.694051

18988.581350

21218.607942

23758.109855

26542.693402

28679.579527

28956.365340

25724.080561

22772.138576

26985.556443

37630.583568

41073.063979

39116.583157

38696.001021

51799.005667

51799.005667

38696.001021

39116.583157

41073.063979

37630.583568

26985.556443

22772.138576

25724.080561

28956.365340

28679.579527

26542.693402

23758.109855

21218.607942

18988.581350

17712.694051

17340.946213

17968.020069

19294.940961

20907.333596

22299.973542

23349.013424

24117.172676

24856.476125

25679.081142

26712.141044

27930.504737

29300.735259

30745.987863

32175.517801

33337.609126

34054.032316

32660.302555

30925.323803

29134.064899

27473.389486

26059.154847

24989.636931

24193.842982

23571.175380

22847.407426

21849.617024

20461.276228

19010.687663

18000.734740

17878.187271

18775.319688

20763.825441

23445.043490

26734.684323

29489.195251

31657.552297

30937.012832

27578.557309

27657.684443

34664.164962

39850.014343

38175.472413

34334.337371

34870.539792

52896.395719

52896.395719

34870.539792

34334.337372

38175.472414

39850.014344

34664.164962

27657.684443

27578.557309

30937.012832

31657.552297

29489.195251

26734.684323

23445.043490

20763.825441

18775.319688

17878.187272

18000.734740

19010.687663

20461.276228

21849.617024

22847.407426

23571.175380

24193.842982

24989.636931

26059.154847

27473.389486

29134.064899

30925.323803

32660.302555

34054.032316

34638.420291

32997.341424

30943.311048

28865.986639

26996.200363

25512.149623

24443.394498

23740.927994

23162.012681

22502.602793

21484.318749

20173.539107

18912.506061

18254.779079

18539.567281

19884.714418

22189.192371

25408.945809

28572.855890

31735.444662

33015.312631

32511.621307

31531.096535

34651.203427

38869.777553

37634.322647

34884.054304

29926.550271

31632.385061

68915.205732

68915.205732

31632.385062

29926.550271

34884.054305

37634.322648

38869.777554

34651.203427

31531.096535

32511.621307

33015.312631

31735.444662

28572.855890

25408.945809

22189.192371

19884.714419

18539.567281

18254.779079

18912.506061

20173.539107

21484.318749

22502.602793

23162.012681

23740.927994

24443.394498

25512.149623

26996.200363

28865.986639

30943.311048

32997.341424

34638.420291

35060.590476

33139.785578

30821.115718

28542.295134

26596.018891

25115.536221

24137.909478

23492.215628

22992.002229

22312.790328

21326.414038

20075.036430

19027.793778

18659.071175

19219.907359

20763.324479

23314.704824

26446.466679

29958.716033

32110.008834

33688.957139

34439.902703

36062.482248

39314.199113

37349.657899

35783.407073

30836.700050

29251.167785

33913.211243

79065.825231

79065.825231

33913.211243

29251.167785

30836.700050

35783.407073

37349.657899

39314.199113

36062.482247

34439.902703

33688.957139

32110.008834

29958.716033

26446.466679

23314.704824

20763.324479

19219.907359

18659.071175

19027.793778

20075.036430

21326.414038

22312.790328

22992.002229

23492.215628

24137.909478

25115.536221

26596.018891

28542.295134

30821.115718

33139.785578

35060.590476

35206.927709

33079.785874

30576.381188

28225.926200

26298.935791

24927.756869

24041.817917

23505.278503

23018.192205

22373.405718

21369.583640

20218.334283

19330.091726

19138.913571

19813.917181

21402.860325

23862.805174

27107.356597

29900.239067

32191.790512

33609.651349

35935.488826

39158.511071

37523.525813

36173.433553

32699.209116

32219.679319

29250.951773

44498.488218

85137.211168

85137.211168

44498.488217

29250.951773

32219.679319

32699.209116

36173.433553

37523.525813

39158.511071

35935.488826

33609.651349

32191.790512

29900.239067

27107.356597

23862.805174

21402.860325

19813.917181

19138.913571

19330.091726

20218.334283

21369.583640

22373.405718

23018.192205

23505.278503

24041.817917

24927.756869

26298.935791

28225.926200

30576.381188

33079.785874

35206.927709

35057.195136

32802.907775

30250.474508

27936.818890

26142.447642

24908.804845

24178.075697

23709.988388

23296.598236

22631.270340

21671.935456

20562.099329

19778.910705

19641.193969

20288.025846

21746.900921

24104.018692

26945.653420

29677.587411

31529.917551

33731.163002

36486.433398

36720.572577

34761.465568

32722.471592

35617.029527

33612.810510

40382.366892

49472.685973

73075.173606

73075.173606

49472.685973

40382.366892

33612.810510

35617.029527

32722.471592

34761.465568

36720.572577

36486.433398

33731.163002

31529.917551

29677.587411

26945.653420

24104.018692

21746.900921

20288.025846

19641.193969

19778.910705

20562.099329

21671.935456

22631.270340

23296.598236

23709.988388

24178.075697

24908.804845

26142.447642

27936.818890

30250.474508

32802.907775

35057.195136

34563.976761

32341.418133

29861.212007

27705.649944

26091.325326

25063.487912

24466.237415

24131.079727

23745.564503

23137.101254

22161.204560

21103.095583

20314.923986

20140.151884

20633.445307

21917.381796

23972.893635

26585.685068

29101.655663

31221.852714

33442.207019

33960.310002

32217.340018

30018.053577

32412.995091

36919.848204

48453.687517

48819.407023

60840.025543

51733.985396

51733.985397

60840.025543

48819.407023

48453.687517

36919.848204

32412.995091

30018.053577

32217.340018

33960.310002

33442.207020

31221.852715

29101.655664

26585.685068

23972.893635

21917.381796

20633.445307

20140.151884

20314.923986

21103.095583

22161.204560

23137.101254

23745.564503

24131.079727

24466.237415

25063.487912

26091.325326

27705.649944

29861.212007

32341.418133

34563.976761

33787.148368

31719.321103

29444.696446

27509.880387

26145.540303

25311.678693

24910.269963

24671.938852

24401.247540

23795.409709

22865.564949

21757.398769

20938.994165

20602.278921

20933.199446

21925.292154

23724.503033

26136.195124

28636.799514

30949.584374

31412.544643

30298.517703

26873.433015

26129.660884

30170.177848

46351.596564

61109.495895

73296.439753

50557.669481

36098.427533

36098.427533

50557.669481

73296.439753

61109.495895

46351.596564

30170.177848

26129.660884

26873.433015

30298.517703

31412.544643

30949.584374

28636.799514

26136.195124

23724.503033

21925.292154

20933.199446

20602.278921

20938.994165

21757.398769

22865.564948

23795.409709

24401.247540

24671.938852

24910.269963

25311.678693

26145.540303

27509.880387

29444.696446

31719.321103

33787.148368

32780.371003

30998.529270

28999.733567

27357.146587

26234.962042

25647.367641

25405.385185

25350.787235

25149.994216

24646.256072

23675.834645

22559.013961

21579.797085

21112.022224

21149.937373

21935.606102

23424.342396

25744.527005

28428.825860

29653.246080

29164.403533

25739.762758

23031.997131

22510.371637

29766.457786

47074.369560

78958.000961

72191.328000

64685.350478

36574.308354

36574.308354

64685.350479

72191.327993

78958.000962

47074.369561

29766.457786

22510.371637

23031.997131

25739.762758

29164.403533

29653.246080

28428.825860

25744.527005

23424.342396

21935.606102

21149.937373

21112.022224

21579.797085

22559.013961

23675.834645

24646.256072

25149.994216

25350.787235

25405.385185

25647.367641

26234.962042

27357.146587

28999.733567

30998.529270

32780.371003

31664.455248

30214.679108

28556.359031

27198.525372

26356.909670

25968.822745

25957.185335

26037.936443

26023.580276

25554.288958

24645.788220

23399.623519

22330.813658

21582.725627

21448.081364

21858.605026

23253.217457

25499.985321

27899.584694

28571.102035

26352.249047

23034.144650

19820.002437

21283.706658

28255.326405

46444.518085

54658.071079

63075.428815

50928.876953

56360.678992

56360.678991

50928.876954

63075.428816

54658.071079

46444.518085

28255.326405

21283.706658

19820.002437

23034.144650

26352.249047

28571.102035

27899.584694

25499.985321

23253.217456

21858.605026

21448.081364

21582.725627

22330.813658

23399.623519

24645.788220

25554.288958

26023.580276

26037.936443

25957.185335

25968.822745

26356.909670

27198.525372

28556.359031

30214.679108

31664.455248

30520.646861

29433.857867

28098.029077

27047.722359

26428.287496

26283.836027

26434.223769

26754.127562

26859.554361

26569.054196

25626.756092

24374.306487

23072.563009

22178.111526

21661.009778

21942.452186

23033.465373

25416.321512

27431.911210

27565.286617

25053.434996

21288.375646

19166.013418

21201.575438

30339.633428

40199.408348

46596.547391

30530.649018

80389.284429

67236.910045

67236.910045

80389.284429

30530.649018

46596.547391

40199.408348

30339.633428

21201.575438

19166.013418

21288.375646

25053.434996

27565.286618

27431.911210

25416.321512

23033.465373

21942.452187

21661.009778

22178.111526

23072.563009

24374.306487

25626.756092

26569.054196

26859.554361

26754.127562

26434.223769

26283.836027

26428.287496

27047.722359

28098.029077

29433.857867

30520.646861

29449.274695

28675.804759

27661.962199

26851.432699

26472.384937

26482.410611

26863.296731

27330.034952

27697.150565

27496.346432

26699.170170

25325.202792

23950.097920

22725.668522

22037.480473

21914.266632

23103.389247

25113.446455

27358.055791

27053.620588

24971.287689

21400.974143

20680.371061

24320.237320

30145.910087

36157.558274

36075.672956

36140.477610

37267.097356

54628.549562

54628.549564

37267.097356

36140.477609

36075.672956

36157.558274

30145.910087

24320.237320

20680.371061

21400.974143

24971.287689

27053.620588

27358.055791

25113.446455

23103.389247

21914.266632

22037.480473

22725.668522

23950.097920

25325.202792

26699.170170

27496.346432

27697.150565

27330.034952

26863.296731

26482.410611

26472.384937

26851.432699

27661.962199

28675.804759

29449.274695

28485.141437

27994.273767

27224.873036

26650.611888

26413.942344

26612.626123

27104.439467

27816.754018

28323.328334

28401.819970

27645.749609

26366.727057

24784.090485

23425.787813

22348.970202

22144.415308

22963.992457

25200.803162

26828.480898

27556.901912

25190.148627

23305.075218

24171.530443

27301.351847

28023.465495

28742.511633

34468.746509

33798.148270

23833.082967

15079.211778

15079.211778

23833.082966

33798.148270

34468.746509

28742.511633

28023.465495

27301.351847

24171.530442

23305.075218

25190.148627

27556.901912

26828.480898

25200.803162

22963.992457

22144.415308

22348.970202

23425.787813

24784.090485

26366.727057

27645.749609

28401.819970

28323.328334

27816.754018

27104.439467

26612.626123

26413.942344

26650.611888

27224.873036

27994.273767

28485.141437

27675.951305

27382.812938

26835.362542

26400.922635

26318.798734

26581.923005

27239.247671

28038.578722

28821.059279

29029.956758

28561.486340

27265.025613

25718.637404

24088.658619

22868.976350

22319.712844

23124.698008

24794.505300

26866.092971

26943.845077

26345.965326

25244.149981

28818.564434

29105.093711

25527.813007

28522.854735

41054.090106

50613.686496

25215.149302

37044.551966

37044.551960

25215.149301

50613.686496

41054.090106

28522.854735

25527.813007

29105.093711

28818.564434

25244.149981

26345.965326

26943.845077

26866.092971

24794.505300

23124.698008

22319.712844

22868.976350

24088.658619

25718.637404

27265.025613

28561.486340

29029.956758

28821.059279

28038.578722

27239.247671

26581.923005

26318.798734

26400.922635

26835.362542

27382.812938

27675.951305

27005.952577

26879.141535

26465.395941

26169.878172

26132.094882

26491.482251

27156.802098

28118.724272

28974.852959

29501.853053

29155.307048

28140.704294

26518.989730

24888.661023

23411.136283

22743.998727

23151.883899

24682.405933

25979.114450

26727.717456

25669.841642

27882.779347

32164.316001

30792.222551

27120.083278

28061.060890

38933.434594

28859.639857

33375.226822

10283.113864

10283.113864

33375.226821

28859.639857

38933.434594

28061.060890

27120.083278

30792.222552

32164.316001

27882.779347

25669.841642

26727.717456

25979.114450

24682.405933

23151.883899

22743.998727

23411.136283

24888.661023

26518.989730

28140.704294

29155.307048

29501.853053

28974.852959

28118.724272

27156.802098

26491.482251

26132.094882

26169.878172

26465.395941

26879.141535

27005.952577

26489.344516

26455.671251

26167.078835

25920.417757

25950.073176

26277.997167

26999.262813

27925.019800

28958.056646

29562.270391

29588.388488

28681.849678

27329.151414

25607.769503

24142.494899

23229.156298

23398.902724

24368.631482

25441.593629

25282.227035

25247.969494

27647.123878

34949.357324

33891.626581

26873.425909

24443.932211

21420.969102

28270.004290

10669.644051

48622.255894

48622.255895

10669.644051

28270.004289

21420.969102

24443.932211

26873.425909

33891.626581

34949.357324

27647.123878

25247.969494

25282.227035

25441.593629

24368.631482

23398.902724

23229.156298

24142.494899

25607.769503

27329.151414

28681.849678

29588.388488

29562.270391

28958.056646

27925.019800

26999.262813

26277.997167

25950.073176

25920.417757

26167.078835

26455.671251

26489.344516

26087.248450

26138.227972

25905.650648

25726.299238

25729.237756

26067.739224

26693.291387

27646.131236

28615.489040

29441.523304

29572.168855

29089.986133

27831.176890

26392.172314

24852.586620

23917.151541

23740.627655

24352.394587

24850.286898

24522.258836

23621.593544

26112.728643

33253.993653

35066.787429

28339.807584

22293.722768

23834.701900

14007.438195

24336.952936

47629.634034

47629.634034

24336.952936

14007.438194

23834.701900

22293.722768

28339.807584

35066.787429

33253.993653

26112.728643

23621.593544

24522.258836

24850.286898

24352.394587

23740.627655

23917.151541

24852.586620

26392.172314

27831.176890

29089.986133

29572.168855

29441.523304

28615.489040

27646.131236

26693.291387

26067.739224

25729.237756

25726.299238

25905.650648

26138.227972

26087.248450

25804.750315

25889.171341

25725.989541

25546.789180

25562.715789

25808.884287

26395.238784

27197.522483

28188.820595

28961.782226

29394.499453

29051.791933

28255.266537

26911.640679

25667.872608

24611.930033

24342.654138

24575.483899

24925.502890

24120.263604

22762.892465

22853.145308

27337.196129

31085.885183

29569.649866

28418.027111

22156.128876

17395.734388

19551.264258

41891.250267

41891.250268

19551.264258

17395.734388

22156.128875

28418.027111

29569.649866

31085.885183

27337.196129

22853.145308

22762.892465

24120.263604

24925.502890

24575.483899

24342.654138

24611.930033

25667.872608

26911.640679

28255.266537

29051.791933

29394.499453

28961.782226

28188.820595

27197.522483

26395.238784

25808.884287

25562.715789

25546.789180

25725.989541

25889.171341

25804.750315

25602.036465

25727.654563

25585.644466

25440.956724

25401.182814

25610.059438

26043.942687

26768.598530

27581.868508

28418.759913

28853.547184

28899.061816

28264.203343

27402.340842

26237.444608

25444.244976

24987.678076

25268.780648

25433.990180

25016.099879

22529.782642

20858.276766

20635.786592

23061.194567

24908.001198

32975.374747

28855.019445

19037.276238

20139.739265

31230.271926

31230.271927

20139.739265

19037.276238

28855.019444

32975.374747

24908.001198

23061.194567

20635.786592

20858.276766

22529.782642

25016.099880

25433.990180

25268.780648

24987.678076

25444.244976

26237.444608

27402.340842

28264.203343

28899.061816

28853.547184

28418.759913

27581.868508

26768.598530

26043.942687

25610.059438

25401.182814

25440.956724

25585.644466

25727.654563

25602.036465

25487.039689

25614.762537

25516.685396

25358.054770

25312.060893

25412.367786

25763.642089

26289.560851

27019.032812

27700.031946

28285.422236

28402.115328

28209.259741

27508.977830

26803.883090

26031.780254

25838.312719

25983.223696

26757.405183

26429.268685

24644.316144

20273.802065

18004.409786

16573.355484

18460.807428

22971.656531

40713.131503

29285.838531

20619.300905

25671.402464

25671.402464

20619.300905

29285.838531

40713.131504

22971.656532

18460.807428

16573.355484

18004.409786

20273.802065

24644.316144

26429.268685

26757.405183

25983.223696

25838.312719

26031.780254

26803.883090

27508.977830

28209.259741

28402.115328

28285.422236

27700.031946

27019.032812

26289.560851

25763.642089

25412.367786

25312.060893

25358.054770

25516.685396

25614.762537

25487.039689

25427.324485

25566.095606

25471.893361

25336.478918

25235.639874

25290.476089

25487.835458

25902.857344

26420.055517

27058.193741

27553.340540

27913.315900

27840.771807

27589.468779

27017.736876

26639.540502

26409.180044

26942.469538

27783.211064

29000.711272

27588.002673

23632.347579

18062.288034

15738.351009

14862.886192

18042.850363

24078.933140

43702.349433

33983.207211

20141.089221

20141.089221

33983.207210

43702.349430

24078.933140

18042.850363

14862.886192

15738.351009

18062.288034

23632.347579

27588.002673

29000.711272

27783.211064

26942.469538

26409.180044

26639.540502

27017.736876

27589.468779

27840.771807

27913.315900

27553.340540

27058.193741

26420.055517

25902.857344

25487.835458

25290.476089

25235.639874

25336.478918

25471.893361

25566.095606

25427.324485

25433.786261

25545.877750

25473.207687

25320.434138

25215.452683

25179.010495

25301.490956

25535.738632

25945.122289

26397.674921

26924.082994

27271.874739

27507.202967

27399.631149

27239.142773

26933.720084

26992.921814

27415.508195

28769.810137

30350.501720

31482.648554

28522.581126

22726.534241

17668.300557

16483.786176

16332.968941

20819.513028

24943.841860

40288.541519

28533.847730

28533.847730

40288.541519

24943.841860

20819.513028

16332.968941

16483.786176

17668.300557

22726.534241

28522.581126

31482.648554

30350.501720

28769.810137

27415.508195

26992.921814

26933.720084

27239.142773

27399.631149

27507.202967

27271.874739

26924.082994

26397.674921

25945.122289

25535.738632

25301.490956

25179.010495

25215.452683

25320.434138

25473.207687

25545.877750

25433.786261

25478.392493

25567.728482

25476.441221

25337.587402

25191.987199

25130.251310

25136.783587

25285.439030

25513.268025

25891.850040

26285.449176

26742.611372

27032.507401

27260.915424

27241.030585

27250.409176

27250.554254

27727.398944

28743.018050

30599.116445

32395.472133

32511.453561

28810.371310

23233.296427

19713.182173

19506.726004

20028.329947

22616.310375

21265.317233

19168.625672

19168.625672

21265.317233

22616.310375

20028.329947

19506.726004

19713.182172

23233.296426

28810.371310

32511.453562

32395.472133

30599.116445

28743.018050

27727.398944

27250.554254

27250.409176

27241.030585

27260.915424

27032.507401

26742.611372

26285.449176

25891.850040

25513.268025

25285.439030

25136.783587

25130.251310

25191.987199

25337.587402

25476.441221

25567.728482

25478.392493

25569.227541

25600.783487

25502.853643

25341.485618

25202.756055

25084.932541

25056.432753

25079.345535

25231.213922

25448.043714

25815.872788

26196.029618

26653.636589

26975.889435

27272.762811

27360.694162

27471.266323

27625.322956

28245.036931

29427.552871

30983.957846

32232.363239

31640.258490

29276.806847

26394.805815

25966.791292

28299.962703

37056.989154

56079.984716

34047.727107

34047.727106

56079.984718

37056.989154

28299.962703

25966.791292

26394.805815

29276.806846

31640.258490

32232.363239

30983.957846

29427.552871

28245.036931

27625.322956

27471.266323

27360.694162

27272.762811

26975.889435

26653.636589

26196.029618

25815.872788

25448.043714

25231.213922

25079.345535

25056.432753

25084.932541

25202.756055

25341.485618

25502.853643

25600.783487

25569.227541

25676.500076

25658.263628

25521.201001

25365.515425

25203.149127

25090.559974

24997.059833

24985.718845

25013.770315

25176.014621

25406.429746

25801.187199

26214.377577

26720.495513

27095.958867

27416.295943

27464.822086

27455.772580

27500.464477

27979.903338

28978.759883

30091.529487

30989.818766

31211.591964

31358.791371

33033.964913

36160.015296

41843.609104

32682.189159

27753.844606

27753.844606

32682.189159

41843.609104

36160.015296

33033.964913

31358.791372

31211.591964

30989.818766

30091.529487

28978.759883

27979.903338

27500.464477

27455.772580

27464.822086

27416.295943

27095.958867

26720.495513

26214.377577

25801.187199

25406.429746

25176.014621

25013.770315

24985.718845

24997.059833

25090.559974

25203.149127

25365.515425

25521.201001

25658.263628

25676.500076

25802.432317

25715.873587

25559.254227

25381.981208

25236.879715

25098.144271

25009.287649

24927.375790

24928.882257

24972.443195

25166.637194

25432.038106

25869.681811

26314.749056

26838.913902

27171.166839

27364.340942

27197.832747

26983.673924

26907.457975

27343.076303

28216.409025

29261.682539

30039.652985

30827.290743

30922.546250

30953.629144

29190.990443

27570.050757

24359.400697

24359.400698

27570.050757

29190.990443

30953.629144

30922.546250

30827.290743

30039.652985

29261.682540

28216.409025

27343.076303

26907.457975

26983.673924

27197.832747

27364.340942

27171.166839

26838.913902

26314.749056

25869.681811

25432.038106

25166.637194

24972.443195

24928.882257

24927.375790

25009.287649

25098.144271

25236.879715

25381.981208

25559.254227

25715.873587

25802.432317

25916.948660

25786.991368

25598.289544

25429.879572

25272.482137

25153.941808

25031.381672

24955.277642

24883.980430

24909.922217

24982.628046

25212.740283

25497.691803

25942.008759

26350.704930

26799.784924

26978.306701

27002.231675

26691.546735

26477.419360

26418.883818

26838.636244

27387.718070

28021.246247

28141.781595

27942.695661

27110.416437

26738.292637

25204.196486

24335.326257

24335.326256

25204.196486

26738.292637

27110.416437

27942.695661

28141.781595

28021.246247

27387.718070

26838.636244

26418.883818

26477.419360

26691.546735

27002.231675

26978.306701

26799.784924

26350.704930

25942.008759

25497.691803

25212.740283

24982.628046

24909.922217

24883.980430

24955.277642

25031.381672

25153.941808

25272.482137

25429.879572

25598.289544

25786.991368

25916.948660

26022.867740

25853.050404

25662.984476

25488.247969

25351.539309

25216.178631

25111.933704

24997.434730

24938.132794

24889.556481

24945.929854

25036.262637

25267.910088

25517.985273

25903.289454

26208.980833

26549.128808

26610.532217

26616.713678

26352.941481

26264.277840

26103.826708

26197.263940

25999.164283

25833.624288

25131.666704

24808.814151

24019.879778

23334.671713

22733.127984

22733.127984

23334.671713

24019.879778

24808.814151

25131.666704

25833.624288

25999.164283

26197.263940

26103.826708

26264.277840

26352.941481

26616.713678

26610.532217

26549.128808

26208.980833

25903.289454

25517.985273

25267.910088

25036.262637

24945.929854

24889.556481

24938.132794

24997.434730

25111.933704

25216.178631

25351.539309

25488.247969

25662.984476

25853.050404

26022.867740

26102.203796

25923.482796

25734.330319

25583.456196

25444.468336

25327.884742

25200.947363

25107.908717

25010.250078

24976.628836

24948.485650

25009.941300

25074.442447

25252.882494

25420.988295

25718.492890

25932.404963

26217.726039

26259.183047

26326.008952

26106.829296

26046.469570

25716.212005

25605.077200

25085.443597

24864.778260

24429.999167

24290.334170

24157.237570

24016.481796

24016.481796

24157.237570

24290.334170

24429.999167

24864.778260

25085.443597

25605.077200

25716.212005

26046.469570

26106.829296

26326.008952

26259.183047

26217.726039

25932.404963

25718.492890

25420.988295

25252.882495

25074.442447

25009.941300

24948.485650

24976.628836

25010.250078

25107.908717

25200.947363

25327.884742

25444.468336

25583.456196

25734.330319

25923.482796

26102.203796

26169.730676

25983.699048

25819.387890

25689.022764

25575.676721

25449.965898

25339.902255

25220.618824

25143.212792

25063.470820

25037.722605

24995.041123

25012.149865

25007.688277

25102.470805

25189.974078

25414.824250

25573.756556

25799.627857

25788.322458

25772.079336

25510.333372

25443.353040

25359.806312

25684.704869

26200.086257

27171.765880

28516.482599

29835.374010

30844.357408

30844.357408

29835.374010

28516.482599

27171.765880

26200.086257

25684.704869

25359.806312

25443.353040

25510.333372

25772.079336

25788.322458

25799.627857

25573.756556

25414.824250

25189.974078

25102.470805

25007.688277

25012.149865

24995.041123

25037.722605

25063.470820

25143.212792

25220.618824

25339.902255

25449.965898

25575.676721

25689.022764

25819.387890

25983.699048

26169.730676

26228.168112

26025.150325

25895.804135

25810.099742

25710.640854

25602.261045

25471.639754

25360.395255

25245.592382

25168.992210

25078.701134

25018.707765

24923.000349

24867.371685

24793.523038

24816.903910

24854.403588

25001.482138

25079.873130

25122.945906

24944.484579

24674.966196

24361.783089

24226.478989

24450.419512

25063.524510

26299.120815

27791.892270

29546.105015

30565.327004

30565.327004

29546.105015

27791.892270

26299.120815

25063.524510

24450.419512

24226.478989

24361.783089

24674.966196

24944.484579

25122.945906

25079.873130

25001.482138

24854.403588

24816.903910

24793.523038

24867.371685

24923.000349

25018.707765

25078.701134

25168.992210

25245.592382

25360.395255

25471.639754

25602.261045

25710.640854

25810.099742

25895.804135

26025.150325

26228.168112

26281.336855

26029.547870

25968.024967

25928.867049

25854.661802

25736.440139

25609.399777

25466.427554

25342.598435

25209.860649

25101.054466

24970.156021

24857.143922

24715.061469

24609.752209

24508.679613

24482.436291

24474.357263

24475.219558

24385.366477

24118.389435

23707.478279

23129.979856

22657.009234

22234.977446

22203.833350

22341.258276

22917.294970

23435.788449

23893.456528

23893.456528

23435.788449

22917.294970

22341.258276

22203.833350

22234.977446

22657.009234

23129.979856

23707.478279

24118.389435

24385.366477

24475.219558

24474.357263

24482.436291

24508.679613

24609.752209

24715.061469

24857.143922

24970.156021

25101.054466

25209.860649

25342.598435

25466.427554

25609.399777

25736.440139

25854.661802

25928.867049

25968.024967

26029.547870

26281.336855

26323.503318

26052.572481

26071.239693

26053.016703

25972.264203

25862.071746

25720.893260

25574.931387

25405.947397

25245.017134

25069.569598

24916.372802

24755.355699

24619.675526

24478.377855

24358.306494

24243.388944

24120.846141

23987.817285

23744.845931

23453.038430

22952.661849

22447.525809

21750.561356

21187.182023

20539.934463

20169.309181

19815.302725

19731.947746

19657.768180

19657.768180

19731.947746

19815.302725

20169.309181

20539.934463

21187.182023

21750.561356

22447.525809

22952.661849

23453.038430

23744.845931

23987.817285

24120.846141

24243.388944

24358.306494

24478.377855

24619.675526

24755.355699

24916.372802

25069.569598

25245.017134

25405.947397

25574.931387

25720.893260

25862.071746

25972.264203

26053.016703

26071.239693

26052.572481

26323.503318

26519.747100

26339.706525

26266.238277

26175.233856

26080.556298

25962.219634

25835.295567

25663.516162

25478.287206

25254.978527

25045.448409

24829.053292

24659.668821

24500.747713

24375.322035

24225.227547

24040.657646

23801.001585

23501.185346

23203.356912

22876.014029

22614.343202

22300.447453

22039.631616

21621.502929

21212.037438

20588.855586

20050.104785

19498.754993

19226.919491

19226.919491

19498.754993

20050.104785

20588.855586

21212.037438

21621.502929

22039.631616

22300.447453

22614.343202

22876.014029

23203.356912

23501.185346

23801.001585

24040.657646

24225.227547

24375.322035

24500.747713

24659.668821

24829.053292

25045.448409

25254.978527

25478.287206

25663.516162

25835.295567

25962.219634

26080.556298

26175.233856

26266.238277

26339.706525

26519.747100

