AXIS X

0.000000 0.000500 0.001000 0.001500 0.002000 0.002500 0.003000 0.003500 0.004000 0.004500 0.005000 0.005500 0.006000 0.006500 0.007000 0.007500 0.008000 0.008500 0.009000 0.009500 0.010000 0.010500 0.011000 0.011500 0.012000 0.012500 0.013000 0.013500 0.014000 0.014500 0.015000 0.015500 0.016000 0.016500 0.017000 0.017500 0.018000 0.018500 0.019000 0.019500 0.020000 0.020500 0.021000 0.021500 0.022000 0.022500 0.023000 0.023500 0.024000 0.024500 0.025000 0.025500 0.026000 0.026500 0.027000 0.027500 0.028000 0.028500 0.029000 0.029500 

AXIS Y

0.000000 0.000500 0.001000 0.001500 0.002000 0.002500 0.003000 0.003500 0.004000 0.004500 0.005000 0.005500 0.006000 0.006500 0.007000 0.007500 0.008000 0.008500 0.009000 0.009500 0.010000 0.010500 0.011000 0.011500 0.012000 0.012500 0.013000 0.013500 0.014000 0.014500 0.015000 0.015500 0.016000 0.016500 0.017000 0.017500 0.018000 0.018500 0.019000 0.019500 0.020000 0.020500 0.021000 0.021500 0.022000 0.022500 0.023000 0.023500 0.024000 0.024500 0.025000 0.025500 0.026000 0.026500 0.027000 0.027500 0.028000 0.028500 0.029000 0.029500 



DATA
15025.930280

15040.910628

15049.352384

15048.569925

15012.161989

14922.836383

14757.674743

14509.146633

14184.451536

13811.256428

13442.171970

13138.343158

12971.337636

12997.564900

13263.495748

13781.398908

14533.183704

15445.571474

16404.824626

17245.876761

17827.220243

17999.290301

17765.925424

17088.562405

16229.395235

15182.215513

14584.934794

14222.538614

14966.098061

14600.335266

14600.335266

14966.098061

14222.538614

14584.934794

15182.215513

16229.395235

17088.562405

17765.925424

17999.290301

17827.220243

17245.876761

16404.824626

15445.571474

14533.183704

13781.398908

13263.495748

12997.564900

12971.337636

13138.343158

13442.171970

13811.256428

14184.451536

14509.146633

14757.674743

14922.836383

15012.161989

15048.569925

15049.352384

15040.910628

15025.930280

15033.908327

15039.582279

15000.940233

14935.925507

14853.492022

14720.128122

14548.503418

14348.431718

14146.033609

13973.510024

13861.015458

13835.448079

13906.140780

14074.349972

14326.226024

14648.919617

15024.735309

15432.410772

15835.610719

16179.014334

16395.835441

16433.158181

16257.332193

15906.085915

15413.556207

14945.183127

14631.404733

14636.250603

15635.423880

14245.107235

14245.107235

15635.423880

14636.250603

14631.404733

14945.183127

15413.556207

15906.085915

16257.332193

16433.158181

16395.835441

16179.014334

15835.610719

15432.410772

15024.735309

14648.919617

14326.226024

14074.349972

13906.140780

13835.448079

13861.015458

13973.510024

14146.033609

14348.431718

14548.503418

14720.128122

14853.492022

14935.925507

15000.940233

15039.582279

15033.908327

15028.733075

15011.610764

14943.183103

14820.574859

14657.515152

14479.744809

14298.326957

14151.547018

14075.405199

14097.674808

14229.829622

14451.903460

14725.308873

14991.779810

15205.461317

15338.260616

15393.616969

15395.320363

15369.662409

15341.600584

15311.173859

15280.278385

15228.012322

15160.236890

15044.339246

14934.101125

14681.719306

14642.425147

14240.732207

14632.209384

14632.209384

14240.732207

14642.425147

14681.719306

14934.101125

15044.339246

15160.236890

15228.012322

15280.278385

15311.173859

15341.600584

15369.662409

15395.320363

15393.616969

15338.260615

15205.461317

14991.779810

14725.308873

14451.903460

14229.829622

14097.674808

14075.405199

14151.547018

14298.326957

14479.744809

14657.515152

14820.574859

14943.183103

15011.610764

15028.733075

15006.247294

14956.539213

14852.538237

14683.892313

14472.832614

14257.300570

14085.431168

14001.027637

14044.677463

14237.511907

14563.103891

14973.813309

15384.504065

15711.134808

15882.573996

15876.493696

15714.848764

15454.918898

15175.917318

14940.190740

14806.683735

14779.134424

14864.715048

14989.285601

15137.820451

15117.700085

14991.406750

14285.916999

13619.363971

14941.730756

14941.730756

13619.363971

14285.916999

14991.406750

15117.700085

15137.820451

14989.285601

14864.715048

14779.134424

14806.683735

14940.190740

15175.917318

15454.918898

15714.848764

15876.493696

15882.573996

15711.134808

15384.504065

14973.813309

14563.103891

14237.511907

14044.677463

14001.027637

14085.431168

14257.300570

14472.832614

14683.892313

14852.538237

14956.539213

15006.247294

14970.780844

14862.688891

14722.551314

14520.733029

14291.605040

14081.380019

13946.885990

13940.213608

14097.422311

14422.106391

14884.585292

15407.591115

15896.911262

16247.123778

16392.641293

16312.404815

16045.231631

15674.515237

15292.703750

14999.739674

14842.686505

14858.970683

14995.838960

15218.945331

15363.736772

15387.094483

14999.178229

14384.749281

13423.037255

14955.135374

14955.135374

13423.037255

14384.749281

14999.178229

15387.094483

15363.736772

15218.945331

14995.838960

14858.970683

14842.686505

14999.739674

15292.703750

15674.515237

16045.231631

16312.404815

16392.641293

16247.123778

15896.911262

15407.591115

14884.585292

14422.106391

14097.422311

13940.213608

13946.885990

14081.380019

14291.605040

14520.733029

14722.551314

14862.688891

14970.780844

14896.616862

14744.700187

14555.670505

14342.114127

14125.966747

13960.110892

13897.478661

13985.296961

14244.900858

14669.730147

15209.312427

15788.967101

16303.002553

16662.831807

16800.843841

16711.186419

16439.978808

16070.007077

15708.680102

15429.695699

15300.276477

15304.033071

15422.502687

15532.450568

15563.081947

15332.872760

14889.070654

14261.215307

14112.798046

16214.713067

16214.713067

14112.798046

14261.215307

14889.070654

15332.872760

15563.081947

15532.450568

15422.502687

15304.033071

15300.276477

15429.695699

15708.680102

16070.007077

16439.978808

16711.186419

16800.843841

16662.831807

16303.002553

15788.967101

15209.312427

14669.730147

14244.900858

13985.296961

13897.478661

13960.110892

14125.966747

14342.114127

14555.670505

14744.700187

14896.616862

14786.771479

14597.120458

14380.968352

14167.969206

13995.658405

13904.186615

13939.254682

14129.218078

14482.763190

14973.326646

15553.294069

16140.800761

16655.947341

17012.484119

17168.679023

17118.925897

16908.932186

16619.085749

16323.393603

16100.658149

15962.701689

15916.041711

15876.947875

15785.014646

15517.016145

15072.290659

14514.102956

14142.800747

15064.143506

17463.763242

17463.763242

15064.143506

14142.800747

14514.102956

15072.290659

15517.016145

15785.014646

15876.947875

15916.041711

15962.701689

16100.658149

16323.393603

16619.085749

16908.932186

17118.925897

17168.679023

17012.484119

16655.947341

16140.800761

15553.294069

14973.326646

14482.763190

14129.218078

13939.254682

13904.186615

13995.658405

14167.969206

14380.968352

14597.120458

14786.771479

14628.170159

14434.234561

14213.224309

14028.871213

13919.492902

13923.432937

14065.617238

14358.891667

14788.836246

15325.337706

15910.487734

16486.742953

16977.754590

17334.747752

17517.252802

17532.665960

17414.085977

17212.939286

16994.335270

16784.075605

16608.274494

16417.942231

16179.814626

15809.800767

15300.104444

14689.939703

14169.749963

14169.502011

15488.119431

17139.234186

17139.234186

15488.119431

14169.502011

14169.749963

14689.939703

15300.104444

15809.800767

16179.814626

16417.942231

16608.274494

16784.075605

16994.335270

17212.939286

17414.085977

17532.665960

17517.252802

17334.747752

16977.754590

16486.742953

15910.487734

15325.337706

14788.836246

14358.891667

14065.617238

13923.432937

13919.492902

14028.871213

14213.224309

14434.234561

14628.170159

14427.009087

14261.365649

14074.362641

13941.524161

13914.072774

14018.420564

14268.081671

14652.084839

15146.187784

15703.732316

16281.588771

16819.751908

17281.844029

17620.952496

17828.830431

17897.353876

17847.923531

17709.633638

17506.340088

17267.455947

16973.690396

16621.618140

16165.357835

15617.544436

15000.634444

14430.895973

14104.203794

14418.183680

15570.866494

16466.454240

16466.454240

15570.866494

14418.183680

14104.203794

14430.895973

15000.634444

15617.544436

16165.357835

16621.618140

16973.690396

17267.455947

17506.340088

17709.633638

17847.923531

17897.353876

17828.830431

17620.952496

17281.844029

16819.751907

16281.588771

15703.732316

15146.187784

14652.084839

14268.081671

14018.420564

13914.072774

13941.524161

14074.362641

14261.365649

14427.009087

14189.198425

14095.188398

13973.098119

13918.145944

13979.319869

14183.866262

14527.804411

14990.631661

15527.722498

16096.372666

16640.764653

17132.740298

17531.860856

17837.961881

18028.750459

18112.667199

18079.344359

17938.627529

17700.502306

17365.626732

16944.312658

16426.344256

15855.052583

15271.688524

14766.813071

14420.611301

14389.478337

14827.116906

15723.792720

15737.914362

15737.914362

15723.792720

14827.116906

14389.478337

14420.611301

14766.813071

15271.688524

15855.052583

16426.344256

16944.312658

17365.626732

17700.502306

17938.627529

18079.344359

18112.667199

18028.750459

17837.961881

17531.860856

17132.740298

16640.764653

16096.372666

15527.722498

14990.631661

14527.804411

14183.866262

13979.319869

13918.145944

13973.098119

14095.188398

14189.198425

13937.228355

13944.226856

13918.831266

13952.964946

14106.929101

14399.299104

14825.009282

15345.318614

15914.070680

16467.014304

16966.702709

17368.785134

17682.531653

17893.261392

18026.909274

18058.910335

17992.805942

17804.439018

17498.058651

17071.580801

16538.060922

15943.945992

15363.887703

14915.597871

14676.898230

14685.926559

14928.241926

15338.301667

15471.340105

14569.961954

14569.961954

15471.340105

15338.301667

14928.241926

14685.926559

14676.898230

14915.597871

15363.887703

15943.945992

16538.060922

17071.580801

17498.058651

17804.439018

17992.805942

18058.910335

18026.909274

17893.261392

17682.531653

17368.785134

16966.702709

16467.014304

15914.070680

15345.318614

14825.009282

14399.299104

14106.929101

13952.964946

13918.831266

13944.226856

13937.228355

13695.096293

13825.879242

13905.736171

14036.237650

14271.908471

14641.334838

15127.333653

15692.226756

16264.929351

16787.914848

17194.009041

17480.477612

17635.784148

17717.582712

17722.174485

17680.056464

17547.657201

17324.545984

16972.517904

16507.407443

15941.244351

15359.497492

14880.924463

14652.789690

14770.395103

15200.727216

15701.608365

15866.790155

15047.747315

13514.602636

13514.602636

15047.747315

15866.790155

15701.608365

15200.727216

14770.395103

14652.789690

14880.924463

15359.497492

15941.244351

16507.407443

16972.517904

17324.545984

17547.657201

17680.056464

17722.174485

17717.582712

17635.784148

17480.477612

17194.009041

16787.914848

16264.929351

15692.226756

15127.333653

14641.334838

14271.908471

14036.237650

13905.736171

13825.879242

13695.096293

13496.666633

13745.798255

13931.638746

14142.817651

14449.945268

14874.295820

15408.016844

15990.534307

16552.503959

16996.770674

17283.867313

17379.392720

17354.722980

17239.874931

17124.643262

16987.002444

16843.890519

16620.915070

16315.672631

15878.483078

15372.861195

14859.528176

14518.866202

14513.986546

14995.492890

15886.491475

16715.535746

16518.830978

14864.084993

12559.868721

12559.868721

14864.084993

16518.830978

16715.535746

15886.491475

14995.492890

14513.986546

14518.866202

14859.528176

15372.861195

15878.483078

16315.672631

16620.915070

16843.890519

16987.002444

17124.643262

17239.874931

17354.722980

17379.392720

17283.867313

16996.770674

16552.503959

15990.534307

15408.016844

14874.295820

14449.945268

14142.817651

13931.638746

13745.798255

13496.666633

13368.799054

13718.293339

13980.149201

14255.149622

14605.979338

15072.165661

15627.386807

16215.260615

16723.037982

17067.580791

17165.368368

17061.504995

16799.275088

16529.757054

16287.080685

16146.137148

16031.511424

15929.955540

15723.787890

15420.868560

14983.035556

14557.072289

14273.400565

14404.647754

15140.756919

16496.617462

17728.883467

17452.012406

14841.600590

11415.199217

11415.199217

14841.600590

17452.012406

17728.883467

16496.617462

15140.756919

14404.647754

14273.400565

14557.072289

14983.035556

15420.868560

15723.787890

15929.955540

16031.511424

16146.137148

16287.080685

16529.757054

16799.275088

17061.504995

17165.368368

17067.580791

16723.037982

16215.260615

15627.386807

15072.165661

14605.979338

14255.149622

13980.149201

13718.293339

13368.799054

13340.910723

13742.012385

14047.829358

14345.612395

14721.351038

15199.618361

15765.696843

16321.967803

16761.372551

16946.049243

16856.607665

16506.783184

16074.944936

15656.619770

15410.750220

15306.720857

15360.147868

15417.029663

15426.866041

15235.986914

14892.174849

14419.641234

14082.834572

14129.821649

14934.596043

16547.435996

18343.699897

18332.842773

15355.660498

10221.149693

10221.149693

15355.660498

18332.842773

18343.699897

16547.435996

14934.596043

14129.821649

14082.834572

14419.641234

14892.174849

15235.986914

15426.866041

15417.029663

15360.147868

15306.720857

15410.750220

15656.619770

16074.944936

16506.783184

16856.607665

16946.049243

16761.372551

16321.967803

15765.696843

15199.618361

14721.351038

14345.612395

14047.829358

13742.012385

13340.910723

13425.747528

13827.529276

14118.603013

14408.632264

14769.948182

15246.937532

15789.253453

16304.719851

16626.622470

16659.671559

16345.264761

15829.955733

15242.505585

14821.375777

14610.615354

14694.844027

14934.909523

15264.101388

15442.346780

15396.881962

15003.179408

14415.445682

13826.790177

13645.730815

14223.561680

15915.652915

17993.472928

18927.490659

15938.032115

9450.125788

9450.125788

15938.032115

18927.490659

17993.472928

15915.652915

14223.561680

13645.730815

13826.790177

14415.445682

15003.179408

15396.881962

15442.346780

15264.101388

14934.909523

14694.844027

14610.615354

14821.375777

15242.505585

15829.955733

16345.264761

16659.671559

16626.622470

16304.719851

15789.253453

15246.937532

14769.948182

14408.632264

14118.603013

13827.529276

13425.747528

13635.660880

13966.658909

14198.753398

14429.114282

14756.020942

15193.998550

15703.767736

16136.349436

16349.704598

16198.808334

15738.076878

15072.695071

14482.130994

14090.005549

14069.810767

14339.891813

14868.853503

15385.608484

15741.892302

15684.170014

15212.176090

14399.290965

13564.611703

13098.794757

13402.829995

14695.155788

17116.025115

18226.670695

16608.154916

9157.154962

9157.154962

16608.154916

18226.670695

17116.025115

14695.155788

13402.829995

13098.794757

13564.611703

14399.290965

15212.176090

15684.170014

15741.892302

15385.608484

14868.853503

14339.891813

14069.810767

14090.005549

14482.130994

15072.695071

15738.076878

16198.808334

16349.704598

16136.349436

15703.767736

15193.998550

14756.020942

14429.114282

14198.753398

13966.658909

13635.660880

13960.103099

14166.991938

14278.887157

14422.651990

14672.419380

15060.530314

15498.062286

15852.891759

15926.727923

15657.213320

15061.443474

14390.042860

13819.889937

13607.611541

13754.924426

14302.991240

15001.022604

15681.815320

16013.430722

15901.688609

15301.616474

14372.510859

13453.653969

12846.999865

12990.096330

14005.968972

15529.739573

17356.904027

15505.650718

9608.273879

9608.273879

15505.650718

17356.904027

15529.739573

14005.968971

12990.096330

12846.999865

13453.653969

14372.510859

15301.616474

15901.688609

16013.430722

15681.815320

15001.022604

14302.991240

13754.924426

13607.611541

13819.889937

14390.042860

15061.443474

15657.213320

15926.727923

15852.891759

15498.062286

15060.530314

14672.419380

14422.651990

14278.887157

14166.991938

13960.103099

14388.675553

14412.889897

14375.418853

14387.874329

14549.142788

14849.337286

15215.943490

15461.121968

15441.601991

15056.185385

14448.546743

13787.503713

13377.049015

13306.965235

13707.527500

14395.117807

15232.717901

15840.436351

16081.486567

15849.298513

15238.231386

14462.566930

13650.408622

13290.315241

13414.445437

14510.333149

15923.405406

15524.494929

14145.892137

10511.997412

10511.997412

14145.892137

15524.494929

15923.405406

14510.333149

13414.445437

13290.315241

13650.408622

14462.566930

15238.231386

15849.298513

16081.486567

15840.436351

15232.717901

14395.117807

13707.527500

13306.965235

13377.049015

13787.503713

14448.546743

15056.185385

15441.601991

15461.121968

15215.943490

14849.337286

14549.142788

14387.874329

14375.418853

14412.889897

14388.675553

14886.448889

14706.149572

14480.868467

14354.845950

14394.316892

14608.820659

14873.930308

15039.055135

14918.733373

14511.818240

13901.866239

13372.974710

13079.672978

13232.496615

13746.328378

14564.104419

15305.544771

15793.554665

15847.461927

15592.357190

15185.408817

14699.850269

14428.774027

14251.930911

14935.719818

16074.238021

18560.588998

18835.637650

11823.573189

10821.691578

10821.691578

11823.573189

18835.637650

18560.588998

16074.238021

14935.719818

14251.930911

14428.774027

14699.850269

15185.408817

15592.357190

15847.461927

15793.554665

15305.544771

14564.104419

13746.328378

13232.496615

13079.672978

13372.974710

13901.866239

14511.818240

14918.733373

15039.055135

14873.930308

14608.820659

14394.316892

14354.845950

14480.868467

14706.149572

14886.448888

15423.509532

15020.664583

14612.698895

14325.498814

14252.344872

14356.978484

14543.102975

14614.559745

14459.882743

14033.371082

13520.268081

13083.750567

12981.323999

13228.436914

13872.261715

14607.779624

15252.693821

15513.513283

15500.644649

15344.933687

15229.651613

15271.423687

15349.058470

15817.832639

16328.217413

18368.897617

19384.040496

21207.582603

18027.987938

11590.314444

11590.314444

18027.987937

21207.582603

19384.040496

18368.897617

16328.217413

15817.832639

15349.058470

15271.423687

15229.651613

15344.933687

15500.644649

15513.513283

15252.693821

14607.779624

13872.261715

13228.436914

12981.323999

13083.750567

13520.268081

14033.371082

14459.882743

14614.559745

14543.102975

14356.978484

14252.344872

14325.498814

14612.698895

15020.664583

15423.509532

15951.737573

15350.590476

14756.710788

14331.084855

14132.592394

14152.698210

14247.572752

14273.831561

14080.718587

13710.387103

13260.265139

12978.990498

12957.585285

13333.129424

13926.092495

14621.308862

15052.870614

15243.503394

15230.132790

15297.651795

15509.200642

15891.128253

16334.118534

16868.219627

18196.658390

19610.616318

21900.201782

17757.406888

19425.784203

16252.478277

16252.478276

19425.784203

17757.406888

21900.201781

19610.616318

18196.658390

16868.219627

16334.118534

15891.128253

15509.200642

15297.651795

15230.132790

15243.503394

15052.870614

14621.308862

13926.092495

13333.129424

12957.585285

12978.990498

13260.265139

13710.387103

14080.718587

14273.831561

14247.572752

14152.698210

14132.592394

14331.084855

14756.710788

15350.590476

15951.737573

16438.604591

15662.207422

14924.878891

14365.436458

14077.017512

14007.949722

14054.490802

14030.621654

13857.751519

13516.613862

13179.957724

12964.926043

13062.599921

13419.377554

14029.121706

14559.532831

14953.800414

15090.278710

15261.195947

15517.613364

15992.934943

16346.855648

16876.307889

17597.896638

19559.128309

23239.336742

27942.617121

29434.340080

52648.112898

42842.673902

42842.673901

52648.112897

29434.340080

27942.617121

23239.336742

19559.128309

17597.896638

16876.307889

16346.855648

15992.934943

15517.613364

15261.195947

15090.278710

14953.800414

14559.532831

14029.121706

13419.377554

13062.599921

12964.926043

13179.957724

13516.613862

13857.751519

14030.621654

14054.490802

14007.949722

14077.017512

14365.436458

14924.878891

15662.207422

16438.604591

16845.216196

15949.604471

15094.585752

14452.099758

14081.265077

13969.100965

13966.462730

13943.679724

13772.114197

13502.174020

13210.179552

13093.794092

13194.455874

13605.662099

14112.916757

14654.301230

14970.657041

15276.675576

15577.210445

16070.362735

16375.961237

16683.640664

16680.381492

17937.744425

20558.499890

26152.196852

35464.309116

58039.808140

115468.668996

37563.016362

37563.016362

115468.668996

58039.808140

35464.309116

26152.196850

20558.499890

17937.744425

16680.381492

16683.640664

16375.961237

16070.362735

15577.210445

15276.675576

14970.657041

14654.301230

14112.916757

13605.662099

13194.455874

13093.794092

13210.179552

13502.174020

13772.114197

13943.679724

13966.462730

13969.100965

14081.265077

14452.099758

15094.585752

15949.604471

16845.216196

17157.013187

16183.424581

15274.889010

14571.950245

14172.797459

14023.467277

14022.268981

13990.012819

13860.103614

13611.477994

13390.159571

13282.699438

13448.500373

13813.008912

14377.080680

14846.530069

15321.422113

15701.833161

16240.935139

16611.508759

16793.257841

16360.645128

16590.760116

17579.728897

21348.206269

30058.224125

51565.279138

101169.557985

78467.385977

34389.096567

34389.096567

78467.385977

101169.557983

51565.279137

30058.224125

21348.206268

17579.728897

16590.760116

16360.645128

16793.257841

16611.508759

16240.935139

15701.833161

15321.422113

14846.530069

14377.080680

13813.008912

13448.500373

13282.699438

13390.159571

13611.477994

13860.103614

13990.012819

14022.268981

14023.467277

14172.797459

14571.950245

15274.889010

16183.424581

17157.013187

17360.410194

16369.254878

15440.793716

14739.522726

14326.090559

14192.166683

14188.330622

14189.240868

14067.343506

13865.305922

13647.075102

13593.734092

13745.821097

14192.756822

14720.075915

15340.255470

15826.159768

16429.676712

16883.201714

17129.569636

16695.069114

16194.950357

16016.004409

17972.511932

23262.014264

36842.176587

70073.275026

79223.255432

72187.008718

36872.254045

36872.254045

72187.008720

79223.255432

70073.275027

36842.176587

23262.014264

17972.511932

16016.004409

16194.950357

16695.069114

17129.569636

16883.201714

16429.676712

15826.159768

15340.255470

14720.075915

14192.756822

13745.821097

13593.734092

13647.075102

13865.305922

14067.343506

14189.240868

14188.330622

14192.166683

14326.090559

14739.522726

15440.793716

16369.254878

17360.410194

17464.691968

16491.483942

15604.226217

14924.982852

14551.364190

14432.592489

14469.751923

14480.660936

14395.712717

14190.587026

14008.601448

13950.272060

14181.419432

14632.309888

15307.240656

15907.242561

16574.948754

17049.308989

17406.748483

17184.660969

16458.968891

15718.810180

16200.435626

18975.792442

27081.776647

45746.648596

63734.473778

65684.423308

59890.935022

37502.588456

37502.588456

59890.935022

65684.423308

63734.473778

45746.648596

27081.776647

18975.792443

16200.435626

15718.810180

16458.968891

17184.660969

17406.748483

17049.308989

16574.948754

15907.242561

15307.240656

14632.309888

14181.419432

13950.272060

14008.601448

14190.587026

14395.712717

14480.660936

14469.751923

14432.592489

14551.364190

14924.982852

15604.226217

16491.483942

17464.691968

17479.388165

16569.119169

15743.309055

15137.221181

14805.084426

14742.680028

14801.028348

14852.486075

14765.884746

14586.467139

14396.348913

14395.292742

14649.757237

15236.422009

15911.105335

16651.683723

17128.269373

17518.270055

17442.450077

16859.642780

16030.183842

15549.118755

16798.420218

21584.330670

32449.755164

50177.807140

57382.851697

54160.668022

52526.882931

39820.453081

39820.453080

52526.882931

54160.668023

57382.851697

50177.807140

32449.755164

21584.330670

16798.420218

15549.118755

16030.183842

16859.642780

17442.450077

17518.270055

17128.269373

16651.683723

15911.105335

15236.422009

14649.757237

14395.292742

14396.348913

14586.467139

14765.884746

14852.486075

14801.028348

14742.680028

14805.084426

15137.221181

15743.309055

16569.119169

17479.388165

17427.360340

16598.009551

15873.828580

15341.927238

15087.266576

15060.837672

15167.002263

15222.542741

15160.473052

14969.714841

14815.802379

14834.330484

15195.275152

15816.437862

16609.049080

17167.052583

17544.873388

17461.782057

17084.117696

16382.154330

15547.289327

15894.509584

18280.364256

24951.929934

38493.040612

51311.222334

55178.976759

46429.980408

46350.157278

38013.580060

38013.580060

46350.157279

46429.980408

55178.976761

51311.222333

38493.040612

24951.929934

18280.364256

15894.509584

15547.289327

16382.154330

17084.117696

17461.782057

17544.873388

17167.052583

16609.049080

15816.437862

15195.275152

14834.330484

14815.802379

14969.714841

15160.473052

15222.542741

15167.002263

15060.837672

15087.266576

15341.927238

15873.828580

16598.009551

17427.360340

17327.763704

16602.054624

15977.607865

15547.466452

15349.324765

15378.888871

15493.281504

15572.477464

15495.912089

15328.568102

15181.402706

15272.673267

15679.443503

16401.419930

17091.849613

17547.398908

17459.471237

17131.239837

16519.243309

15814.845284

15696.815402

16519.338840

20446.629620

28759.711259

41865.710110

53396.665262

49714.877942

45555.777442

42208.535572

38562.910076

38562.910076

42208.535572

45555.777442

49714.877943

53396.665262

41865.710109

28759.711258

20446.629620

16519.338840

15696.815402

15814.845284

16519.243309

17131.239837

17459.471237

17547.398908

17091.849613

16401.419930

15679.443503

15272.673267

15181.402706

15328.568102

15495.912089

15572.477464

15493.281504

15378.888871

15349.324765

15547.466452

15977.607865

16602.054624

17327.763704

17202.681368

16580.018501

16071.545079

15722.427495

15594.702090

15639.351879

15772.901128

15829.160382

15763.535977

15587.077599

15487.257787

15612.833827

16099.539222

16797.680985

17416.320277

17518.905318

17192.493854

16550.957106

16025.044776

15784.818520

16012.353853

18038.691372

22233.274153

31317.809638

42060.749467

49765.023311

50138.927174

43172.862297

41064.320267

35712.837634

35712.837634

41064.320268

43172.862297

50138.927174

49765.023311

42060.749467

31317.809638

22233.274152

18038.691372

16012.353853

15784.818520

16025.044776

16550.957106

17192.493854

17518.905318

17416.320277

16797.680985

16099.539222

15612.833827

15487.257787

15587.077599

15763.535977

15829.160382

15772.901128

15639.351879

15594.702090

15722.427495

16071.545079

16580.018501

17202.681368

17067.652526

16551.659408

16139.942906

15879.771045

15784.782267

15849.871866

15951.381758

15999.777636

15902.533736

15750.984349

15663.972556

15851.979575

16348.970049

17020.545653

17438.835566

17320.940581

16719.730834

16149.293479

15872.217369

16118.624354

17155.038481

19176.602175

23847.216708

29684.442933

39414.810324

44436.593836

47779.957161

47032.533072

40021.674964

35293.677922

35293.677922

40021.674965

47032.533072

47779.957163

44436.593836

39414.810324

29684.442933

23847.216708

19176.602175

17155.038481

16118.624354

15872.217370

16149.293479

16719.730834

17320.940581

17438.835566

17020.545653

16348.970049

15851.979575

15663.972556

15750.984349

15902.533736

15999.777636

15951.381758

15849.871866

15784.782267

15879.771045

16139.942906

16551.659408

17067.652526

16935.058771

16512.523126

16199.100910

15996.007707

15937.088186

15974.570059

16052.394352

16042.686952

15940.539099

15772.469423

15731.221534

15930.336053

16440.086333

17018.651955

17278.949442

16988.875235

16388.333102

15986.123768

16221.742767

17020.616579

18300.006110

20338.279795

22972.365872

27694.961201

31002.178783

39707.308554

44491.970898

48676.611715

42670.119022

33890.095703

33890.095704

42670.119022

48676.611715

44491.970898

39707.308554

31002.178783

27694.961201

22972.365872

20338.279795

18300.006110

17020.616579

16221.742767

15986.123768

16388.333102

16988.875235

17278.949442

17018.651955

16440.086333

15930.336053

15731.221534

15772.469423

15940.539099

16042.686952

16052.394352

15974.570059

15937.088186

15996.007707

16199.100910

16512.523126

16935.058771

16809.780820

16475.218736

16235.129308

16091.076741

16028.698750

16045.735680

16050.714326

16003.779506

15848.629627

15699.049000

15651.934772

15886.639226

16352.766284

16855.784725

17016.268034

16694.083500

16264.622531

16241.146015

16945.810580

18216.388203

19312.310043

20320.730805

21671.833921

23038.441824

26506.659583

30618.175320

43687.101989

46315.375286

44495.350481

33861.035446

33861.035446

44495.350480

46315.375287

43687.101990

30618.175320

26506.659583

23038.441824

21671.833921

20320.730805

19312.310043

18216.388203

16945.810580

16241.146015

16264.622531

16694.083500

17016.268034

16855.784725

16352.766284

15886.639226

15651.934772

15699.049000

15848.629627

16003.779506

16050.714326

16045.735680

16028.698750

16091.076741

16235.129308

16475.218736

16809.780820

16693.961256

16430.950054

16263.915193

16149.018181

16091.403618

16047.303288

15999.057531

15867.782396

15693.296614

15508.286238

15494.292276

15700.938259

16158.628724

16587.235815

16727.628163

16544.802295

16373.971857

16786.513782

17919.567782

19169.039369

19806.860702

19534.424083

19590.273572

20394.769080

22162.032841

27470.670722

33779.169524

45991.149733

43188.085376

36936.422939

36936.422938

43188.085376

45991.149733

33779.169524

27470.670723

22162.032841

20394.769080

19590.273572

19534.424083

19806.860702

19169.039369

17919.567782

16786.513782

16373.971857

16544.802295

16727.628163

16587.235815

16158.628724

15700.938259

15494.292276

15508.286238

15693.296614

15867.782396

15999.057531

16047.303288

16091.403618

16149.018181

16263.915193

16430.950054

16693.961256

16582.145005

16387.536938

16272.631352

16194.959382

16112.021514

16027.805560

15887.692525

15705.769983

15461.927909

15284.266874

15237.680300

15467.221489

15862.492785

16296.840790

16486.088366

16499.232593

16688.242600

17404.964002

18669.149092

19665.173191

19464.212869

18657.956165

18085.100813

19106.138937

21133.950396

24052.428159

29975.472542

31796.057545

42514.870332

38929.405897

38929.405897

42514.870332

31796.057545

29975.472542

24052.428159

21133.950396

19106.138937

18085.100813

18657.956165

19464.212869

19665.173191

18669.149092

17404.964002

16688.242599

16499.232593

16486.088366

16296.840790

15862.492785

15467.221489

15237.680300

15284.266874

15461.927909

15705.769983

15887.692525

16027.805560

16112.021514

16194.959382

16272.631352

16387.536938

16582.145005

16472.623744

16333.734889

16277.163999

16215.852822

16128.571273

15976.661123

15780.263276

15507.874048

15238.550254

15009.746799

14983.425650

15162.010888

15577.524961

15981.770269

16315.443134

16539.491910

16999.707626

17873.322371

18907.794916

19350.249305

18776.506919

17997.932022

18056.352053

19422.366063

21793.324172

22962.196509

22463.931779

24763.278812

43949.962380

50975.721071

50975.721071

43949.962380

24763.278812

22463.931779

22962.196509

21793.324172

19422.366063

18056.352053

17997.932022

18776.506919

19350.249305

18907.794916

17873.322372

16999.707626

16539.491910

16315.443134

15981.770269

15577.524961

15162.010888

14983.425650

15009.746799

15238.550254

15507.874048

15780.263276

15976.661123

16128.571273

16215.852822

16277.163999

16333.734889

16472.623744

16355.283173

16276.737003

16264.626358

16237.575510

16127.654374

15943.681777

15663.743372

15347.083056

15006.458733

14777.538641

14703.439751

14901.521277

15258.031247

15745.718481

16140.193721

16616.257636

17175.973151

17994.390926

18559.205571

18412.032022

17923.955198

17867.903748

19569.838733

21563.469933

22610.405715

19955.628459

17119.280402

16187.111564

25639.855067

69493.146719

69493.146720

25639.855067

16187.111564

17119.280402

19955.628459

22610.405715

21563.469933

19569.838732

17867.903748

17923.955198

18412.032022

18559.205571

17994.390926

17175.973151

16616.257636

16140.193721

15745.718481

15258.031247

14901.521277

14703.439751

14777.538641

15006.458733

15347.083056

15663.743372

15943.681777

16127.654374

16237.575510

16264.626358

16276.737003

16355.283173

16232.994258

16205.363605

16250.604579

16245.198685

16143.975982

15911.349029

15594.857263

15202.450113

14842.471737

14559.492967

14496.149254

14636.879623

15026.879020

15485.110070

16055.284207

16556.775007

17244.779799

17707.425971

17838.850592

17252.079254

16830.528835

18283.328638

21390.651705

25219.372312

21398.537035

16058.982779

11724.221105

10064.309311

10401.083010

15576.319608

15576.319608

10401.083010

10064.309311

11724.221105

16058.982779

21398.537035

25219.372312

21390.651704

18283.328638

16830.528835

17252.079254

17838.850592

17707.425971

17244.779799

16556.775007

16055.284207

15485.110070

15026.879020

14636.879623

14496.149254

14559.492967

14842.471737

15202.450113

15594.857263

15911.349029

16143.975982

16245.198685

16250.604579

16205.363605

16232.994258

16097.000351

16129.382494

16221.265412

16260.745384

16157.596119

15919.234827

15547.672926

15132.614438

14714.522442

14432.425289

14317.582285

14469.270886

14798.339400

15332.265527

15875.623071

16541.915964

16992.276672

17374.950994

16904.141913

16124.825569

15849.803423

17758.479105

23370.037252

25538.277642

20792.050089

12503.261150

9193.650912

8861.717310

9403.246357

18260.480783

18260.480783

9403.246357

8861.717310

9193.650912

12503.261150

20792.050089

25538.277642

23370.037252

17758.479105

15849.803423

16124.825569

16904.141913

17374.950994

16992.276672

16541.915964

15875.623071

15332.265527

14798.339400

14469.270886

14317.582285

14432.425289

14714.522442

15132.614438

15547.672926

15919.234827

16157.596119

16260.745384

16221.265412

16129.382494

16097.000351

15959.059768

16039.112933

16191.082608

16264.917798

16193.360684

15939.084122

15562.696341

15101.060857

14679.978579

14350.986751

14242.773047

14332.845128

14677.905457

15149.489050

15786.617347

16311.439224

16829.155809

16744.071297

16296.801502

15100.137003

14795.173131

16686.562432

21845.413996

25636.782494

18447.023496

12414.893553

9421.291346

10623.847163

15255.829839

27765.479535

27765.479535

15255.829839

10623.847163

9421.291346

12414.893553

18447.023496

25636.782494

21845.413996

16686.562432

14795.173131

15100.137003

16296.801502

16744.071297

16829.155809

16311.439224

15786.617347

15149.489050

14677.905457

14332.845128

14242.773047

14350.986751

14679.978579

15101.060857

15562.696341

15939.084122

16193.360684

16264.917798

16191.082608

16039.112933

15959.059768

15813.461098

15947.749587

16144.748227

16273.171101

16223.851889

15995.440991

15602.116185

15147.250695

14690.664932

14370.274917

14210.135745

14301.985930

14570.353369

15062.364777

15596.491634

16174.360939

16399.407774

16407.025660

15554.806505

14586.651656

13746.099803

14982.055332

18941.925332

22514.550956

19605.085038

13258.943134

11504.086782

12083.016745

14007.965934

27140.815589

27140.815589

14007.965934

12083.016745

11504.086782

13258.943134

19605.085038

22514.550956

18941.925332

14982.055332

13746.099803

14586.651656

15554.806505

16407.025660

16399.407774

16174.360939

15596.491634

15062.364777

14570.353369

14301.985930

14210.135745

14370.274917

14690.664932

15147.250695

15602.116185

15995.440991

16223.851889

16273.171101

16144.748227

15947.749587

15813.461097

15678.693610

15846.496647

16095.253487

16262.102713

16262.830269

16052.346383

15689.277156

15223.857713

14784.912609

14428.484233

14273.971146

14294.445297

14555.793702

14943.968298

15482.693210

15883.847711

16136.530295

15836.191068

15237.663456

13988.072390

13204.457311

13293.049264

15593.150492

19244.080244

19953.129539

17347.936608

14615.276458

12301.471803

15650.340886

18866.866925

18866.866925

15650.340886

12301.471803

14615.276458

17347.936608

19953.129539

19244.080244

15593.150492

13293.049264

13204.457311

13988.072390

15237.663456

15836.191068

16136.530295

15883.847711

15482.693210

14943.968298

14555.793702

14294.445297

14273.971146

14428.484233

14784.912609

15223.857713

15689.277156

16052.346383

16262.830269

16262.102713

16095.253487

15846.496647

15678.693610

15549.323177

15750.717860

16026.183853

16242.274964

16278.990639

16121.767795

15780.848852

15353.824617

14905.127604

14564.637482

14355.858626

14368.202241

14529.238470

14895.904937

15292.113587

15685.574032

15729.820146

15498.741653

14713.261925

13768.663483

12694.310890

12382.542346

13153.274422

15402.331921

19039.974522

21355.086122

18436.307358

15064.990344

12638.498775

17643.404810

17643.404810

12638.498775

15064.990344

18436.307358

21355.086122

19039.974522

15402.331921

13153.274422

12382.542346

12694.310890

13768.663483

14713.261925

15498.741653

15729.820146

15685.574032

15292.113587

14895.904937

14529.238470

14368.202241

14355.858626

14564.637482

14905.127604

15353.824617

15780.848852

16121.767795

16278.990639

16242.274964

16026.183853

15750.717860

15549.323177

15444.783035

15650.801121

15950.908589

16190.255010

16281.025852

16166.584847

15888.440061

15486.976822

15075.994925

14709.735846

14499.777869

14427.430673

14562.129336

14796.135432

15163.644401

15405.840823

15472.848287

15077.095397

14404.913608

13398.667509

12507.807168

11959.412640

12042.023048

13128.895203

15264.315646

20407.070907

23177.019048

15053.138883

13043.489233

15763.791440

15763.791440

13043.489233

15053.138883

23177.019048

20407.070907

15264.315646

13128.895203

12042.023048

11959.412640

12507.807168

13398.667509

14404.913608

15077.095397

15472.848287

15405.840823

15163.644401

14796.135432

14562.129336

14427.430673

14499.777869

14709.735846

15075.994925

15486.976822

15888.440061

16166.584847

16281.025852

16190.255010

15950.908589

15650.801121

15444.783035

15355.890436

15562.816629

15854.592376

16118.892062

16241.249002

16195.382553

15970.366604

15636.609209

15240.884194

14894.603028

14626.968034

14528.384183

14547.545193

14741.341826

14965.762421

15214.538625

15190.995545

14882.605853

14124.839381

13206.191437

12314.803996

11856.154125

12050.316923

12502.461660

13763.348318

15326.970234

20258.680572

16274.916553

12415.837460

15185.451040

15185.451040

12415.837460

16274.916553

20258.680572

15326.970235

13763.348318

12502.461660

12050.316923

11856.154125

12314.803996

13206.191437

14124.839381

14882.605853

15190.995545

15214.538625

14965.762421

14741.341826

14547.545193

14528.384183

14626.968034

14894.603028

15240.884194

15636.609209

15970.366604

16195.382553

16241.249002

16118.892062

15854.592375

15562.816629

15355.890436

15297.877389

15475.764667

15754.897459

16011.586906

16173.976245

16177.567769

16036.301415

15756.959123

15418.544582

15059.493400

14781.149950

14590.203279

14561.515138

14624.870338

14817.798896

14973.060052

15049.294281

14779.266368

14176.639183

13229.155396

12329.916733

11885.171973

12255.791009

13528.765585

14424.358007

15384.676625

15479.627462

17509.422864

11589.587733

14909.357528

14909.357528

11589.587733

17509.422863

15479.627462

15384.676625

14424.358007

13528.765585

12255.791009

11885.171973

12329.916733

13229.155396

14176.639183

14779.266368

15049.294281

14973.060052

14817.798896

14624.870338

14561.515138

14590.203279

14781.149950

15059.493400

15418.544582

15756.959123

16036.301415

16177.567769

16173.976245

16011.586906

15754.897459

15475.764667

15297.877389

15255.987741

15406.010407

15641.763322

15890.273584

16062.164836

16128.837481

16052.130355

15860.610685

15561.910272

15234.611018

14907.792679

14675.541547

14533.350791

14540.552597

14623.028845

14792.872278

14900.557733

14863.196093

14477.492116

13729.560834

12808.541248

12190.605256

12501.640446

14110.751544

16674.127830

18146.005419

18293.941366

18318.313418

18283.086428

14211.399384

14211.399384

18283.086428

18318.313418

18293.941366

18146.005419

16674.127830

14110.751544

12501.640446

12190.605256

12808.541248

13729.560834

14477.492116

14863.196093

14900.557733

14792.872278

14623.028845

14540.552597

14533.350791

14675.541547

14907.792679

15234.611018

15561.910272

15860.610685

16052.130355

16128.837481

16062.164836

15890.273584

15641.763322

15406.010407

15255.987741

15240.159284

15341.852740

15537.787022

15747.547265

15931.070530

16029.867852

16034.302253

15910.743051

15690.358914

15378.413314

15054.178516

14746.371883

14543.547846

14439.478735

14474.195902

14594.946263

14789.239919

14962.720455

14945.884077

14612.633957

13867.518822

13139.668111

12902.041376

13854.485812

16229.982568

18831.918521

20542.005230

21044.907407

24458.808953

25733.535707

25733.535708

24458.808953

21044.907407

20542.005231

18831.918521

16229.982568

13854.485812

12902.041376

13139.668111

13867.518822

14612.633957

14945.884077

14962.720455

14789.239919

14594.946263

14474.195902

14439.478735

14543.547846

14746.371883

15054.178516

15378.413314

15690.358914

15910.743051

16034.302253

16029.867852

15931.070530

15747.547265

15537.787022

15341.852740

15240.159284

15233.001296

15299.004027

15435.750087

15611.168387

15773.651796

15906.867199

15960.343175

15925.905916

15768.550488

15520.902229

15192.420656

14866.784550

14579.025812

14406.933946

14351.819044

14437.082647

14657.845599

14968.918706

15332.600193

15443.676837

15248.865745

14550.666107

13899.844841

13642.364075

14073.278153

15072.191123

15119.658275

13830.110871

10977.263800

15227.225369

15227.225369

10977.263800

13830.110871

15119.658275

15072.191123

14073.278153

13642.364075

13899.844841

14550.666107

15248.865745

15443.676837

15332.600193

14968.918706

14657.845599

14437.082647

14351.819044

14406.933946

14579.025812

14866.784550

15192.420656

15520.902229

15768.550488

15925.905916

15960.343175

15906.867199

15773.651796

15611.168387

15435.750087

15299.004027

15233.001296

15243.035558

15264.872439

15356.259577

15476.076226

15619.844074

15751.744173

15857.061944

15882.490450

15818.199802

15631.995787

15360.704072

15024.949897

14709.283335

14454.365369

14322.299981

14331.924842

14494.867148

14852.894979

15311.908806

15857.583236

16080.550589

15951.574938

15247.627844

14358.393250

13637.874633

12861.772326

12536.753934

11131.479005

13816.911132

16007.422002

16007.422002

13816.911132

11131.479005

12536.753934

12861.772326

13637.874633

14358.393250

15247.627844

15951.574938

16080.550589

15857.583236

15311.908806

14852.894979

14494.867148

14331.924842

14322.299981

14454.365369

14709.283335

15024.949897

15360.704072

15631.995787

15818.199802

15882.490450

15857.061944

15751.744173

15619.844074

15476.076226

15356.259577

15264.872439

15243.035558

15256.713780

15251.709187

15288.389293

15364.242890

15465.624873

15595.992286

15716.514542

15806.924583

15814.880774

15730.621683

15530.185922

15253.115554

14929.719347

14635.525800

14413.400372

14310.463984

14361.266654

14565.362446

14975.221876

15473.410234

16040.254375

16328.219744

16232.926246

15677.931165

14676.307927

14065.812402

13229.509516

14633.465673

16428.601739

19350.687293

19350.687293

16428.601739

14633.465673

13229.509516

14065.812402

14676.307927

15677.931165

16232.926246

16328.219744

16040.254375

15473.410234

14975.221876

14565.362446

14361.266654

14310.463984

14413.400372

14635.525800

14929.719347

15253.115554

15530.185922

15730.621683

15814.880774

15806.924583

15716.514542

15595.992286

15465.624873

15364.242890

15288.389293

15251.709187

15256.713780

15285.467046

15245.129629

15242.278139

15265.380215

15334.563767

15438.584259

15570.962207

15691.128681

15777.884095

15785.194185

15701.545347

15510.582594

15245.927499

14939.344235

14650.879507

14421.807001

14290.315317

14288.501086

14417.553351

14708.443678

15110.543268

15575.074050

15958.966817

15980.955353

15845.386183

15239.971076

15437.926621

16024.957015

17684.839032

19120.660544

19120.660544

17684.839032

16024.957015

15437.926621

15239.971076

15845.386183

15980.955353

15958.966817

15575.074050

15110.543268

14708.443678

14417.553351

14288.501086

14290.315317

14421.807001

14650.879507

14939.344235

15245.927499

15510.582594

15701.545347

15785.194185

15777.884095

15691.128681

15570.962207

15438.584259

15334.563767

15265.380215

15242.278139

15245.129629

15285.467046

15322.957973

15250.342415

15200.932437

15188.716104

15221.161487

15306.299069

15423.766792

15564.288535

15696.004382

15797.175579

15826.517716

15764.096509

15594.129590

15336.265506

15017.541174

14687.877268

14383.674519

14148.598597

13996.429084

13961.929497

14040.667512

14283.420836

14577.148488

14946.960252

15069.847823

15211.772874

15303.076338

15582.863698

16136.794794

16503.123441

16503.123441

16136.794794

15582.863698

15303.076338

15211.772874

15069.847823

14946.960252

14577.148488

14283.420836

14040.667512

13961.929497

13996.429084

14148.598597

14383.674519

14687.877268

15017.541174

15336.265506

15594.129590

15764.096509

15826.517716

15797.175579

15696.004382

15564.288535

15423.766792

15306.299069

15221.161487

15188.716104

15200.932437

15250.342415

15322.957973

15380.571035

15250.350925

15163.255115

15123.137978

15139.872504

15201.436905

15303.590196

15434.492712

15591.089496

15749.492359

15881.018808

15943.276304

15902.847274

15739.035139

15461.043570

15092.888294

14689.502073

14281.431032

13930.044723

13626.150290

13433.323767

13308.421394

13327.992572

13388.824776

13517.847235

13652.184062

13711.924014

13898.965119

13933.676578

14051.283888

14051.283888

13933.676578

13898.965119

13711.924014

13652.184062

13517.847235

13388.824776

13327.992572

13308.421394

13433.323767

13626.150290

13930.044723

14281.431032

14689.502073

15092.888294

15461.043570

15739.035139

15902.847274

15943.276304

15881.018808

15749.492359

15591.089496

15434.492712

15303.590196

15201.436905

15139.872504

15123.137978

15163.255115

15250.350925

15380.571035

15450.041470

15242.464460

15119.942553

15075.442546

15090.417723

15141.842099

15218.264428

15328.773391

15474.893739

15652.842898

15839.356986

15996.101944

16077.200190

16040.890496

15864.702506

15560.785661

15155.381654

14716.382120

14268.781890

13878.907662

13520.917054

13235.458608

12985.070692

12780.632302

12649.868682

12492.366034

12465.584893

12329.628335

12348.436685

12289.276884

12289.276884

12348.436685

12329.628335

12465.584893

12492.366034

12649.868682

12780.632302

12985.070692

13235.458608

13520.917054

13878.907662

14268.781890

14716.382120

15155.381654

15560.785661

15864.702506

16040.890496

16077.200190

15996.101944

15839.356986

15652.842898

15474.893739

15328.773391

15218.264428

15141.842099

15090.417723

15075.442546

15119.942553

15242.464460

15450.041470

15533.587490

15225.492348

15080.084221

15057.007741

15085.066597

15126.994128

15182.191552

15258.206129

15370.175920

15521.771533

15704.040868

15892.897697

16048.264706

16126.919431

16092.638708

15928.226047

15656.152636

15306.183723

14947.826441

14603.156601

14308.860279

14043.330034

13772.431815

13521.831585

13195.211248

12956.499751

12620.862388

12454.914043

12237.580080

12182.763278

12182.763278

12237.580080

12454.914043

12620.862388

12956.499751

13195.211248

13521.831585

13772.431815

14043.330034

14308.860279

14603.156601

14947.826441

15306.183723

15656.152636

15928.226047

16092.638708

16126.919431

16048.264706

15892.897697

15704.040868

15521.771533

15370.175920

15258.206129

15182.191552

15126.994128

15085.066597

15057.007741

15080.084221

15225.492348

15533.587490

15606.474650

15223.202331

15097.546574

15092.490381

15128.627451

15167.543321

15198.818872

15238.555435

15298.019227

15388.711368

15512.138380

15661.345394

15818.935819

15958.646526

16049.273924

16070.705942

16011.750422

15897.248543

15751.294650

15614.265156

15497.940220

15367.951049

15225.943116

14952.703257

14668.861117

14224.590377

13885.577948

13479.318084

13267.817543

13110.004993

13110.004993

13267.817543

13479.318084

13885.577948

14224.590377

14668.861117

14952.703257

15225.943116

15367.951049

15497.940220

15614.265156

15751.294650

15897.248543

16011.750422

16070.705942

16049.273924

15958.646526

15818.935819

15661.345394

15512.138380

15388.711367

15298.019227

15238.555435

15198.818872

15167.543321

15128.627451

15092.490381

15097.546574

15223.202331

15606.474650

15740.907347

15382.258522

15225.044815

15229.026726

15266.166289

15284.702725

15292.689569

15291.680046

15295.315102

15308.279707

15341.572541

15401.146485

15496.370590

15626.232334

15791.400896

15974.567563

16169.497344

16352.193269

16514.738589

16635.191950

16670.267692

16614.366418

16365.398766

16016.899746

15450.411923

14899.952063

14255.929035

13776.814387

13368.645596

13184.735218

13184.735218

13368.645596

13776.814387

14255.929035

14899.952063

15450.411923

16016.899746

16365.398766

16614.366418

16670.267692

16635.191950

16514.738589

16352.193269

16169.497344

15974.567563

15791.400896

15626.232334

15496.370590

15401.146485

15341.572541

15308.279707

15295.315102

15291.680046

15292.689569

15284.702725

15266.166289

15229.026726

15225.044815

15382.258522

15740.907347

15808.835267

15739.370625

15645.660877

15622.799944

15574.671244

15535.288981

15492.360671

15449.240660

15395.781522

15336.524035

15275.708784

15236.895410

15238.852285

15320.319591

15497.379386

15796.293753

16196.054171

16654.690388

17094.510372

17370.913460

17452.577228

17152.694558

16668.048276

15803.616972

14973.475324

13943.167130

13158.619447

12383.920963

11929.989936

11649.191566

11649.191566

11929.989936

12383.920963

13158.619447

13943.167130

14973.475324

15803.616972

16668.048276

17152.694558

17452.577228

17370.913460

17094.510372

16654.690388

16196.054171

15796.293753

15497.379386

15320.319591

15238.852285

15236.895410

15275.708784

15336.524035

15395.781522

15449.240660

15492.360671

15535.288981

15574.671244

15622.799944

15645.660877

15739.370625

15808.835267

