AXIS X

0.000000 0.000500 0.001000 0.001500 0.002000 0.002500 0.003000 0.003500 0.004000 0.004500 0.005000 0.005500 0.006000 0.006500 0.007000 0.007500 0.008000 0.008500 0.009000 0.009500 0.010000 0.010500 0.011000 0.011500 0.012000 0.012500 0.013000 0.013500 0.014000 0.014500 0.015000 0.015500 0.016000 0.016500 0.017000 0.017500 0.018000 0.018500 0.019000 0.019500 0.020000 0.020500 0.021000 0.021500 0.022000 0.022500 0.023000 0.023500 0.024000 0.024500 0.025000 0.025500 0.026000 0.026500 0.027000 0.027500 0.028000 0.028500 0.029000 0.029500 

AXIS Y

0.000000 0.000500 0.001000 0.001500 0.002000 0.002500 0.003000 0.003500 0.004000 0.004500 0.005000 0.005500 0.006000 0.006500 0.007000 0.007500 0.008000 0.008500 0.009000 0.009500 0.010000 0.010500 0.011000 0.011500 0.012000 0.012500 0.013000 0.013500 0.014000 0.014500 0.015000 0.015500 0.016000 0.016500 0.017000 0.017500 0.018000 0.018500 0.019000 0.019500 0.020000 0.020500 0.021000 0.021500 0.022000 0.022500 0.023000 0.023500 0.024000 0.024500 0.025000 0.025500 0.026000 0.026500 0.027000 0.027500 0.028000 0.028500 0.029000 0.029500 



DATA
34149.749881

34348.902230

34459.262554

34604.742900

34759.397575

34910.907701

35085.447948

35290.219560

35552.331448

35848.163525

36152.765684

36374.549520

36440.147591

36255.433245

35798.870276

35098.120759

34250.253001

33411.444966

32707.681209

32316.284504

32254.982148

32660.053192

33328.789395

34393.335322

35301.463364

36455.181692

36291.845652

37433.469617

35304.995658

35252.814507

35252.814507

35304.995658

37433.469617

36291.845652

36455.181692

35301.463364

34393.335322

33328.789395

32660.053192

32254.982148

32316.284504

32707.681209

33411.444965

34250.253001

35098.120759

35798.870276

36255.433245

36440.147591

36374.549520

36152.765684

35848.163525

35552.331448

35290.219560

35085.447948

34910.907701

34759.397575

34604.742900

34459.262554

34348.902230

34149.749881

34388.115279

34596.423502

34475.467066

34500.455859

34587.990249

34704.834198

34849.930532

35007.962784

35150.324236

35259.170133

35293.304047

35247.244169

35089.879116

34846.000510

34515.862586

34159.487691

33809.557483

33531.794430

33360.716745

33319.797609

33442.828065

33706.094025

34222.655567

34915.180960

35997.859579

36779.922097

37202.087660

35429.029187

31359.815101

35821.676704

35821.676704

31359.815101

35429.029187

37202.087660

36779.922097

35997.859579

34915.180960

34222.655567

33706.094025

33442.828065

33319.797609

33360.716745

33531.794430

33809.557483

34159.487691

34515.862586

34846.000510

35089.879116

35247.244169

35293.304047

35259.170133

35150.324236

35007.962784

34849.930532

34704.834198

34587.990249

34500.455859

34475.467066

34596.423502

34388.115279

34405.073491

34647.045355

34611.637567

34480.633761

34457.346488

34519.036653

34615.742227

34702.853109

34730.069952

34652.869535

34471.829170

34194.450770

33889.258816

33601.276355

33416.678716

33357.575519

33460.108344

33678.129219

33977.889543

34279.940445

34558.207083

34817.444021

35128.043983

35588.934821

36214.398405

36847.437780

37281.616919

35786.896573

35572.671419

33078.620888

33078.620888

35572.671419

35786.896573

37281.616919

36847.437780

36214.398404

35588.934821

35128.043983

34817.444021

34558.207083

34279.940445

33977.889543

33678.129219

33460.108344

33357.575519

33416.678716

33601.276355

33889.258816

34194.450770

34471.829170

34652.869535

34730.069952

34702.853109

34615.742227

34519.036653

34457.346488

34480.633761

34611.637567

34647.045355

34405.073491

34404.734956

34614.351913

34706.407479

34577.965765

34447.721959

34396.667026

34394.135784

34371.470764

34263.692603

34041.173869

33699.503193

33307.522192

32930.540001

32686.344400

32628.769614

32823.416958

33225.157338

33788.151498

34369.554869

34892.256722

35256.109942

35512.458729

35666.829514

35881.817426

36063.694390

36467.848593

36491.083627

37710.069894

35754.231824

31098.279585

31098.279585

35754.231824

37710.069894

36491.083627

36467.848593

36063.694390

35881.817426

35666.829514

35512.458729

35256.109942

34892.256722

34369.554869

33788.151498

33225.157338

32823.416958

32628.769614

32686.344400

32930.540001

33307.522192

33699.503193

34041.173869

34263.692603

34371.470764

34394.135784

34396.667026

34447.721959

34577.965765

34706.407479

34614.351913

34404.734956

34368.419287

34527.183600

34679.790068

34621.777994

34466.624507

34317.613164

34189.402426

34033.792009

33807.644031

33477.752220

33081.856912

32663.377553

32337.430849

32167.994325

32251.876067

32575.884339

33130.350549

33782.483260

34443.077669

34962.705504

35334.544899

35515.087890

35638.401371

35657.759300

35764.149045

35723.827532

35947.670631

36105.898112

35471.714952

31907.575707

31907.575707

35471.714952

36105.898112

35947.670631

35723.827532

35764.149045

35657.759300

35638.401371

35515.087892

35334.544899

34962.705504

34443.077669

33782.483260

33130.350549

32575.884339

32251.876067

32167.994325

32337.430849

32663.377553

33081.856912

33477.752220

33807.644031

34033.792009

34189.402426

34317.613164

34466.624507

34621.777994

34679.790068

34527.183600

34368.419287

34306.661419

34401.765643

34541.375871

34545.740460

34403.722672

34206.185382

33978.654623

33728.627680

33426.765951

33090.752902

32726.682000

32418.541441

32206.191049

32187.939890

32364.230468

32761.616585

33284.285336

33872.558516

34386.619094

34793.005483

35032.838043

35192.896045

35280.639355

35410.154486

35487.967730

35494.559884

35285.859897

34669.338726

34651.967983

33279.995905

33279.995905

34651.967983

34669.338726

35285.859897

35494.559884

35487.967730

35410.154486

35280.639355

35192.896045

35032.838043

34793.005483

34386.619094

33872.558516

33284.285336

32761.616585

32364.230468

32187.939890

32206.191049

32418.541441

32726.682000

33090.752902

33426.765951

33728.627680

33978.654623

34206.185382

34403.722672

34545.740460

34541.375871

34401.765643

34306.661419

34234.388185

34233.184280

34340.196434

34347.029195

34227.334775

34001.855436

33735.944064

33441.110607

33158.493286

32883.288565

32671.836739

32525.623538

32517.244841

32631.624532

32906.620962

33270.179595

33697.873085

34082.420123

34398.951293

34593.631054

34726.781720

34833.012755

35006.738969

35247.185651

35492.430112

35566.315823

35277.016859

34632.860130

35542.964240

34074.357829

34074.357829

35542.964240

34632.860130

35277.016859

35566.315823

35492.430112

35247.185651

35006.738969

34833.012755

34726.781720

34593.631054

34398.951293

34082.420123

33697.873085

33270.179595

32906.620962

32631.624532

32517.244841

32525.623538

32671.836739

32883.288565

33158.493286

33441.110607

33735.944064

34001.855436

34227.334775

34347.029195

34340.196434

34233.184280

34234.388185

34125.442830

34040.602190

34083.018496

34082.452761

33949.478428

33730.357241

33455.923381

33200.812292

32981.472385

32857.931601

32812.600376

32888.425423

33038.619630

33286.394933

33558.962688

33853.137473

34091.049641

34273.601840

34363.362938

34412.603556

34451.106668

34566.401795

34791.693457

35122.308794

35491.412866

35747.568891

35655.159862

35628.388476

35313.816652

33154.918063

33154.918063

35313.816652

35628.388476

35655.159862

35747.568891

35491.412866

35122.308794

34791.693457

34566.401795

34451.106668

34412.603556

34363.362938

34273.601840

34091.049641

33853.137473

33558.962688

33286.394933

33038.619630

32888.425423

32812.600376

32857.931601

32981.472385

33200.812292

33455.923381

33730.357241

33949.478428

34082.452761

34083.018496

34040.602190

34125.442830

33974.525216

33807.920713

33808.433171

33775.763711

33650.550730

33438.282317

33222.714123

33035.608358

32953.623432

32969.496820

33118.314020

33331.115633

33606.102356

33850.928747

34063.878578

34181.206666

34233.124174

34208.278895

34173.132552

34145.320896

34196.137627

34323.944885

34547.463539

34859.803704

35266.479876

35749.109255

36153.710195

36136.805127

35088.820804

33022.091763

33022.091763

35088.820804

36136.805127

36153.710195

35749.109255

35266.479876

34859.803704

34547.463539

34323.944885

34196.137627

34145.320896

34173.132552

34208.278895

34233.124174

34181.206666

34063.878578

33850.928747

33606.102356

33331.115632

33118.314020

32969.496820

32953.623432

33035.608358

33222.714123

33438.282317

33650.550730

33775.763711

33808.433171

33807.920713

33974.525216

33752.601180

33545.492397

33513.037866

33489.872534

33374.509327

33228.128651

33089.126689

33038.060038

33078.343621

33254.449742

33499.183789

33797.485629

34035.544439

34199.480623

34220.648172

34148.928875

33997.373553

33867.437301

33787.827970

33832.740704

33941.749288

34102.745802

34226.154027

34380.140999

34732.788142

35426.395249

36363.714099

36681.932215

35718.917693

32754.653548

32754.653548

35718.917693

36681.932215

36363.714099

35426.395249

34732.788142

34380.140999

34226.154027

34102.745802

33941.749288

33832.740704

33787.827970

33867.437301

33997.373553

34148.928875

34220.648172

34199.480623

34035.544439

33797.485629

33499.183789

33254.449742

33078.343621

33038.060038

33089.126689

33228.128651

33374.509327

33489.872534

33513.037866

33545.492397

33752.601180

33455.772162

33237.422543

33232.707769

33238.837113

33199.924692

33136.764169

33139.754286

33213.161388

33402.739399

33651.725837

33950.144117

34176.291111

34304.949508

34250.029717

34066.678000

33776.339034

33517.674099

33349.630428

33386.530566

33550.887922

33810.084058

33920.725981

33877.190067

33741.076799

33898.283084

34775.560591

36325.831322

37601.211673

36449.194727

31680.841126

31680.841126

36449.194727

37601.211673

36325.831322

34775.560591

33898.283084

33741.076799

33877.190067

33920.725981

33810.084058

33550.887922

33386.530566

33349.630428

33517.674099

33776.339034

34066.678000

34250.029717

34304.949508

34176.291111

33950.144117

33651.725837

33402.739399

33213.161388

33139.754286

33136.764169

33199.924692

33238.837113

33232.707769

33237.422543

33455.772162

33071.317798

32906.676331

32963.578919

33075.286061

33136.479667

33225.425789

33363.274959

33594.243987

33859.658769

34156.998541

34370.608857

34476.367725

34370.811645

34104.669968

33687.119905

33280.901454

32970.789630

32928.031107

33111.311338

33524.068760

33825.142999

33906.393759

33542.512178

33083.911199

33008.748907

33984.138588

36259.904259

38505.115586

37149.379433

30610.322801

30610.322801

37149.379433

38505.115586

36259.904259

33984.138588

33008.748907

33083.911199

33542.512178

33906.393759

33825.142999

33524.068760

33111.311338

32928.031107

32970.789630

33280.901454

33687.119905

34104.669968

34370.811645

34476.367725

34370.608857

34156.998541

33859.658769

33594.243987

33363.274959

33225.425789

33136.479667

33075.286061

32963.578919

32906.676331

33071.317798

32614.633962

32549.614066

32744.453290

32989.271672

33225.034380

33465.433653

33779.247943

34105.876416

34436.337562

34659.271055

34762.879954

34638.847472

34335.302180

33835.065808

33305.480528

32833.288199

32636.721217

32732.780890

33198.950792

33710.154893

34125.454637

33951.184791

33371.729177

32580.072719

32382.106224

33476.593393

36148.142181

38983.026662

37979.590612

30129.558724

30129.558724

37979.590612

38983.026662

36148.142181

33476.593393

32382.106224

32580.072719

33371.729177

33951.184791

34125.454637

33710.154893

33198.950792

32732.780890

32636.721217

32833.288199

33305.480528

33835.065808

34335.302180

34638.847472

34762.879954

34659.271055

34436.337562

34105.876416

33779.247943

33465.433653

33225.034380

32989.271672

32744.453290

32549.614066

32614.633962

32104.247682

32203.111902

32560.372658

33009.924374

33422.867967

33865.445957

34306.301504

34731.379464

35015.903157

35152.910727

35042.924236

34745.540765

34222.208231

33634.101735

33041.023556

32678.813260

32603.245991

32962.259280

33533.649111

34224.988675

34442.989018

34204.573062

33305.732455

32452.420249

32218.601561

33405.489571

36104.487793

38916.681014

38089.938484

30279.589758

30279.589758

38089.938484

38916.681014

36104.487793

33405.489571

32218.601561

32452.420249

33305.732455

34204.573062

34442.989018

34224.988675

33533.649111

32962.259280

32603.245991

32678.813260

33041.023556

33634.101735

34222.208231

34745.540765

35042.924236

35152.910727

35015.903157

34731.379464

34306.301504

33865.445957

33422.867967

33009.924374

32560.372658

32203.111902

32104.247682

31582.684081

31866.886580

32440.103511

33089.981945

33732.821165

34338.635537

34924.120285

35351.446224

35589.319522

35538.506035

35279.428670

34775.934635

34193.020216

33555.308230

33093.988521

32858.592857

33027.846208

33489.223298

34226.409673

34753.726065

34999.206762

34445.127531

33564.680935

32579.068961

32373.328402

33547.108298

36224.991203

38547.012877

37803.526486

31103.709232

31103.709232

37803.526486

38547.012877

36224.991203

33547.108298

32373.328402

32579.068961

33564.680935

34445.127531

34999.206762

34753.726065

34226.409673

33489.223298

33027.846208

32858.592857

33093.988521

33555.308230

34193.020216

34775.934635

35279.428670

35538.506035

35589.319522

35351.446224

34924.120285

34338.635537

33732.821165

33089.981945

32440.103511

31866.886580

31582.684081

31090.814854

31579.402954

32348.363185

33236.850412

34069.335107

34863.121195

35510.577345

35949.898784

36045.949980

35875.435582

35422.775907

34875.565864

34243.787929

33760.313614

33442.205430

33468.553466

33775.369400

34381.388055

35001.225753

35557.199113

35500.858173

35012.485470

33849.858121

32802.244317

32480.808595

33563.803674

36040.623621

38626.749172

37450.091013

31735.615387

31735.615387

37450.091013

38626.749172

36040.623621

33563.803674

32480.808595

32802.244317

33849.858121

35012.485470

35500.858173

35557.199113

35001.225753

34381.388055

33775.369400

33468.553466

33442.205430

33760.313614

34243.787929

34875.565864

35422.775907

35875.435582

36045.949980

35949.898784

35510.577345

34863.121195

34069.335107

33236.850412

32348.363185

31579.402954

31090.814854

30677.252899

31333.808435

32306.961062

33380.822047

34420.185615

35321.445030

36042.110532

36404.727217

36426.552131

36090.557340

35606.349954

34999.469711

34520.008092

34162.754639

34120.900539

34323.439012

34790.106378

35378.410184

35998.990996

36318.183057

36293.866172

35431.154895

34208.112062

32891.746790

32372.138264

33411.835942

35875.690613

38120.254654

38157.717445

32180.898736

32180.898736

38157.717445

38120.254654

35875.690613

33411.835942

32372.138264

32891.746790

34208.112062

35431.154895

36293.866172

36318.183057

35998.990996

35378.410184

34790.106378

34323.439012

34120.900539

34162.754639

34520.008092

34999.469711

35606.349954

36090.557340

36426.552131

36404.727217

36042.110532

35321.445030

34420.185615

33380.822047

32306.961062

31333.808435

30677.252899

30373.564723

31165.556769

32275.365788

33532.199251

34689.499199

35697.242941

36396.550053

36735.404320

36637.627127

36292.415562

35754.628693

35289.348558

34890.281662

34786.246725

34891.295200

35260.412775

35795.398297

36380.621724

36922.410742

37205.672872

36810.827799

35779.274354

34138.226279

32842.961737

32597.496054

33365.037253

35260.755647

38218.498046

38084.731217

31994.637574

31994.637575

38084.731217

38218.498046

35260.755647

33365.037253

32597.496054

32842.961736

34138.226279

35779.274354

36810.827799

37205.672872

36922.410742

36380.621724

35795.398297

35260.412775

34891.295200

34786.246725

34890.281662

35289.348558

35754.628693

36292.415562

36637.627127

36735.404320

36396.550053

35697.242941

34689.499199

33532.199251

32275.365788

31165.556769

30373.564723

30205.409216

31064.639586

32286.285132

33629.945735

34886.949740

35890.613808

36590.689804

36845.783475

36759.336472

36388.466765

35996.441826

35589.672076

35408.744562

35364.023850

35596.467803

36005.544119

36522.295079

37174.986692

37641.348718

37773.969111

37101.669615

35489.679441

33611.513064

32516.153274

32721.042189

34342.979228

35395.605036

35553.726592

39559.165155

32131.914660

32131.914660

39559.165155

35553.726592

35395.605036

34342.979228

32721.042189

32516.153274

33611.513064

35489.679441

37101.669615

37773.969111

37641.348718

37174.986692

36522.295079

36005.544119

35596.467803

35364.023850

35408.744562

35589.672076

35996.441826

36388.466765

36759.336472

36845.783475

36590.689804

35890.613808

34886.949740

33629.945735

32286.285132

31064.639586

30205.409216

30178.849080

31065.849917

32311.743314

33713.062828

34949.444489

35939.905698

36552.576046

36808.703614

36710.072288

36489.379010

36179.447698

35984.755838

35802.994245

35833.947466

35978.126501

36320.227440

36898.437539

37426.686991

37998.101740

37819.593650

36821.684874

34810.990610

32874.138766

31788.261863

32703.966308

34048.674007

36429.862423

37389.546585

34768.346514

31323.151129

31323.151129

34768.346514

37389.546585

36429.862423

34048.674007

32703.966308

31788.261863

32874.138766

34810.990610

36821.684874

37819.593650

37998.101740

37426.686991

36898.437539

36320.227440

35978.126501

35833.947466

35802.994245

35984.755838

36179.447698

36489.379010

36710.072288

36808.703614

36552.576046

35939.905698

34949.444489

33713.062828

32311.743314

31065.849917

30178.849080

30294.978789

31157.989291

32400.923744

33749.806924

34941.361473

35808.954634

36372.803128

36581.055135

36598.697466

36483.379041

36400.851504

36227.080875

36108.791197

35937.328341

35968.145639

36229.752991

36642.702441

37350.899356

37549.651160

37403.805526

35945.236873

34182.864001

32522.584584

32697.221916

33029.673158

34322.791812

32232.246080

36632.473444

47337.554968

27322.747889

27322.747889

47337.554968

36632.473444

32232.246080

34322.791812

33029.673158

32697.221916

32522.584584

34182.864001

35945.236873

37403.805526

37549.651160

37350.899356

36642.702441

36229.752991

35968.145639

35937.328341

36108.791197

36227.080875

36400.851504

36483.379041

36598.697466

36581.055135

36372.803128

35808.954634

34941.361473

33749.806924

32400.923744

31157.989291

30294.978789

30548.904986

31370.658341

32534.943168

33811.313097

34848.422199

35606.575647

36048.130737

36288.874217

36377.370156

36476.474241

36480.217684

36403.470296

36071.805001

35776.558845

35570.917971

35684.056578

36193.520788

36531.229135

36936.315133

36148.818983

35140.304760

33709.991760

33968.038222

35836.097794

39525.648378

38782.214024

37382.341752

30176.911667

47444.655597

32469.107845

32469.107845

47444.655597

30176.911667

37382.341752

38782.214024

39525.648378

35836.097794

33968.038222

33709.991760

35140.304760

36148.818983

36936.315133

36531.229135

36193.520788

35684.056578

35570.917971

35776.558845

36071.805001

36403.470296

36480.217684

36476.474241

36377.370156

36288.874217

36048.130737

35606.575647

34848.422199

33811.313097

32534.943168

31370.658341

30548.904986

30935.930771

31687.053242

32765.029908

33881.440451

34774.103662

35342.259573

35716.318149

35934.314303

36165.373006

36376.569519

36513.282188

36305.895174

35876.722371

35275.361819

34976.316825

35058.879835

35356.711062

35926.396005

35634.346159

35310.929120

34143.346423

34297.267064

36521.163361

42046.001815

49142.285011

51663.125708

51831.560683

53255.734621

151412.894757

82234.385669

82234.385669

151412.894757

53255.734621

51831.560683

51663.125709

49142.285011

42046.001815

36521.163361

34297.267064

34143.346423

35310.929120

35634.346159

35926.396005

35356.711062

35058.879835

34976.316825

35275.361819

35876.722371

36305.895174

36513.282188

36376.569519

36165.373006

35934.314303

35716.318149

35342.259573

34774.103662

33881.440451

32765.029908

31687.053242

30935.930771

31459.303803

32128.366375

33063.266648

34033.516218

34709.425860

35138.735527

35388.204372

35641.608178

35935.039277

36272.349786

36371.904375

36106.502237

35406.002492

34755.765307

34342.364409

34442.632395

34933.409102

35054.010147

35194.478289

34245.726227

34208.610081

35215.825587

39162.589016

47110.386478

53621.688695

54797.814799

55235.574702

79332.642719

352311.755597

76734.336574

76734.336574

352311.755599

79332.642720

55235.574702

54797.814799

53621.688695

47110.386478

39162.589016

35215.825587

34208.610081

34245.726226

35194.478289

35054.010147

34933.409102

34442.632395

34342.364409

34755.765307

35406.002492

36106.502237

36371.904375

36272.349786

35935.039277

35641.608178

35388.204372

35138.735527

34709.425860

34033.516218

33063.266648

32128.366375

31459.303803

32118.995272

32671.869886

33467.318034

34230.179204

34739.384307

34978.960964

35170.275377

35396.237715

35764.433672

36101.908768

36168.389182

35711.450635

34972.191260

34200.586049

33966.670176

34214.610001

34677.827201

35151.897863

34611.060172

34477.411014

34113.717751

35951.630527

40766.737771

47806.806189

55828.207171

60741.108433

71395.214087

163905.621092

210768.198207

69996.325451

69996.325451

210768.198207

163905.621092

71395.214087

60741.108434

55828.207171

47806.806189

40766.737771

35951.630527

34113.717751

34477.411014

34611.060172

35151.897863

34677.827201

34214.610001

33966.670176

34200.586049

34972.191260

35711.450635

36168.389182

36101.908768

35764.433672

35396.237714

35170.275377

34978.960964

34739.384307

34230.179204

33467.318034

32671.869886

32118.995272

32926.838442

33332.585743

33930.264118

34517.758256

34810.419096

34934.764587

35021.049038

35258.827455

35610.331204

35920.420873

35851.843706

35330.571025

34504.919282

33956.652498

33859.603899

34416.699536

35134.642950

35272.672828

35156.886238

33987.101300

34200.658437

35369.256322

40169.674282

51446.639335

65245.327022

79594.102540

119249.861262

182822.776550

158575.607341

66743.650280

66743.650280

158575.607342

182822.776550

119249.861262

79594.102541

65245.327022

51446.639335

40169.674282

35369.256322

34200.658437

33987.101300

35156.886238

35272.672828

35134.642950

34416.699536

33859.603899

33956.652498

34504.919282

35330.571025

35851.843706

35920.420873

35610.331204

35258.827455

35021.049038

34934.764587

34810.419096

34517.758256

33930.264118

33332.585743

32926.838442

33878.504187

34081.349401

34475.339208

34825.922079

34963.288118

34930.940759

34979.155481

35166.228400

35492.417793

35690.284457

35518.938945

34921.029468

34264.705850

33877.670327

34223.560724

34983.879287

35770.829807

35921.596380

34797.006668

33749.732987

32313.705257

34150.831021

41090.050915

58770.702448

85648.678272

113782.084097

157007.836730

164543.031705

114583.452769

64281.805282

64281.805282

114583.452769

164543.031705

157007.836731

113782.084097

85648.678273

58770.702448

41090.050915

34150.831021

32313.705257

33749.732987

34797.006668

35921.596380

35770.829807

34983.879287

34223.560724

33877.670327

34264.705850

34921.029468

35518.938945

35690.284457

35492.417793

35166.228400

34979.155481

34930.940759

34963.288118

34825.922079

34475.339208

34081.349401

33878.504187

34975.429109

34925.381607

35042.342300

35180.843912

35109.566931

34992.367031

34956.750358

35123.383891

35353.850240

35435.885175

35155.913774

34619.686065

34128.524976

34163.354098

34737.651857

35786.305884

36367.613504

35884.114884

34231.039981

31630.074617

30837.043053

32585.548403

44532.341105

71787.678847

106090.678103

144341.729930

163535.958052

120188.390764

104535.269659

68473.151249

68473.151249

104535.269659

120188.390764

163535.958052

144341.729930

106090.678103

71787.678847

44532.341105

32585.548403

30837.043053

31630.074617

34231.039979

35884.114884

36367.613504

35786.305883

34737.651857

34163.354098

34128.524976

34619.686065

35155.913774

35435.885175

35353.850240

35123.383891

34956.750358

34992.367031

35109.566931

35180.843912

35042.342300

34925.381607

34975.429109

36187.762206

35822.643754

35649.540529

35504.864133

35275.910952

35027.164945

34962.742008

35052.105301

35193.223536

35137.559502

34815.331025

34381.655191

34214.768427

34535.629242

35460.264874

36332.605741

36574.475053

35187.889935

32497.295240

29921.653027

28945.587740

34225.339455

48396.643626

82279.611209

121108.909154

156673.373346

149650.218470

106700.931072

89448.973046

70196.252729

70196.252729

89448.973046

106700.931072

149650.218470

156673.373346

121108.909154

82279.611209

48396.643626

34225.339455

28945.587740

29921.653027

32497.295240

35187.889935

36574.475053

36332.605741

35460.264874

34535.629242

34214.768427

34381.655191

34815.331025

35137.559502

35193.223536

35052.105301

34962.742008

35027.164945

35275.910951

35504.864133

35649.540529

35822.643754

36187.762206

37481.384057

36766.331749

36235.416434

35830.835630

35387.398324

35062.947638

34919.146178

34958.077992

34969.506031

34817.154705

34493.037561

34258.091884

34385.383953

35059.271537

35981.140937

36686.071911

36058.006887

33956.756159

30762.274417

28537.405024

29903.502332

36092.725975

55002.348748

80419.033657

125548.008862

158328.774818

148262.878930

99411.238470

94897.757703

74101.156066

74101.156066

94897.757704

99411.238470

148262.878931

158328.774822

125548.008863

80419.033657

55002.348748

36092.725975

29903.502332

28537.405024

30762.274417

33956.756159

36058.006887

36686.071911

35981.140937

35059.271536

34385.383953

34258.091884

34493.037561

34817.154705

34969.506031

34958.077992

34919.146178

35062.947638

35387.398324

35830.835630

36235.416434

36766.331749

37481.384057

38787.342277

37695.299788

36821.260663

36102.422167

35492.071805

35042.119403

34856.257574

34792.917719

34707.781028

34468.306256

34220.743505

34203.854671

34658.807660

35500.819662

36391.186691

36489.307783

35274.718251

32477.438305

29786.430223

29136.667312

32165.884864

41730.423300

54063.276583

78339.780264

105065.184113

166937.090599

150654.599650

100121.220346

82706.459917

83217.713325

83217.713325

82706.459917

100121.220347

150654.599650

166937.090599

105065.184113

78339.780264

54063.276583

41730.423300

32165.884864

29136.667312

29786.430223

32477.438305

35274.718251

36489.307783

36391.186691

35500.819662

34658.807660

34203.854671

34220.743505

34468.306256

34707.781028

34792.917719

34856.257574

35042.119403

35492.071805

36102.422167

36821.260663

37695.299788

38787.342277

40030.347732

38588.142966

37351.109690

36370.460211

35553.527862

35021.070995

34738.310828

34599.086291

34391.735962

34134.254274

33978.959792

34225.760229

34921.753075

35865.011317

36445.948362

36036.005353

34139.225828

31610.861150

30087.247585

31532.663788

37188.023100

44834.830969

56621.989703

63046.292989

99905.539816

138856.311618

160502.336394

97679.813536

81029.109381

97309.624868

97309.624868

81029.109381

97679.813536

160502.336394

138856.311618

99905.539816

63046.292989

56621.989703

44834.830969

37188.023100

31532.663788

30087.247585

31610.861150

34139.225828

36036.005353

36445.948362

35865.011317

34921.753074

34225.760229

33978.959792

34134.254274

34391.735962

34599.086291

34738.310828

35021.070995

35553.527862

36370.460211

37351.109690

38588.142966

40030.347732

41123.189577

39371.181163

37849.440342

36601.058181

35638.984828

34981.053508

34626.078494

34362.104861

34081.592182

33797.068432

33799.685231

34252.581597

35150.357996

36017.182276

36225.029537

35215.845058

33195.175139

31436.895547

31854.452837

35786.250643

41856.446936

49134.700254

52848.887683

59847.353016

70018.250113

144497.482805

147445.098804

105237.656476

76241.844526

105818.401081

105818.401081

76241.844526

105237.656476

147445.098804

144497.482808

70018.250113

59847.353016

52848.887683

49134.700253

41856.446936

35786.250643

31854.452837

31436.895547

33195.175139

35215.845057

36225.029537

36017.182276

35150.357996

34252.581597

33799.685231

33797.068432

34081.592182

34362.104861

34626.078494

34981.053508

35638.984828

36601.058181

37849.440342

39371.181163

41123.189577

41983.234220

40024.377956

38265.315798

36847.441765

35731.668266

34990.103797

34512.596405

34152.015380

33765.983222

33518.084285

33623.571189

34294.105531

35252.232941

35962.727856

35713.400573

34288.181018

32525.770378

32081.753864

34800.620098

39899.139763

46085.499380

50272.324993

51346.582503

52236.185467

64317.547143

89730.924986

168436.817607

104421.604005

80133.496043

102651.551562

102651.551562

80133.496043

104421.604005

168436.817610

89730.924986

64317.547143

52236.185467

51346.582502

50272.324993

46085.499380

39899.139761

34800.620098

32081.753864

32525.770378

34288.181018

35713.400573

35962.727856

35252.232941

34294.105531

33623.571189

33518.084285

33765.983222

34152.015380

34512.596405

34990.103797

35731.668266

36847.441765

38265.315798

40024.377956

41983.234220

42558.059899

40485.157175

38622.590377

37076.517393

35888.029955

35038.138536

34465.663046

33966.333824

33520.174989

33257.716010

33501.742964

34261.754255

35256.616922

35710.938738

35049.426748

33470.842129

32232.224188

33449.467002

37363.771744

43053.140683

47303.840444

49479.019517

49202.591367

47030.148809

55672.880783

71278.357842

107867.694678

155827.492024

79510.019864

94601.599403

94601.599403

79510.019864

155827.492024

107867.694677

71278.357842

55672.880783

47030.148809

49202.591367

49479.019517

47303.840444

43053.140683

37363.771744

33449.467002

32232.224191

33470.842129

35049.426748

35710.938738

35256.616922

34261.754255

33501.742964

33257.716010

33520.174989

33966.333824

34465.663046

35038.138536

35888.029955

37076.517393

38622.590377

40485.157175

42558.059899

42807.050234

40758.619856

38874.457744

37321.944599

36078.960838

35175.668910

34479.182600

33875.777485

33328.548443

33086.617134

33364.593004

34218.535082

35126.330957

35376.998425

34447.999233

32880.590872

32469.020584

34602.334568

39180.175743

42899.870935

46180.710307

47057.626505

45018.318989

45468.389172

46538.809681

62901.858286

65926.361261

127981.490665

127681.421885

71162.203676

71162.203676

127681.421887

127981.490662

65926.361263

62901.858286

46538.809681

45468.389171

45018.318988

47057.626504

46180.710306

42899.870935

39180.175743

34602.334568

32469.020584

32880.590872

34447.999233

35376.998425

35126.330957

34218.535082

33364.593004

33086.617134

33328.548443

33875.777485

34479.182600

35175.668910

36078.960838

37321.944599

38874.457744

40758.619856

42807.050234

42748.866391

40814.296793

39042.561480

37536.948263

36329.695778

35375.481551

34602.946740

33872.701376

33258.100139

32969.004467

33283.118124

34108.436744

34966.870785

35044.894704

34028.219622

32720.439141

32818.163983

35520.176576

38673.181454

41147.170504

42128.447951

43545.824865

43040.962207

42398.872338

48362.718976

47954.429139

58247.082272

51105.274314

150783.446261

103259.816279

103259.816281

150783.446262

51105.274316

58247.082271

47954.429139

48362.718975

42398.872337

43040.962209

43545.824865

42128.447951

41147.170503

38673.181454

35520.176576

32818.163983

32720.439141

34028.219621

35044.894704

34966.870785

34108.436744

33283.118124

32969.004467

33258.100140

33872.701376

34602.946740

35375.481551

36329.695778

37536.948263

39042.561480

40814.296793

42748.866390

42400.515861

40687.963644

39088.385679

37732.621170

36590.506467

35658.306756

34813.832991

34004.207757

33292.587655

32961.805420

33224.293875

34009.993292

34777.434926

34814.198140

33871.779858

32837.075467

33283.740105

35436.390441

37407.772665

37375.009883

38169.423907

39297.881486

42253.450408

45095.844157

48906.287201

51892.303112

32858.839047

48680.053983

39603.806137

159154.279095

159154.279106

39603.806136

48680.053983

32858.839047

51892.303109

48906.287201

45095.844157

42253.450408

39297.881486

38169.423907

37375.009883

37407.772665

35436.390442

33283.740105

32837.075467

33871.779858

34814.198143

34777.434926

34009.993292

33224.293875

32961.805420

33292.587655

34004.207757

34813.832991

35658.306756

36590.506467

37732.621170

39088.385679

40687.963643

42400.515861

41835.150949

40380.431309

39033.411630

37859.194904

36862.539775

35978.089663

35131.167354

34246.847546

33465.294758

33049.664929

33229.610764

33924.388408

34614.969114

34683.165549

33937.020045

33143.673894

33569.505378

35006.716244

35349.128694

34504.453106

33882.896810

36794.784354

41512.075588

50882.500199

55675.541758

43552.955193

37117.727972

29159.461858

41260.349086

34291.230176

34291.230173

41260.349085

29159.461857

37117.727972

43552.955193

55675.541757

50882.500199

41512.075590

36794.784354

33882.896809

34504.453106

35349.128694

35006.716244

33569.505378

33143.673894

33937.020045

34683.165549

34614.969114

33924.388408

33229.610764

33049.664929

33465.294758

34246.847546

35131.167354

35978.089663

36862.539775

37859.194904

39033.411630

40380.431309

41835.150949

41100.816195

39941.886531

38856.417921

37920.888936

37094.530722

36332.682415

35512.011912

34608.684674

33752.228886

33240.438485

33308.624110

33859.825647

34504.037245

34629.435706

34115.039561

33540.765949

33717.988528

34390.155995

33943.248223

32244.496584

31830.431652

34310.800456

43001.370676

51180.034746

54026.380340

39082.399773

30333.294424

43761.816001

13463.435313

58612.639265

58612.639265

13463.435313

43761.815998

30333.294424

39082.399773

54026.380340

51180.034746

43001.370676

34310.800456

31830.431652

32244.496584

33943.248224

34390.155995

33717.988528

33540.765949

34115.039561

34629.435706

34504.037245

33859.825647

33308.624110

33240.438485

33752.228886

34608.684674

35512.011912

36332.682415

37094.530720

37920.888936

38856.417921

39941.886531

41100.816195

40279.738081

39391.550464

38582.501179

37887.573315

37281.891682

36672.718182

35945.180268

35045.087327

34136.704260

33522.838792

33432.153887

33864.140097

34398.990260

34644.428987

34344.978449

33908.804212

33876.665269

33982.759125

33115.662787

31571.063470

30810.376677

34026.229848

41737.516036

50373.754687

39197.405893

28496.061247

20382.883658

35749.429693

20487.778086

142985.518324

142985.518319

20487.778089

35749.429693

20382.883658

28496.061247

39197.405892

50373.754687

41737.516036

34026.229848

30810.376677

31571.063470

33115.662787

33982.759125

33876.665269

33908.804212

34344.978449

34644.428987

34398.990260

33864.140097

33432.153887

33522.838792

34136.704260

35045.087327

35945.180268

36672.718182

37281.891682

37887.573315

38582.501179

39391.550464

40279.738081

39417.645930

38777.243565

38214.975001

37769.406687

37392.968009

36982.403759

36377.658650

35524.105411

34577.590215

33848.032909

33619.465073

33866.088808

34366.753559

34649.993998

34592.878398

34271.716744

34089.559680

33808.392009

33053.237278

31515.374290

31321.129441

33677.021398

41287.536950

43364.969979

35909.217850

20349.757224

25627.857043

28790.334046

29022.013106

34877.954706

34877.954706

29022.013104

28790.334046

25627.857043

20349.757224

35909.217850

43364.969981

41287.536950

33677.021398

31321.129441

31515.374290

33053.237278

33808.392009

34089.559680

34271.716744

34592.878398

34649.993998

34366.753559

33866.088808

33619.465073

33848.032909

34577.590215

35524.105411

36377.658650

36982.403759

37392.968009

37769.406687

38214.975001

38777.243565

39417.645930

38574.852083

38127.006270

37782.551479

37565.672787

37423.225453

37223.778248

36773.160470

35990.623904

35019.114148

34196.033451

33793.269188

33916.834192

34308.518910

34706.739599

34791.945384

34659.407048

34319.867526

33989.303512

33020.638994

32213.461225

31503.039026

34076.183336

38204.605449

41483.294743

32425.286970

30626.018425

26940.920340

35967.975114

31435.133844

24504.891454

24504.891453

31435.133844

35967.975114

26940.920340

30626.018425

32425.286970

41483.294743

38204.605449

34076.183336

31503.039026

32213.461225

33020.638994

33989.303512

34319.867526

34659.407048

34791.945384

34706.739599

34308.518910

33916.834192

33793.269188

34196.033451

35019.114148

35990.623904

36773.160470

37223.778248

37423.225453

37565.672787

37782.551479

38127.006270

38574.852083

37780.053353

37478.823639

37309.431016

37289.718391

37364.993963

37369.300125

37086.943556

36388.568829

35422.836529

34498.509496

33969.223598

33923.506228

34284.157438

34706.571238

35009.780574

34962.171839

34732.228938

34079.416912

33469.415372

32201.465225

32209.688703

32675.300607

36312.596233

36693.082661

36995.517529

37939.431881

34185.939613

32217.195283

21488.338611

29593.859398

29593.859398

21488.338611

32217.195283

34185.939613

37939.431881

36995.517529

36693.082661

36312.596231

32675.300607

32209.688703

32201.465225

33469.415372

34079.416913

34732.228938

34962.171839

35009.780574

34706.571238

34284.157438

33923.506227

33969.223598

34498.509496

35422.836529

36388.568829

37086.943556

37369.300125

37364.993963

37289.718391

37309.431016

37478.823639

37780.053353

37065.902224

36861.670897

36821.197509

36961.901433

37209.387301

37402.043849

37269.807861

36684.865796

35729.202189

34758.103096

34082.553850

33930.810402

34192.372858

34703.014246

35105.989177

35311.564605

35029.003146

34575.518567

33517.490942

32824.940863

31567.272946

32365.214448

32921.269111

35058.978776

35839.544271

36242.761597

42994.109340

25960.336422

31577.704477

26751.493499

26751.493497

31577.704475

25960.336422

42994.109340

36242.761597

35839.544271

35058.978776

32921.269111

32365.214448

31567.272946

32824.940863

33517.490942

34575.518567

35029.003146

35311.564605

35105.989177

34703.014246

34192.372858

33930.810402

34082.553850

34758.103096

35729.202189

36684.865796

37269.807861

37402.043849

37209.387301

36961.901433

36821.197509

36861.670897

37065.902224

36443.000119

36299.272876

36349.212757

36591.139639

36969.938789

37291.002164

37310.717946

36825.551387

35944.832357

34928.966242

34185.061005

33881.761914

34095.752918

34570.683070

35159.843858

35457.745334

35507.975847

34905.453093

34244.558323

32866.664905

32145.542781

31046.164109

32375.062940

33598.129580

35244.884803

33323.033468

29587.508569

26996.698544

28266.487916

33990.378641

33990.378641

28266.487916

26996.698544

29587.508569

33323.033467

35244.884803

33598.129580

32375.062939

31046.164108

32145.542781

32866.664905

34244.558323

34905.453093

35507.975847

35457.745334

35159.843858

34570.683070

34095.752918

33881.761914

34185.061005

34928.966242

35944.832357

36825.551387

37310.717946

37291.002164

36969.938789

36591.139639

36349.212757

36299.272876

36443.000119

35921.289465

35811.789012

35907.977173

36208.032180

36639.318518

37054.618629

37170.486545

36830.521426

36025.326303

35070.065424

34244.340955

33873.179299

33931.831193

34415.713811

34972.526393

35572.010339

35694.556200

35606.463064

34737.716134

33922.598071

32303.174326

31686.088601

31691.575757

35099.765492

37926.413662

37989.083182

31457.376109

23768.143608

24573.081929

36821.991662

36821.991663

24573.081927

23768.143607

31457.376109

37989.083181

37926.413662

35099.765492

31691.575757

31686.088601

32303.174326

33922.598072

34737.716134

35606.463064

35694.556200

35572.010339

34972.526393

34415.713811

33931.831193

33873.179298

34244.340955

35070.065424

36025.326303

36830.521426

37170.486545

37054.618629

36639.318518

36208.032180

35907.977173

35811.789012

35921.289465

35495.515479

35405.227396

35523.165709

35818.413099

36256.723805

36681.787733

36892.428352

36661.814172

36030.855207

35139.147340

34364.562726

33868.744977

33858.083612

34141.418607

34758.280467

35290.732993

35895.455633

35864.410604

35714.047148

34633.296258

33654.529007

31997.563097

32413.261664

34677.329370

42095.159486

45856.550750

43725.215969

32474.190836

36104.680532

40620.587663

40620.587665

36104.680532

32474.190836

43725.215969

45856.550750

42095.159486

34677.329370

32413.261664

31997.563097

33654.529004

34633.296258

35714.047148

35864.410604

35895.455633

35290.732993

34758.280467

34141.418607

33858.083612

33868.744977

34364.562726

35139.147340

36030.855207

36661.814172

36892.428352

36681.787733

36256.723805

35818.413099

35523.165709

35405.227396

35495.515479

35159.901040

35085.200561

35196.236510

35459.249690

35831.985712

36237.594906

36468.207984

36390.816767

35911.214879

35222.500350

34482.266951

34013.665867

33811.883894

34013.796047

34343.381044

35003.484676

35497.926129

36155.233940

36017.981299

35803.049864

34456.017189

33340.704642

31897.231287

33673.789552

37517.650849

46106.074267

44515.092060

39382.160407

31153.794950

28817.481772

28817.481773

31153.794950

39382.160407

44515.092060

46106.074267

37517.650849

33673.789552

31897.231287

33340.704642

34456.017189

35803.049864

36017.981299

36155.233940

35497.926129

35003.484676

34343.381044

34013.796047

33811.883894

34013.665867

34482.266951

35222.500350

35911.214879

36390.816767

36468.207984

36237.594906

35831.985712

35459.249690

35196.236510

35085.200561

35159.901040

34899.881211

34842.430093

34942.990593

35137.738726

35427.720132

35743.636294

35989.600413

35995.555100

35745.518442

35231.929292

34691.041223

34203.238143

33993.866244

33926.638562

34164.229480

34438.084720

35136.155447

35646.581883

36374.905723

36152.381564

35740.753759

34101.383820

32627.247196

31391.440010

32086.403594

34760.854904

35677.439214

36361.651759

27551.023738

33066.157066

33066.157066

27551.023738

36361.651759

35677.439214

34760.854904

32086.403594

31391.440010

32627.247196

34101.383820

35740.753759

36152.381565

36374.905723

35646.581883

35136.155447

34438.084720

34164.229480

33926.638561

33993.866244

34203.238143

34691.041223

35231.929292

35745.518442

35995.555100

35989.600413

35743.636294

35427.720132

35137.738726

34942.990593

34842.430093

34899.881211

34703.749095

34672.292822

34755.186478

34889.349493

35065.205455

35289.494206

35476.274742

35573.234397

35472.099985

35229.677228

34849.109134

34530.700663

34251.352813

34159.289994

34073.994062

34255.150091

34485.802830

35246.791949

35832.250165

36591.016223

36363.703268

35669.280205

34068.466007

31990.962861

30875.339089

28697.889984

28752.274141

25751.067921

30148.277554

36012.026025

36012.026025

30148.277554

25751.067921

28752.274141

28697.889984

30875.339089

31990.962861

34068.466007

35669.280205

36363.703265

36591.016223

35832.250165

35246.791949

34485.802830

34255.150091

34073.994062

34159.289994

34251.352813

34530.700663

34849.109134

35229.677228

35472.099985

35573.234397

35476.274742

35289.494206

35065.205455

34889.349493

34755.186478

34672.292822

34703.749095

34559.529755

34559.171717

34640.005531

34712.821900

34799.400062

34900.327061

35028.021560

35118.667631

35169.617580

35100.654878

34986.899371

34799.298392

34673.971452

34511.547068

34433.067822

34289.022484

34419.054364

34648.966197

35420.935613

36061.828628

36783.530355

36799.312933

36222.142357

35370.549768

33383.906583

32650.508451

30090.653056

30083.056226

31481.425284

32042.315436

32042.315436

31481.425284

30083.056226

30090.653056

32650.508451

33383.906583

35370.549768

36222.142357

36799.312934

36783.530355

36061.828628

35420.935613

34648.966197

34419.054364

34289.022484

34433.067822

34511.547068

34673.971452

34799.298392

34986.899371

35100.654878

35169.617580

35118.667631

35028.021560

34900.327061

34799.400062

34712.821900

34640.005531

34559.171717

34559.529755

34458.176421

34499.080914

34580.400108

34624.361150

34625.960288

34635.745449

34655.402822

34725.029336

34797.206652

34893.455482

34938.489830

35000.887229

35011.226794

35049.381926

34980.671727

34918.019929

34752.982600

34813.942673

34958.879542

35514.832932

36024.140350

36605.660596

36957.757320

36880.850156

36826.197792

35670.645220

35143.381751

34603.023241

34470.211759

35060.615000

35060.615000

34470.211759

34603.023241

35143.381751

35670.645220

36826.197792

36880.850156

36957.757320

36605.660596

36024.140349

35514.832932

34958.879542

34813.942673

34752.982600

34918.019929

34980.671727

35049.381926

35011.226794

35000.887229

34938.489830

34893.455482

34797.206652

34725.029336

34655.402822

34635.745449

34625.960288

34624.361150

34580.400108

34499.080914

34458.176421

34399.937755

34477.195543

34576.186258

34593.004535

34553.133819

34472.415714

34414.084204

34386.474130

34444.672148

34546.081064

34733.958406

34938.585074

35215.982432

35460.770130

35699.707070

35771.688497

35746.070219

35529.334996

35365.607256

35172.033299

35170.273129

35175.735472

35261.825593

35370.998068

35318.271742

35290.169892

35170.641894

35122.987329

35849.059558

35886.334363

35886.334363

35849.059558

35122.987329

35170.641894

35290.169892

35318.271742

35370.998068

35261.825593

35175.735472

35170.273129

35172.033299

35365.607256

35529.334996

35746.070219

35771.688497

35699.707070

35460.770130

35215.982432

34938.585074

34733.958406

34546.081064

34444.672148

34386.474130

34414.084204

34472.415714

34553.133819

34593.004535

34576.186258

34477.195543

34399.937755

34380.544065

34496.162444

34592.448784

34602.835082

34522.621032

34409.175774

34273.260737

34175.407186

34119.434564

34178.313833

34333.704868

34657.672969

35084.233442

35640.512964

36175.740637

36640.885487

36842.393118

36781.843878

36384.808462

35813.353733

35057.455536

34272.340054

33441.612333

32647.404567

31884.728605

31285.255239

30564.178398

30480.466775

30043.670158

30180.309779

30180.309779

30043.670158

30480.466775

30564.178398

31285.255239

31884.728605

32647.404567

33441.612333

34272.340054

35057.455536

35813.353733

36384.808462

36781.843878

36842.393118

36640.885487

36175.740637

35640.512964

35084.233442

34657.672969

34333.704868

34178.313833

34119.434564

34175.407186

34273.260737

34409.175774

34522.621032

34602.835082

34592.448784

34496.162444

34380.544065

34412.945367

34531.544997

34618.111857

34585.925280

34507.345710

34392.096855

34255.688209

34085.319515

33941.915715

33850.632134

33922.911543

34172.837818

34679.107869

35358.907668

36180.351460

36947.414357

37542.047493

37774.497650

37613.343601

37012.510438

36089.257012

34859.219534

33478.709731

31940.170250

30470.842333

28805.786760

27518.113632

25951.637661

25095.561424

24384.527072

24384.527072

25095.561424

25951.637661

27518.113632

28805.786760

30470.842333

31940.170250

33478.709731

34859.219534

36089.257012

37012.510438

37613.343601

37774.497650

37542.047493

36947.414357

36180.351460

35358.907668

34679.107869

34172.837818

33922.911543

33850.632134

33941.915715

34085.319515

34255.688209

34392.096855

34507.345710

34585.925280

34618.111857

34531.544997

34412.945367

34505.167445

34580.314970

34579.449464

34522.631539

34475.380212

34430.587830

34329.012886

34162.522175

33933.051976

33730.938804

33617.149527

33719.221371

34055.157854

34670.598444

35463.752966

36358.011955

37172.081572

37785.335284

38052.202413

37949.185201

37418.639259

36586.439638

35411.910009

34155.973190

32623.762246

31270.312108

29554.123324

28316.883201

26976.270534

26424.004484

26424.004484

26976.270534

28316.883201

29554.123324

31270.312108

32623.762246

34155.973190

35411.910009

36586.439638

37418.639259

37949.185201

38052.202413

37785.335284

37172.081572

36358.011955

35463.752967

34670.598444

34055.157854

33719.221371

33617.149527

33730.938804

33933.051976

34162.522175

34329.012886

34430.587830

34475.380212

34522.631539

34579.449464

34580.314970

34505.167445

34613.513112

34535.717858

34467.294263

34442.762861

34487.134091

34519.541516

34489.159180

34356.991116

34135.153350

33851.735518

33604.990979

33455.020498

33496.942596

33740.625932

34209.909082

34847.030827

35603.331639

36376.838851

37093.570757

37630.612635

37993.306903

38047.158226

37973.494290

37552.888222

37160.360996

36315.762535

35681.884097

34608.671239

34040.825956

33511.922547

33511.922547

34040.825956

34608.671239

35681.884097

36315.762535

37160.360997

37552.888222

37973.494290

38047.158226

37993.306903

37630.612635

37093.570757

36376.838851

35603.331639

34847.030827

34209.909082

33740.625932

33496.942596

33455.020498

33604.990979

33851.735518

34135.153350

34356.991116

34489.159180

34519.541516

34487.134091

34442.762861

34467.294263

34535.717858

34613.513112

34746.649899

34439.079487

34414.578051

34517.774293

34598.126925

34657.732329

34683.086657

34637.190624

34493.786969

34262.274998

33951.868227

33615.738138

33291.821801

33051.914678

32952.879158

33057.072702

33409.671428

34024.404354

34875.044556

35927.069586

37027.285100

38165.945616

38999.165908

39627.758785

39531.646500

39186.850081

38159.596762

37347.303330

36399.823616

36012.695408

36012.695408

36399.823616

37347.303330

38159.596762

39186.850081

39531.646500

39627.758785

38999.165908

38165.945616

37027.285100

35927.069586

34875.044556

34024.404354

33409.671428

33057.072702

32952.879158

33051.914678

33291.821801

33615.738138

33951.868227

34262.274998

34493.786969

34637.190624

34683.086657

34657.732329

34598.126925

34517.774293

34414.578051

34439.079487

34746.649899

34898.689641

34749.856821

34731.589745

34751.481042

34756.841701

34809.185613

34877.017838

34944.898162

34978.350011

34912.457207

34699.794344

34304.326333

33745.296523

33096.577258

32455.630800

31962.781897

31735.131185

31871.275472

32484.964221

33488.295349

34954.063454

36355.803995

37639.768185

37864.646947

37341.882337

35551.599641

33660.949559

31490.742387

30097.685304

29219.558531

29219.558531

30097.685304

31490.742387

33660.949559

35551.599641

37341.882337

37864.646947

37639.768185

36355.803995

34954.063454

33488.295349

32484.964221

31871.275472

31735.131185

31962.781897

32455.630800

33096.577258

33745.296523

34304.326333

34699.794344

34912.457207

34978.350011

34944.898162

34877.017838

34809.185613

34756.841701

34751.481042

34731.589745

34749.856821

34898.689641

