AXIS X

0.000000 0.000500 0.001000 0.001500 0.002000 0.002500 0.003000 0.003500 0.004000 0.004500 0.005000 0.005500 0.006000 0.006500 0.007000 0.007500 0.008000 0.008500 0.009000 0.009500 0.010000 0.010500 0.011000 0.011500 0.012000 0.012500 0.013000 0.013500 0.014000 0.014500 0.015000 0.015500 0.016000 0.016500 0.017000 0.017500 0.018000 0.018500 0.019000 0.019500 0.020000 0.020500 0.021000 0.021500 0.022000 0.022500 0.023000 0.023500 0.024000 0.024500 0.025000 0.025500 0.026000 0.026500 0.027000 0.027500 0.028000 0.028500 0.029000 0.029500 

AXIS Y

0.000000 0.000500 0.001000 0.001500 0.002000 0.002500 0.003000 0.003500 0.004000 0.004500 0.005000 0.005500 0.006000 0.006500 0.007000 0.007500 0.008000 0.008500 0.009000 0.009500 0.010000 0.010500 0.011000 0.011500 0.012000 0.012500 0.013000 0.013500 0.014000 0.014500 0.015000 0.015500 0.016000 0.016500 0.017000 0.017500 0.018000 0.018500 0.019000 0.019500 0.020000 0.020500 0.021000 0.021500 0.022000 0.022500 0.023000 0.023500 0.024000 0.024500 0.025000 0.025500 0.026000 0.026500 0.027000 0.027500 0.028000 0.028500 0.029000 0.029500 



DATA
24504.420200

24504.421271

24504.421476

24504.421757

24504.421875

24504.422002

24504.422108

24504.422261

24504.422433

24504.422661

24504.422923

24504.423246

24504.423618

24504.424062

24504.424579

24504.425185

24504.425893

24504.426702

24504.427636

24504.428664

24504.429815

24504.431008

24504.432277

24504.433473

24504.434637

24504.435525

24504.436224

24504.436307

24504.436192

24504.434389

24504.434389

24504.436192

24504.436307

24504.436224

24504.435525

24504.434637

24504.433473

24504.432277

24504.431008

24504.429815

24504.428664

24504.427636

24504.426702

24504.425893

24504.425185

24504.424579

24504.424062

24504.423618

24504.423246

24504.422923

24504.422661

24504.422433

24504.422261

24504.422108

24504.422002

24504.421875

24504.421757

24504.421476

24504.421271

24504.420200

24504.421189

24504.422226

24504.422011

24504.422071

24504.422142

24504.422204

24504.422281

24504.422343

24504.422449

24504.422554

24504.422722

24504.422902

24504.423158

24504.423441

24504.423814

24504.424232

24504.424754

24504.425343

24504.426042

24504.426823

24504.427700

24504.428659

24504.429672

24504.430738

24504.431784

24504.432840

24504.433803

24504.434761

24504.435636

24504.434417

24504.434417

24504.435636

24504.434761

24504.433803

24504.432840

24504.431784

24504.430738

24504.429672

24504.428659

24504.427700

24504.426823

24504.426042

24504.425343

24504.424754

24504.424232

24504.423814

24504.423441

24504.423158

24504.422902

24504.422722

24504.422554

24504.422449

24504.422343

24504.422281

24504.422204

24504.422142

24504.422071

24504.422011

24504.422226

24504.421189

24504.421204

24504.422056

24504.422229

24504.422258

24504.422353

24504.422448

24504.422504

24504.422569

24504.422595

24504.422665

24504.422712

24504.422827

24504.422930

24504.423117

24504.423300

24504.423579

24504.423867

24504.424259

24504.424675

24504.425197

24504.425764

24504.426430

24504.427162

24504.427980

24504.428882

24504.429851

24504.430884

24504.431887

24504.432220

24504.430651

24504.430651

24504.432220

24504.431887

24504.430884

24504.429851

24504.428882

24504.427980

24504.427162

24504.426430

24504.425764

24504.425197

24504.424675

24504.424259

24504.423867

24504.423579

24504.423300

24504.423117

24504.422930

24504.422827

24504.422712

24504.422665

24504.422595

24504.422569

24504.422504

24504.422448

24504.422353

24504.422258

24504.422229

24504.422056

24504.421204

24504.421400

24504.422001

24504.422218

24504.422323

24504.422457

24504.422576

24504.422689

24504.422733

24504.422792

24504.422790

24504.422842

24504.422846

24504.422929

24504.422971

24504.423103

24504.423197

24504.423388

24504.423548

24504.423807

24504.424055

24504.424408

24504.424786

24504.425278

24504.425849

24504.426541

24504.427343

24504.428192

24504.428898

24504.428995

24504.428402

24504.428402

24504.428995

24504.428898

24504.428192

24504.427343

24504.426541

24504.425849

24504.425278

24504.424786

24504.424408

24504.424055

24504.423807

24504.423548

24504.423388

24504.423197

24504.423103

24504.422971

24504.422929

24504.422846

24504.422842

24504.422790

24504.422792

24504.422733

24504.422689

24504.422576

24504.422457

24504.422323

24504.422218

24504.422001

24504.421400

24504.421436

24504.422017

24504.422215

24504.422335

24504.422456

24504.422619

24504.422727

24504.422839

24504.422864

24504.422922

24504.422903

24504.422954

24504.422935

24504.423007

24504.423007

24504.423106

24504.423130

24504.423252

24504.423307

24504.423462

24504.423579

24504.423807

24504.424059

24504.424437

24504.424908

24504.425482

24504.426109

24504.426575

24504.426742

24504.426034

24504.426034

24504.426742

24504.426575

24504.426109

24504.425482

24504.424908

24504.424437

24504.424059

24504.423807

24504.423579

24504.423462

24504.423307

24504.423252

24504.423130

24504.423106

24504.423007

24504.423007

24504.422935

24504.422954

24504.422903

24504.422922

24504.422864

24504.422839

24504.422727

24504.422619

24504.422456

24504.422335

24504.422215

24504.422017

24504.421436

24504.421526

24504.422038

24504.422255

24504.422328

24504.422446

24504.422557

24504.422711

24504.422787

24504.422890

24504.422896

24504.422962

24504.422936

24504.423002

24504.422974

24504.423053

24504.423028

24504.423112

24504.423085

24504.423162

24504.423142

24504.423226

24504.423258

24504.423403

24504.423574

24504.423858

24504.424227

24504.424613

24504.425000

24504.425139

24504.425282

24504.425282

24504.425139

24504.425000

24504.424613

24504.424227

24504.423858

24504.423574

24504.423403

24504.423258

24504.423226

24504.423142

24504.423162

24504.423085

24504.423112

24504.423028

24504.423053

24504.422974

24504.423002

24504.422936

24504.422962

24504.422896

24504.422890

24504.422787

24504.422711

24504.422557

24504.422446

24504.422328

24504.422255

24504.422038

24504.421526

24504.421564

24504.422112

24504.422285

24504.422360

24504.422391

24504.422506

24504.422583

24504.422717

24504.422755

24504.422853

24504.422843

24504.422927

24504.422899

24504.422991

24504.422961

24504.423057

24504.423017

24504.423098

24504.423037

24504.423087

24504.423016

24504.423052

24504.423025

24504.423103

24504.423205

24504.423379

24504.423634

24504.423862

24504.424171

24504.424221

24504.424221

24504.424171

24504.423862

24504.423634

24504.423379

24504.423205

24504.423103

24504.423025

24504.423052

24504.423016

24504.423087

24504.423037

24504.423098

24504.423017

24504.423057

24504.422961

24504.422991

24504.422899

24504.422927

24504.422843

24504.422853

24504.422755

24504.422717

24504.422583

24504.422506

24504.422391

24504.422360

24504.422285

24504.422112

24504.421564

24504.421655

24504.422156

24504.422356

24504.422353

24504.422382

24504.422388

24504.422490

24504.422526

24504.422639

24504.422644

24504.422743

24504.422722

24504.422827

24504.422800

24504.422920

24504.422888

24504.423005

24504.422952

24504.423037

24504.422947

24504.422981

24504.422870

24504.422866

24504.422790

24504.422801

24504.422838

24504.422928

24504.423146

24504.423398

24504.424039

24504.424039

24504.423398

24504.423146

24504.422928

24504.422838

24504.422801

24504.422790

24504.422866

24504.422870

24504.422981

24504.422947

24504.423037

24504.422952

24504.423005

24504.422888

24504.422920

24504.422800

24504.422827

24504.422722

24504.422743

24504.422644

24504.422639

24504.422526

24504.422490

24504.422388

24504.422382

24504.422353

24504.422356

24504.422156

24504.421655

24504.421707

24504.422247

24504.422379

24504.422392

24504.422312

24504.422329

24504.422307

24504.422395

24504.422389

24504.422490

24504.422464

24504.422572

24504.422538

24504.422668

24504.422637

24504.422784

24504.422744

24504.422880

24504.422810

24504.422898

24504.422783

24504.422802

24504.422657

24504.422620

24504.422507

24504.422475

24504.422497

24504.422608

24504.422959

24504.423384

24504.423384

24504.422959

24504.422608

24504.422497

24504.422475

24504.422507

24504.422620

24504.422657

24504.422802

24504.422783

24504.422898

24504.422810

24504.422880

24504.422744

24504.422784

24504.422637

24504.422668

24504.422538

24504.422572

24504.422464

24504.422490

24504.422389

24504.422395

24504.422307

24504.422329

24504.422312

24504.422392

24504.422379

24504.422247

24504.421707

24504.421810

24504.422288

24504.422446

24504.422361

24504.422300

24504.422188

24504.422206

24504.422154

24504.422230

24504.422184

24504.422279

24504.422226

24504.422346

24504.422296

24504.422448

24504.422404

24504.422572

24504.422516

24504.422667

24504.422574

24504.422668

24504.422527

24504.422542

24504.422378

24504.422335

24504.422224

24504.422223

24504.422327

24504.422599

24504.423313

24504.423313

24504.422599

24504.422327

24504.422223

24504.422224

24504.422335

24504.422378

24504.422542

24504.422527

24504.422668

24504.422574

24504.422667

24504.422516

24504.422572

24504.422404

24504.422448

24504.422296

24504.422346

24504.422226

24504.422279

24504.422184

24504.422230

24504.422154

24504.422206

24504.422188

24504.422300

24504.422361

24504.422446

24504.422288

24504.421810

24504.421866

24504.422375

24504.422443

24504.422385

24504.422201

24504.422129

24504.422002

24504.422023

24504.421938

24504.422006

24504.421921

24504.422017

24504.421933

24504.422066

24504.421993

24504.422162

24504.422094

24504.422280

24504.422197

24504.422363

24504.422246

24504.422356

24504.422205

24504.422245

24504.422097

24504.422110

24504.422069

24504.422199

24504.422461

24504.422829

24504.422829

24504.422461

24504.422199

24504.422069

24504.422110

24504.422097

24504.422245

24504.422205

24504.422356

24504.422246

24504.422363

24504.422197

24504.422280

24504.422094

24504.422162

24504.421993

24504.422066

24504.421933

24504.422017

24504.421921

24504.422006

24504.421938

24504.422023

24504.422002

24504.422129

24504.422201

24504.422385

24504.422443

24504.422375

24504.421866

24504.421968

24504.422396

24504.422491

24504.422318

24504.422178

24504.421964

24504.421909

24504.421765

24504.421790

24504.421668

24504.421731

24504.421608

24504.421707

24504.421589

24504.421733

24504.421626

24504.421810

24504.421706

24504.421909

24504.421794

24504.421986

24504.421856

24504.422010

24504.421881

24504.422002

24504.421929

24504.422079

24504.422163

24504.422457

24504.422948

24504.422948

24504.422457

24504.422163

24504.422079

24504.421929

24504.422002

24504.421881

24504.422010

24504.421856

24504.421986

24504.421794

24504.421909

24504.421706

24504.421810

24504.421626

24504.421733

24504.421589

24504.421707

24504.421608

24504.421731

24504.421668

24504.421790

24504.421765

24504.421909

24504.421964

24504.422178

24504.422318

24504.422491

24504.422396

24504.421968

24504.422010

24504.422465

24504.422451

24504.422321

24504.422046

24504.421905

24504.421686

24504.421653

24504.421486

24504.421514

24504.421352

24504.421416

24504.421251

24504.421357

24504.421196

24504.421350

24504.421196

24504.421395

24504.421245

24504.421474

24504.421332

24504.421575

24504.421459

24504.421711

24504.421657

24504.421936

24504.421993

24504.422334

24504.422525

24504.422692

24504.422692

24504.422525

24504.422334

24504.421993

24504.421936

24504.421657

24504.421711

24504.421459

24504.421575

24504.421332

24504.421474

24504.421245

24504.421395

24504.421196

24504.421350

24504.421196

24504.421357

24504.421251

24504.421416

24504.421352

24504.421514

24504.421486

24504.421653

24504.421686

24504.421905

24504.422046

24504.422321

24504.422451

24504.422465

24504.422010

24504.422096

24504.422452

24504.422473

24504.422214

24504.422010

24504.421714

24504.421606

24504.421384

24504.421371

24504.421173

24504.421206

24504.421001

24504.421071

24504.420858

24504.420971

24504.420756

24504.420920

24504.420707

24504.420925

24504.420729

24504.421004

24504.420856

24504.421198

24504.421146

24504.421571

24504.421659

24504.422166

24504.422370

24504.422853

24504.423215

24504.423215

24504.422853

24504.422370

24504.422166

24504.421659

24504.421571

24504.421146

24504.421198

24504.420856

24504.421004

24504.420729

24504.420925

24504.420707

24504.420920

24504.420756

24504.420971

24504.420858

24504.421071

24504.421001

24504.421206

24504.421173

24504.421371

24504.421384

24504.421606

24504.421714

24504.422010

24504.422214

24504.422473

24504.422452

24504.422096

24504.422109

24504.422492

24504.422391

24504.422194

24504.421843

24504.421656

24504.421367

24504.421301

24504.421066

24504.421071

24504.420837

24504.420879

24504.420627

24504.420705

24504.420434

24504.420555

24504.420270

24504.420445

24504.420165

24504.420416

24504.420185

24504.420549

24504.420442

24504.420961

24504.421055

24504.421743

24504.422035

24504.422795

24504.423095

24504.423236

24504.423236

24504.423095

24504.422795

24504.422035

24504.421743

24504.421055

24504.420961

24504.420442

24504.420549

24504.420185

24504.420416

24504.420165

24504.420445

24504.420270

24504.420555

24504.420434

24504.420705

24504.420627

24504.420879

24504.420837

24504.421071

24504.421066

24504.421301

24504.421367

24504.421656

24504.421843

24504.422194

24504.422391

24504.422492

24504.422109

24504.422163

24504.422434

24504.422382

24504.422047

24504.421798

24504.421440

24504.421306

24504.421026

24504.420997

24504.420741

24504.420765

24504.420490

24504.420545

24504.420237

24504.420323

24504.419979

24504.420105

24504.419735

24504.419930

24504.419583

24504.419903

24504.419678

24504.420210

24504.420237

24504.421048

24504.421398

24504.422436

24504.422952

24504.423858

24504.424424

24504.424424

24504.423858

24504.422952

24504.422436

24504.421398

24504.421048

24504.420237

24504.420210

24504.419678

24504.419903

24504.419583

24504.419930

24504.419735

24504.420105

24504.419979

24504.420323

24504.420237

24504.420545

24504.420490

24504.420765

24504.420741

24504.420997

24504.421026

24504.421306

24504.421440

24504.421798

24504.422047

24504.422382

24504.422434

24504.422163

24504.422134

24504.422434

24504.422252

24504.422007

24504.421598

24504.421389

24504.421053

24504.420979

24504.420698

24504.420705

24504.420420

24504.420466

24504.420143

24504.420212

24504.419833

24504.419923

24504.419484

24504.419616

24504.419151

24504.419389

24504.419005

24504.419472

24504.419351

24504.420188

24504.420508

24504.421758

24504.422481

24504.423878

24504.424533

24504.424771

24504.424771

24504.424533

24504.423878

24504.422481

24504.421758

24504.420508

24504.420188

24504.419351

24504.419472

24504.419005

24504.419389

24504.419151

24504.419616

24504.419484

24504.419923

24504.419833

24504.420212

24504.420143

24504.420466

24504.420420

24504.420705

24504.420698

24504.420979

24504.421053

24504.421389

24504.421598

24504.422007

24504.422252

24504.422434

24504.422134

24504.422145

24504.422323

24504.422210

24504.421818

24504.421550

24504.421152

24504.421017

24504.420701

24504.420685

24504.420392

24504.420437

24504.420114

24504.420184

24504.419798

24504.419876

24504.419401

24504.419489

24504.418933

24504.419084

24504.418536

24504.418886

24504.418555

24504.419317

24504.419489

24504.420836

24504.421659

24504.423471

24504.424587

24504.426091

24504.427061

24504.427061

24504.426091

24504.424587

24504.423471

24504.421659

24504.420836

24504.419489

24504.419317

24504.418555

24504.418886

24504.418536

24504.419084

24504.418933

24504.419489

24504.419401

24504.419876

24504.419798

24504.420184

24504.420114

24504.420437

24504.420392

24504.420685

24504.420701

24504.421017

24504.421152

24504.421550

24504.421818

24504.422210

24504.422323

24504.422145

24504.422064

24504.422275

24504.422029

24504.421761

24504.421322

24504.421117

24504.420754

24504.420700

24504.420393

24504.420433

24504.420119

24504.420201

24504.419828

24504.419917

24504.419442

24504.419517

24504.418915

24504.419000

24504.418320

24504.418537

24504.417974

24504.418576

24504.418488

24504.419784

24504.420530

24504.422617

24504.424116

24504.426431

24504.427683

24504.427800

24504.427800

24504.427683

24504.426431

24504.424116

24504.422617

24504.420530

24504.419784

24504.418488

24504.418576

24504.417974

24504.418537

24504.418320

24504.419000

24504.418915

24504.419517

24504.419442

24504.419917

24504.419828

24504.420201

24504.420119

24504.420433

24504.420393

24504.420700

24504.420754

24504.421117

24504.421322

24504.421761

24504.422029

24504.422275

24504.422064

24504.422022

24504.422105

24504.421954

24504.421535

24504.421277

24504.420865

24504.420755

24504.420423

24504.420446

24504.420137

24504.420231

24504.419882

24504.419997

24504.419550

24504.419644

24504.419043

24504.419102

24504.418345

24504.418448

24504.417674

24504.418069

24504.417643

24504.418735

24504.419186

24504.421319

24504.422937

24504.425881

24504.427989

24504.430265

24504.431770

24504.431770

24504.430265

24504.427989

24504.425881

24504.422937

24504.421319

24504.419186

24504.418735

24504.417643

24504.418069

24504.417674

24504.418448

24504.418345

24504.419102

24504.419043

24504.419644

24504.419550

24504.419997

24504.419882

24504.420231

24504.420137

24504.420446

24504.420423

24504.420755

24504.420865

24504.421277

24504.421535

24504.421954

24504.422105

24504.422022

24504.421884

24504.422008

24504.421724

24504.421468

24504.421027

24504.420857

24504.420489

24504.420478

24504.420164

24504.420260

24504.419935

24504.420079

24504.419675

24504.419808

24504.419248

24504.419321

24504.418551

24504.418586

24504.417660

24504.417845

24504.417064

24504.417827

24504.417782

24504.419674

24504.421006

24504.424228

24504.426870

24504.430474

24504.432717

24504.432615

24504.432615

24504.432717

24504.430474

24504.426870

24504.424228

24504.421006

24504.419674

24504.417782

24504.417827

24504.417064

24504.417845

24504.417660

24504.418586

24504.418551

24504.419321

24504.419248

24504.419808

24504.419675

24504.420079

24504.419935

24504.420260

24504.420164

24504.420478

24504.420489

24504.420857

24504.421027

24504.421468

24504.421724

24504.422008

24504.421884

24504.421785

24504.421778

24504.421618

24504.421210

24504.420998

24504.420597

24504.420538

24504.420207

24504.420289

24504.419979

24504.420143

24504.419783

24504.419963

24504.419465

24504.419587

24504.418858

24504.418879

24504.417885

24504.417900

24504.416810

24504.417179

24504.416518

24504.417888

24504.418499

24504.421482

24504.423964

24504.428334

24504.431856

24504.435456

24504.438490

24504.438490

24504.435456

24504.431856

24504.428334

24504.423964

24504.421482

24504.418499

24504.417888

24504.416518

24504.417179

24504.416810

24504.417900

24504.417885

24504.418879

24504.418858

24504.419587

24504.419465

24504.419963

24504.419783

24504.420143

24504.419979

24504.420289

24504.420207

24504.420538

24504.420597

24504.420998

24504.421210

24504.421618

24504.421778

24504.421785

24504.421587

24504.421630

24504.421344

24504.421140

24504.420735

24504.420628

24504.420276

24504.420327

24504.420018

24504.420188

24504.419861

24504.420082

24504.419651

24504.419837

24504.419186

24504.419245

24504.418263

24504.418180

24504.416881

24504.416869

24504.415591

24504.416240

24504.415799

24504.417979

24504.419455

24504.423715

24504.427477

24504.432900

24504.437106

24504.437984

24504.437984

24504.437106

24504.432900

24504.427477

24504.423715

24504.419455

24504.417979

24504.415799

24504.416240

24504.415591

24504.416869

24504.416881

24504.418180

24504.418263

24504.419245

24504.419186

24504.419837

24504.419651

24504.420082

24504.419861

24504.420188

24504.420018

24504.420327

24504.420276

24504.420628

24504.420735

24504.421140

24504.421344

24504.421630

24504.421587

24504.421430

24504.421343

24504.421214

24504.420860

24504.420730

24504.420370

24504.420383

24504.420067

24504.420222

24504.419915

24504.420161

24504.419786

24504.420037

24504.419475

24504.419609

24504.418700

24504.418602

24504.417217

24504.416913

24504.415131

24504.415001

24504.413387

24504.414308

24504.414055

24504.417167

24504.419663

24504.425432

24504.430752

24504.437301

24504.444886

24504.444886

24504.437301

24504.430752

24504.425432

24504.419663

24504.417167

24504.414055

24504.414308

24504.413387

24504.415001

24504.415131

24504.416913

24504.417217

24504.418602

24504.418700

24504.419609

24504.419475

24504.420037

24504.419786

24504.420161

24504.419915

24504.420222

24504.420067

24504.420383

24504.420370

24504.420730

24504.420860

24504.421214

24504.421343

24504.421430

24504.421177

24504.421149

24504.420903

24504.420795

24504.420463

24504.420448

24504.420131

24504.420259

24504.419959

24504.420209

24504.419874

24504.420173

24504.419694

24504.419915

24504.419114

24504.419075

24504.417716

24504.417258

24504.415163

24504.414356

24504.411685

24504.411137

24504.408788

24504.409836

24504.409652

24504.413967

24504.417991

24504.426169

24504.434328

24504.439647

24504.439647

24504.434328

24504.426169

24504.417991

24504.413967

24504.409652

24504.409836

24504.408788

24504.411137

24504.411685

24504.414356

24504.415163

24504.417258

24504.417716

24504.419075

24504.419114

24504.419915

24504.419694

24504.420173

24504.419874

24504.420209

24504.419959

24504.420259

24504.420131

24504.420448

24504.420463

24504.420795

24504.420903

24504.421149

24504.421177

24504.420965

24504.420815

24504.420757

24504.420501

24504.420491

24504.420198

24504.420301

24504.420008

24504.420242

24504.419930

24504.420254

24504.419840

24504.420140

24504.419451

24504.419517

24504.418265

24504.417800

24504.415603

24504.414350

24504.410926

24504.409014

24504.404660

24504.403132

24504.399427

24504.400577

24504.400723

24504.407434

24504.414786

24504.427614

24504.445167

24504.445167

24504.427614

24504.414786

24504.407434

24504.400723

24504.400577

24504.399427

24504.403132

24504.404660

24504.409014

24504.410926

24504.414350

24504.415603

24504.417800

24504.418265

24504.419517

24504.419451

24504.420140

24504.419840

24504.420254

24504.419930

24504.420242

24504.420008

24504.420301

24504.420198

24504.420491

24504.420501

24504.420757

24504.420815

24504.420965

24504.420666

24504.420585

24504.420421

24504.420451

24504.420228

24504.420329

24504.420060

24504.420272

24504.419976

24504.420299

24504.419930

24504.420283

24504.419693

24504.419876

24504.418770

24504.418416

24504.416295

24504.414884

24504.411097

24504.408207

24504.402337

24504.398302

24504.391072

24504.387973

24504.382520

24504.384712

24504.386918

24504.399372

24504.414344

24504.430322

24504.430322

24504.414344

24504.399372

24504.386918

24504.384712

24504.382520

24504.387973

24504.391072

24504.398302

24504.402337

24504.408207

24504.411097

24504.414884

24504.416295

24504.418416

24504.418770

24504.419876

24504.419693

24504.420283

24504.419930

24504.420299

24504.419976

24504.420272

24504.420060

24504.420329

24504.420228

24504.420451

24504.420421

24504.420585

24504.420666

24504.420410

24504.420216

24504.420268

24504.420153

24504.420293

24504.420089

24504.420292

24504.420021

24504.420327

24504.419989

24504.420364

24504.419851

24504.420134

24504.419178

24504.418999

24504.417069

24504.415764

24504.411983

24504.408659

24504.401979

24504.396072

24504.386094

24504.378683

24504.367378

24504.362907

24504.356635

24504.363216

24504.372096

24504.396350

24504.431562

24504.431562

24504.396350

24504.372096

24504.363216

24504.356635

24504.362907

24504.367378

24504.378683

24504.386094

24504.396072

24504.401979

24504.408659

24504.411983

24504.415764

24504.417069

24504.418999

24504.419178

24504.420134

24504.419851

24504.420364

24504.419989

24504.420327

24504.420021

24504.420292

24504.420089

24504.420293

24504.420153

24504.420268

24504.420216

24504.420410

24504.420078

24504.419964

24504.419919

24504.420122

24504.420036

24504.420269

24504.420055

24504.420345

24504.420038

24504.420409

24504.419954

24504.420299

24504.419479

24504.419480

24504.417794

24504.416767

24504.413264

24504.410042

24504.403267

24504.396478

24504.384996

24504.374287

24504.358343

24504.346799

24504.331222

24504.327814

24504.324523

24504.342767

24504.367354

24504.404758

24504.404758

24504.367354

24504.342767

24504.324523

24504.327814

24504.331222

24504.346799

24504.358343

24504.374287

24504.384996

24504.396478

24504.403267

24504.410042

24504.413264

24504.416767

24504.417794

24504.419480

24504.419479

24504.420299

24504.419954

24504.420409

24504.420038

24504.420345

24504.420055

24504.420269

24504.420036

24504.420122

24504.419919

24504.419964

24504.420078

24504.419793

24504.419578

24504.419770

24504.419826

24504.420136

24504.420034

24504.420336

24504.420080

24504.420434

24504.420030

24504.420400

24504.419693

24504.419838

24504.418401

24504.417713

24504.414641

24504.411903

24504.405594

24504.398941

24504.387262

24504.374987

24504.356533

24504.339482

24504.316465

24504.301851

24504.284254

24504.288262

24504.296285

24504.338447

24504.402579

24504.402579

24504.338447

24504.296285

24504.288262

24504.284254

24504.301851

24504.316465

24504.339482

24504.356533

24504.374987

24504.387262

24504.398941

24504.405594

24504.411903

24504.414641

24504.417713

24504.418401

24504.419838

24504.419693

24504.420400

24504.420030

24504.420434

24504.420080

24504.420336

24504.420034

24504.420136

24504.419826

24504.419770

24504.419578

24504.419793

24504.419447

24504.419319

24504.419421

24504.419817

24504.419885

24504.420250

24504.420091

24504.420440

24504.420096

24504.420464

24504.419855

24504.420091

24504.418882

24504.418503

24504.415910

24504.413825

24504.408315

24504.402552

24504.391720

24504.379713

24504.361017

24504.341406

24504.314517

24504.291056

24504.261973

24504.248626

24504.235114

24504.258600

24504.294581

24504.374347

24504.374347

24504.294581

24504.258600

24504.235114

24504.248626

24504.261973

24504.291056

24504.314517

24504.341406

24504.361017

24504.379713

24504.391720

24504.402552

24504.408315

24504.413825

24504.415910

24504.418503

24504.418882

24504.420091

24504.419855

24504.420464

24504.420096

24504.420440

24504.420091

24504.420250

24504.419885

24504.419817

24504.419421

24504.419319

24504.419447

24504.419152

24504.418936

24504.419285

24504.419528

24504.420009

24504.420012

24504.420396

24504.420142

24504.420502

24504.419989

24504.420270

24504.419263

24504.419116

24504.416982

24504.415533

24504.410944

24504.406420

24504.397061

24504.386676

24504.369527

24504.350500

24504.323508

24504.296126

24504.261512

24504.234278

24504.203330

24504.199895

24504.202685

24504.268524

24504.380045

24504.380045

24504.268524

24504.202685

24504.199895

24504.203330

24504.234278

24504.261512

24504.296126

24504.323508

24504.350500

24504.369527

24504.386676

24504.397061

24504.406420

24504.410944

24504.415533

24504.416982

24504.419116

24504.419263

24504.420270

24504.419989

24504.420502

24504.420142

24504.420396

24504.420012

24504.420009

24504.419528

24504.419285

24504.418936

24504.419152

24504.418812

24504.418691

24504.418950

24504.419538

24504.419760

24504.420242

24504.420131

24504.420506

24504.420101

24504.420400

24504.419575

24504.419581

24504.417857

24504.416919

24504.413224

24504.409923

24504.402259

24504.394099

24504.379525

24504.363321

24504.339042

24504.312933

24504.278846

24504.246028

24504.207749

24504.182234

24504.157349

24504.179439

24504.227746

24504.388434

24504.388434

24504.227746

24504.179439

24504.157349

24504.182234

24504.207749

24504.246028

24504.278846

24504.312933

24504.339042

24504.363321

24504.379525

24504.394099

24504.402259

24504.409923

24504.413224

24504.416919

24504.417857

24504.419581

24504.419575

24504.420400

24504.420101

24504.420506

24504.420131

24504.420242

24504.419760

24504.419538

24504.418950

24504.418691

24504.418812

24504.418532

24504.418330

24504.418837

24504.419260

24504.419895

24504.419994

24504.420433

24504.420168

24504.420485

24504.419834

24504.419935

24504.418568

24504.417995

24504.415091

24504.412790

24504.406751

24504.400753

24504.389062

24504.376551

24504.356439

24504.334976

24504.305443

24504.275466

24504.239506

24504.206517

24504.171897

24504.155423

24504.152292

24504.238595

24504.422704

24504.422704

24504.238595

24504.152292

24504.155423

24504.171897

24504.206517

24504.239506

24504.275466

24504.305443

24504.334976

24504.356439

24504.376551

24504.389062

24504.400753

24504.406751

24504.412790

24504.415091

24504.417995

24504.418568

24504.419935

24504.419834

24504.420485

24504.420168

24504.420433

24504.419994

24504.419895

24504.419260

24504.418837

24504.418330

24504.418532

24504.418219

24504.418119

24504.418527

24504.419285

24504.419644

24504.420216

24504.420142

24504.420506

24504.420031

24504.420200

24504.419144

24504.418824

24504.416586

24504.415016

24504.410380

24504.406117

24504.397107

24504.388026

24504.372342

24504.356468

24504.333117

24504.310477

24504.281908

24504.255468

24504.227118

24504.199855

24504.179560

24504.185040

24504.250005

24504.537909

24504.537909

24504.250005

24504.185040

24504.179560

24504.199855

24504.227118

24504.255468

24504.281908

24504.310477

24504.333117

24504.356468

24504.372342

24504.388026

24504.397107

24504.406117

24504.410380

24504.415016

24504.416586

24504.418824

24504.419144

24504.420200

24504.420031

24504.420506

24504.420142

24504.420216

24504.419644

24504.419285

24504.418527

24504.418119

24504.418219

24504.417979

24504.417803

24504.418446

24504.419021

24504.419775

24504.419952

24504.420415

24504.420137

24504.420373

24504.419593

24504.419456

24504.417769

24504.416717

24504.413224

24504.410211

24504.403432

24504.396965

24504.385191

24504.374075

24504.356754

24504.341758

24504.321584

24504.306462

24504.289548

24504.277405

24504.269913

24504.252006

24504.268851

24504.345577

24504.603150

24504.603150

24504.345577

24504.268851

24504.252006

24504.269913

24504.277405

24504.289548

24504.306462

24504.321584

24504.341758

24504.356754

24504.374075

24504.385191

24504.396965

24504.403432

24504.410211

24504.413224

24504.416717

24504.417769

24504.419456

24504.419593

24504.420373

24504.420137

24504.420415

24504.419952

24504.419775

24504.419021

24504.418446

24504.417803

24504.417979

24504.417714

24504.417647

24504.418175

24504.419060

24504.419523

24504.420149

24504.420104

24504.420431

24504.419902

24504.419913

24504.418682

24504.418011

24504.415427

24504.413294

24504.408258

24504.403578

24504.394869

24504.387009

24504.374553

24504.365095

24504.352077

24504.346315

24504.339689

24504.344297

24504.351962

24504.368699

24504.405542

24504.402773

24504.518181

24504.906419

24504.906419

24504.518181

24504.402773

24504.405542

24504.368699

24504.351962

24504.344297

24504.339689

24504.346315

24504.352077

24504.365095

24504.374553

24504.387009

24504.394869

24504.403578

24504.408258

24504.413294

24504.415427

24504.418011

24504.418682

24504.419913

24504.419902

24504.420431

24504.420104

24504.420149

24504.419523

24504.419060

24504.418175

24504.417647

24504.417714

24504.417539

24504.417394

24504.418137

24504.418817

24504.419643

24504.419874

24504.420334

24504.420051

24504.420196

24504.419338

24504.418968

24504.417103

24504.415625

24504.411923

24504.408467

24504.402004

24504.396107

24504.387040

24504.380517

24504.372370

24504.371579

24504.372301

24504.386734

24504.404637

24504.441782

24504.488705

24504.568659

24504.712865

24504.746969

24504.942170

24504.942170

24504.746969

24504.712865

24504.568659

24504.488705

24504.441782

24504.404637

24504.386734

24504.372301

24504.371579

24504.372370

24504.380517

24504.387040

24504.396107

24504.402004

24504.408467

24504.411923

24504.415625

24504.417103

24504.418968

24504.419338

24504.420196

24504.420051

24504.420334

24504.419874

24504.419643

24504.418817

24504.418137

24504.417394

24504.417539

24504.417342

24504.417314

24504.417917

24504.418871

24504.419394

24504.420037

24504.420011

24504.420293

24504.419747

24504.419621

24504.418319

24504.417365

24504.414690

24504.412161

24504.407337

24504.402683

24504.395770

24504.390349

24504.384633

24504.384682

24504.388961

24504.406107

24504.430762

24504.474392

24504.524199

24504.609444

24504.726466

24504.968625

24505.322075

24505.500529

24505.500529

24505.322075

24504.968625

24504.726466

24504.609444

24504.524199

24504.474392

24504.430762

24504.406107

24504.388961

24504.384682

24504.384633

24504.390349

24504.395770

24504.402683

24504.407337

24504.412161

24504.414690

24504.417365

24504.418319

24504.419621

24504.419747

24504.420293

24504.420011

24504.420037

24504.419394

24504.418871

24504.417917

24504.417314

24504.417342

24504.417259

24504.417141

24504.417933

24504.418657

24504.419500

24504.419754

24504.420192

24504.419917

24504.419990

24504.419124

24504.418593

24504.416712

24504.414961

24504.411385

24504.407730

24504.402238

24504.397226

24504.392195

24504.390673

24504.394536

24504.408618

24504.435216

24504.478660

24504.533942

24504.611052

24504.704294

24504.874106

24505.136423

24505.619338

24505.438805

24505.438805

24505.619338

24505.136423

24504.874106

24504.704294

24504.611052

24504.533942

24504.478660

24504.435216

24504.408618

24504.394536

24504.390673

24504.392195

24504.397226

24504.402238

24504.407730

24504.411385

24504.414961

24504.416712

24504.418593

24504.419124

24504.419990

24504.419917

24504.420192

24504.419754

24504.419500

24504.418657

24504.417933

24504.417141

24504.417259

24504.417148

24504.417155

24504.417775

24504.418731

24504.419259

24504.419879

24504.419862

24504.420102

24504.419571

24504.419367

24504.418091

24504.416995

24504.414410

24504.411709

24504.407333

24504.402837

24504.397838

24504.394376

24504.395221

24504.402978

24504.424836

24504.461555

24504.519654

24504.594590

24504.684572

24504.808051

24504.993887

24505.298764

24505.732004

24505.586240

24505.586240

24505.732004

24505.298764

24504.993887

24504.808051

24504.684572

24504.594590

24504.519654

24504.461555

24504.424836

24504.402978

24504.395221

24504.394376

24504.397838

24504.402837

24504.407333

24504.411709

24504.414410

24504.416995

24504.418091

24504.419367

24504.419571

24504.420102

24504.419862

24504.419879

24504.419259

24504.418731

24504.417775

24504.417155

24504.417148

24504.417174

24504.417074

24504.417853

24504.418551

24504.419351

24504.419590

24504.419987

24504.419724

24504.419755

24504.418927

24504.418344

24504.416544

24504.414732

24504.411366

24504.407721

24504.402928

24504.398464

24504.395974

24504.397391

24504.409779

24504.434315

24504.483898

24504.552490

24504.648636

24504.762041

24504.896592

24505.112617

24505.407905

24505.600394

24504.695373

24504.695373

24505.600394

24505.407905

24505.112617

24504.896592

24504.762041

24504.648636

24504.552490

24504.483898

24504.434315

24504.409779

24504.397391

24504.395974

24504.398464

24504.402928

24504.407721

24504.411366

24504.414732

24504.416544

24504.418344

24504.418927

24504.419755

24504.419724

24504.419987

24504.419590

24504.419351

24504.418551

24504.417853

24504.417074

24504.417174

24504.417161

24504.417189

24504.417763

24504.418646

24504.419119

24504.419675

24504.419643

24504.419842

24504.419337

24504.419115

24504.417909

24504.416834

24504.414380

24504.411763

24504.407607

24504.403318

24504.398812

24504.396120

24504.399030

24504.410573

24504.441603

24504.493119

24504.580078

24504.690615

24504.824171

24504.988651

24505.138337

24505.391411

24504.920517

24504.687219

24504.687219

24504.920517

24505.391411

24505.138337

24504.988651

24504.824171

24504.690615

24504.580078

24504.493119

24504.441603

24504.410573

24504.399030

24504.396120

24504.398812

24504.403318

24504.407607

24504.411763

24504.414380

24504.416834

24504.417909

24504.419115

24504.419337

24504.419842

24504.419643

24504.419675

24504.419119

24504.418646

24504.417763

24504.417189

24504.417161

24504.417305

24504.417204

24504.417903

24504.418502

24504.419196

24504.419377

24504.419707

24504.419441

24504.419448

24504.418668

24504.418125

24504.416428

24504.414765

24504.411518

24504.408142

24504.403255

24504.399084

24504.395893

24504.397981

24504.409990

24504.439512

24504.496924

24504.588014

24504.716763

24504.870949

24505.011722

24505.184103

24505.064311

24504.909749

24504.513192

24504.513192

24504.909749

24505.064311

24505.184103

24505.011722

24504.870949

24504.716763

24504.588014

24504.496924

24504.439512

24504.409990

24504.397981

24504.395893

24504.399084

24504.403255

24504.408142

24504.411518

24504.414765

24504.416428

24504.418125

24504.418668

24504.419448

24504.419441

24504.419707

24504.419377

24504.419196

24504.418502

24504.417903

24504.417204

24504.417305

24504.417391

24504.417415

24504.417879

24504.418616

24504.418973

24504.419417

24504.419340

24504.419485

24504.418997

24504.418789

24504.417662

24504.416728

24504.414400

24504.412116

24504.407928

24504.404067

24504.398596

24504.396001

24504.395509

24504.407080

24504.432389

24504.490008

24504.578808

24504.717077

24504.872260

24505.029215

24505.108038

24505.049281

24504.774484

24504.474726

24504.474726

24504.774484

24505.049281

24505.108038

24505.029215

24504.872260

24504.717077

24504.578808

24504.490008

24504.432389

24504.407080

24504.395509

24504.396001

24504.398596

24504.404067

24504.407928

24504.412116

24504.414400

24504.416728

24504.417662

24504.418789

24504.418997

24504.419485

24504.419340

24504.419417

24504.418973

24504.418616

24504.417879

24504.417415

24504.417391

24504.417640

24504.417518

24504.418073

24504.418505

24504.419031

24504.419109

24504.419342

24504.419054

24504.419033

24504.418300

24504.417841

24504.416272

24504.414905

24504.411796

24504.408965

24504.403721

24504.399985

24504.394269

24504.395592

24504.399631

24504.426730

24504.468631

24504.562006

24504.676017

24504.846414

24504.983126

24505.065056

24505.132608

24504.739464

24504.476099

24504.476099

24504.739464

24505.132608

24505.065056

24504.983126

24504.846414

24504.676017

24504.562006

24504.468631

24504.426730

24504.399631

24504.395592

24504.394269

24504.399985

24504.403721

24504.408965

24504.411796

24504.414905

24504.416272

24504.417841

24504.418300

24504.419033

24504.419054

24504.419342

24504.419109

24504.419031

24504.418505

24504.418073

24504.417518

24504.417640

24504.417807

24504.417804

24504.418104

24504.418629

24504.418819

24504.419108

24504.418960

24504.419032

24504.418558

24504.418370

24504.417350

24504.416613

24504.414510

24504.412719

24504.408716

24504.405558

24504.399293

24504.396680

24504.391500

24504.399692

24504.410372

24504.457647

24504.515124

24504.639064

24504.752794

24504.917386

24504.987131

24505.080957

24505.222348

24504.398593

24504.398593

24505.222348

24505.080957

24504.987131

24504.917386

24504.752794

24504.639064

24504.515124

24504.457647

24504.410372

24504.399692

24504.391500

24504.396680

24504.399293

24504.405558

24504.408716

24504.412719

24504.414510

24504.416613

24504.417350

24504.418370

24504.418558

24504.419032

24504.418960

24504.419108

24504.418819

24504.418629

24504.418104

24504.417804

24504.417807

24504.418122

24504.417969

24504.418333

24504.418551

24504.418861

24504.418808

24504.418917

24504.418605

24504.418551

24504.417896

24504.417536

24504.416193

24504.415178

24504.412492

24504.410352

24504.405464

24504.402341

24504.395450

24504.395150

24504.391954

24504.409148

24504.427996

24504.493085

24504.557523

24504.687249

24504.762848

24504.899682

24504.829173

24505.127222

24505.412867

24505.412867

24505.127222

24504.829173

24504.899682

24504.762848

24504.687249

24504.557523

24504.493085

24504.427996

24504.409148

24504.391954

24504.395150

24504.395450

24504.402341

24504.405464

24504.410352

24504.412492

24504.415178

24504.416193

24504.417536

24504.417896

24504.418551

24504.418605

24504.418917

24504.418808

24504.418861

24504.418551

24504.418333

24504.417969

24504.418122

24504.418325

24504.418292

24504.418408

24504.418684

24504.418678

24504.418787

24504.418565

24504.418561

24504.418130

24504.417972

24504.417143

24504.416620

24504.414963

24504.413698

24504.410477

24504.408088

24504.402564

24504.399817

24504.393239

24504.395915

24504.396643

24504.421471

24504.448106

24504.516858

24504.574806

24504.671075

24504.682210

24504.718567

24504.413569

24503.909782

24503.909782

24504.413569

24504.718567

24504.682210

24504.671075

24504.574806

24504.516858

24504.448106

24504.421471

24504.396643

24504.395915

24504.393239

24504.399817

24504.402564

24504.408088

24504.410477

24504.413698

24504.414963

24504.416620

24504.417143

24504.417972

24504.418130

24504.418561

24504.418565

24504.418787

24504.418678

24504.418684

24504.418408

24504.418292

24504.418325

24504.418638

24504.418485

24504.418654

24504.418648

24504.418726

24504.418540

24504.418527

24504.418218

24504.418149

24504.417640

24504.417399

24504.416436

24504.415770

24504.413870

24504.412373

24504.408790

24504.406154

24504.400523

24504.398101

24504.393164

24504.397753

24504.403908

24504.429216

24504.460839

24504.508880

24504.552989

24504.562853

24504.542716

24504.305319

24504.519251

24504.519251

24504.305319

24504.542716

24504.562853

24504.552989

24504.508880

24504.460839

24504.429216

24504.403908

24504.397753

24504.393164

24504.398101

24504.400523

24504.406154

24504.408790

24504.412373

24504.413870

24504.415770

24504.416436

24504.417399

24504.417640

24504.418149

24504.418218

24504.418527

24504.418540

24504.418726

24504.418648

24504.418654

24504.418485

24504.418638

24504.418807

24504.418798

24504.418764

24504.418803

24504.418614

24504.418555

24504.418286

24504.418229

24504.417897

24504.417798

24504.417263

24504.416960

24504.415938

24504.415129

24504.413111

24504.411286

24504.407596

24504.404400

24504.399279

24504.396218

24504.393919

24504.396789

24504.407966

24504.422097

24504.454386

24504.458684

24504.494909

24504.411527

24504.468623

24504.537860

24504.537860

24504.468623

24504.411527

24504.494909

24504.458684

24504.454386

24504.422097

24504.407966

24504.396789

24504.393919

24504.396218

24504.399279

24504.404400

24504.407596

24504.411286

24504.413111

24504.415129

24504.415938

24504.416960

24504.417263

24504.417798

24504.417897

24504.418229

24504.418286

24504.418555

24504.418614

24504.418803

24504.418764

24504.418798

24504.418807

24504.419024

24504.418977

24504.419020

24504.418839

24504.418723

24504.418442

24504.418340

24504.418078

24504.418023

24504.417722

24504.417612

24504.417114

24504.416745

24504.415751

24504.414699

24504.412666

24504.410176

24504.406541

24504.401956

24504.397591

24504.391870

24504.391840

24504.387978

24504.401000

24504.395946

24504.423509

24504.397376

24504.427422

24504.468321

24504.493197

24504.493197

24504.468321

24504.427422

24504.397376

24504.423509

24504.395946

24504.401000

24504.387978

24504.391840

24504.391870

24504.397591

24504.401956

24504.406541

24504.410176

24504.412666

24504.414699

24504.415751

24504.416745

24504.417114

24504.417612

24504.417722

24504.418023

24504.418078

24504.418340

24504.418442

24504.418723

24504.418839

24504.419020

24504.418977

24504.419024

24504.419069

24504.419234

24504.419167

24504.419055

24504.418753

24504.418581

24504.418313

24504.418230

24504.418025

24504.417986

24504.417758

24504.417627

24504.417213

24504.416698

24504.415758

24504.414195

24504.412108

24504.408321

24504.404587

24504.397406

24504.393267

24504.382851

24504.383116

24504.370711

24504.380950

24504.367080

24504.384704

24504.402993

24504.423344

24504.453331

24504.453331

24504.423344

24504.402993

24504.384704

24504.367080

24504.380950

24504.370711

24504.383116

24504.382851

24504.393267

24504.397406

24504.404587

24504.408321

24504.412108

24504.414195

24504.415758

24504.416698

24504.417213

24504.417627

24504.417758

24504.417986

24504.418025

24504.418230

24504.418313

24504.418581

24504.418753

24504.419055

24504.419167

24504.419234

24504.419069

24504.419084

24504.419362

24504.419443

24504.419209

24504.419000

24504.418696

24504.418544

24504.418337

24504.418277

24504.418142

24504.418095

24504.417950

24504.417731

24504.417390

24504.416539

24504.415558

24504.413064

24504.410673

24504.404896

24504.400572

24504.390063

24504.385130

24504.370449

24504.368947

24504.354800

24504.360010

24504.363960

24504.375806

24504.401574

24504.409462

24504.409462

24504.401574

24504.375806

24504.363960

24504.360010

24504.354800

24504.368947

24504.370449

24504.385130

24504.390063

24504.400572

24504.404896

24504.410673

24504.413064

24504.415558

24504.416539

24504.417390

24504.417731

24504.417950

24504.418095

24504.418142

24504.418277

24504.418337

24504.418544

24504.418696

24504.419000

24504.419209

24504.419443

24504.419362

24504.419084

24504.418907

24504.419539

24504.419638

24504.419540

24504.419241

24504.419029

24504.418772

24504.418632

24504.418472

24504.418392

24504.418307

24504.418186

24504.418087

24504.417651

24504.417288

24504.415862

24504.414643

24504.410890

24504.407880

24504.400002

24504.394694

24504.381949

24504.375804

24504.361509

24504.358172

24504.353396

24504.356252

24504.369920

24504.376292

24504.388140

24504.388140

24504.376292

24504.369920

24504.356252

24504.353396

24504.358172

24504.361509

24504.375804

24504.381949

24504.394694

24504.400002

24504.407880

24504.410890

24504.414643

24504.415862

24504.417288

24504.417651

24504.418087

24504.418186

24504.418307

24504.418392

24504.418472

24504.418632

24504.418772

24504.419029

24504.419241

24504.419540

24504.419638

24504.419539

24504.418907

24504.418587

24504.419601

24504.419980

24504.419845

24504.419655

24504.419357

24504.419126

24504.418878

24504.418693

24504.418535

24504.418371

24504.418282

24504.418000

24504.417870

24504.417103

24504.416605

24504.414529

24504.412950

24504.408164

24504.404528

24504.395757

24504.389789

24504.378142

24504.371618

24504.363467

24504.359985

24504.363680

24504.364971

24504.375680

24504.377464

24504.377464

24504.375680

24504.364971

24504.363680

24504.359985

24504.363467

24504.371618

24504.378142

24504.389789

24504.395757

24504.404528

24504.408164

24504.412950

24504.414529

24504.416605

24504.417103

24504.417870

24504.418000

24504.418282

24504.418371

24504.418535

24504.418693

24504.418878

24504.419126

24504.419357

24504.419655

24504.419845

24504.419980

24504.419601

24504.418587

24504.418062

24504.419775

24504.420260

24504.420285

24504.419987

24504.419705

24504.419370

24504.419069

24504.418786

24504.418506

24504.418300

24504.417997

24504.417847

24504.417370

24504.417160

24504.416137

24504.415524

24504.413192

24504.411456

24504.406780

24504.403075

24504.395840

24504.390157

24504.383039

24504.377180

24504.375662

24504.372291

24504.377774

24504.377215

24504.381282

24504.381282

24504.377215

24504.377774

24504.372291

24504.375662

24504.377180

24504.383039

24504.390157

24504.395840

24504.403075

24504.406780

24504.411456

24504.413192

24504.415524

24504.416137

24504.417160

24504.417370

24504.417847

24504.417997

24504.418300

24504.418506

24504.418786

24504.419069

24504.419370

24504.419705

24504.419987

24504.420285

24504.420260

24504.419775

24504.418062

24504.416964

24504.419938

24504.420752

24504.420402

24504.420128

24504.419763

24504.419418

24504.419056

24504.418682

24504.418350

24504.417964

24504.417685

24504.417264

24504.417049

24504.416521

24504.416315

24504.415467

24504.414991

24504.413369

24504.411967

24504.409089

24504.405910

24504.402164

24504.396972

24504.394483

24504.388505

24504.389418

24504.384860

24504.387469

24504.385834

24504.385834

24504.387469

24504.384860

24504.389418

24504.388505

24504.394483

24504.396972

24504.402164

24504.405910

24504.409089

24504.411967

24504.413369

24504.414991

24504.415467

24504.416315

24504.416521

24504.417049

24504.417264

24504.417685

24504.417964

24504.418350

24504.418682

24504.419056

24504.419418

24504.419763

24504.420128

24504.420402

24504.420752

24504.419938

24504.416964

24504.416225

24504.420949

24504.420027

24504.419825

24504.419600

24504.419390

24504.419127

24504.418811

24504.418482

24504.418090

24504.417735

24504.417316

24504.417004

24504.416640

24504.416464

24504.416268

24504.416262

24504.416284

24504.416176

24504.416216

24504.415076

24504.414583

24504.410834

24504.409281

24504.401849

24504.399464

24504.389882

24504.387748

24504.380696

24504.379864

24504.379864

24504.380696

24504.387748

24504.389882

24504.399464

24504.401849

24504.409281

24504.410834

24504.414583

24504.415076

24504.416216

24504.416176

24504.416284

24504.416262

24504.416268

24504.416464

24504.416640

24504.417004

24504.417316

24504.417735

24504.418090

24504.418482

24504.418811

24504.419127

24504.419390

24504.419600

24504.419825

24504.420027

24504.420949

24504.416225

24504.411639

24504.416245

24504.416923

24504.417940

24504.418331

24504.418581

24504.418630

24504.418586

24504.418425

24504.418207

24504.417934

24504.417644

24504.417411

24504.417185

24504.417226

24504.417199

24504.417800

24504.417893

24504.419111

24504.418461

24504.419481

24504.415699

24504.414242

24504.403824

24504.397199

24504.379089

24504.367884

24504.348458

24504.339114

24504.330470

24504.330470

24504.339114

24504.348458

24504.367884

24504.379089

24504.397199

24504.403824

24504.414242

24504.415699

24504.419481

24504.418461

24504.419111

24504.417893

24504.417800

24504.417199

24504.417226

24504.417185

24504.417411

24504.417644

24504.417934

24504.418207

24504.418425

24504.418586

24504.418630

24504.418581

24504.418331

24504.417940

24504.416923

24504.416245

24504.411639

