AXIS X

0.000000 0.000500 0.001000 0.001500 0.002000 0.002500 0.003000 0.003500 0.004000 0.004500 0.005000 0.005500 0.006000 0.006500 0.007000 0.007500 0.008000 0.008500 0.009000 0.009500 0.010000 0.010500 0.011000 0.011500 0.012000 0.012500 0.013000 0.013500 0.014000 0.014500 0.015000 0.015500 0.016000 0.016500 0.017000 0.017500 0.018000 0.018500 0.019000 0.019500 0.020000 0.020500 0.021000 0.021500 0.022000 0.022500 0.023000 0.023500 0.024000 0.024500 0.025000 0.025500 0.026000 0.026500 0.027000 0.027500 0.028000 0.028500 0.029000 0.029500 

AXIS Y

0.000000 0.000500 0.001000 0.001500 0.002000 0.002500 0.003000 0.003500 0.004000 0.004500 0.005000 0.005500 0.006000 0.006500 0.007000 0.007500 0.008000 0.008500 0.009000 0.009500 0.010000 0.010500 0.011000 0.011500 0.012000 0.012500 0.013000 0.013500 0.014000 0.014500 0.015000 0.015500 0.016000 0.016500 0.017000 0.017500 0.018000 0.018500 0.019000 0.019500 0.020000 0.020500 0.021000 0.021500 0.022000 0.022500 0.023000 0.023500 0.024000 0.024500 0.025000 0.025500 0.026000 0.026500 0.027000 0.027500 0.028000 0.028500 0.029000 0.029500 



DATA
30159.286400

30159.287718

30159.287970

30159.288317

30159.288462

30159.288618

30159.288749

30159.288937

30159.289148

30159.289429

30159.289751

30159.290149

30159.290607

30159.291154

30159.291790

30159.292536

30159.293407

30159.294403

30159.295553

30159.296817

30159.298233

30159.299703

30159.301264

30159.302737

30159.304168

30159.305262

30159.306122

30159.306224

30159.306083

30159.303864

30159.303864

30159.306083

30159.306224

30159.306122

30159.305262

30159.304168

30159.302737

30159.301264

30159.299703

30159.298233

30159.296817

30159.295553

30159.294403

30159.293407

30159.292536

30159.291790

30159.291154

30159.290607

30159.290149

30159.289751

30159.289429

30159.289148

30159.288937

30159.288749

30159.288618

30159.288462

30159.288317

30159.287970

30159.287718

30159.286400

30159.287617

30159.288893

30159.288629

30159.288703

30159.288791

30159.288866

30159.288962

30159.289038

30159.289168

30159.289297

30159.289504

30159.289726

30159.290041

30159.290389

30159.290847

30159.291362

30159.292005

30159.292730

30159.293590

30159.294551

30159.295631

30159.296812

30159.298057

30159.299370

30159.300657

30159.301957

30159.303142

30159.304322

30159.305398

30159.303897

30159.303897

30159.305398

30159.304322

30159.303142

30159.301957

30159.300657

30159.299370

30159.298057

30159.296812

30159.295631

30159.294551

30159.293590

30159.292730

30159.292005

30159.291362

30159.290847

30159.290389

30159.290041

30159.289726

30159.289504

30159.289297

30159.289168

30159.289038

30159.288962

30159.288866

30159.288791

30159.288703

30159.288629

30159.288893

30159.287617

30159.287635

30159.288684

30159.288897

30159.288933

30159.289050

30159.289167

30159.289236

30159.289316

30159.289348

30159.289434

30159.289492

30159.289634

30159.289760

30159.289990

30159.290216

30159.290559

30159.290914

30159.291396

30159.291908

30159.292551

30159.293248

30159.294068

30159.294969

30159.295975

30159.297085

30159.298278

30159.299549

30159.300784

30159.301194

30159.299262

30159.299262

30159.301194

30159.300784

30159.299549

30159.298278

30159.297085

30159.295975

30159.294969

30159.294068

30159.293248

30159.292551

30159.291908

30159.291396

30159.290914

30159.290559

30159.290216

30159.289990

30159.289760

30159.289634

30159.289492

30159.289434

30159.289348

30159.289316

30159.289236

30159.289167

30159.289050

30159.288933

30159.288897

30159.288684

30159.287635

30159.287877

30159.288616

30159.288883

30159.289013

30159.289178

30159.289324

30159.289464

30159.289518

30159.289590

30159.289588

30159.289651

30159.289657

30159.289759

30159.289810

30159.289974

30159.290089

30159.290324

30159.290520

30159.290840

30159.291145

30159.291579

30159.292044

30159.292649

30159.293352

30159.294205

30159.295191

30159.296236

30159.297105

30159.297224

30159.296495

30159.296495

30159.297224

30159.297105

30159.296236

30159.295191

30159.294205

30159.293352

30159.292649

30159.292044

30159.291579

30159.291145

30159.290840

30159.290520

30159.290324

30159.290089

30159.289974

30159.289810

30159.289759

30159.289657

30159.289651

30159.289588

30159.289590

30159.289518

30159.289464

30159.289324

30159.289178

30159.289013

30159.288883

30159.288616

30159.287877

30159.287921

30159.288636

30159.288880

30159.289028

30159.289177

30159.289378

30159.289510

30159.289648

30159.289678

30159.289750

30159.289726

30159.289789

30159.289766

30159.289855

30159.289855

30159.289977

30159.290006

30159.290156

30159.290223

30159.290414

30159.290559

30159.290840

30159.291149

30159.291615

30159.292195

30159.292901

30159.293673

30159.294246

30159.294452

30159.293580

30159.293580

30159.294452

30159.294246

30159.293673

30159.292901

30159.292195

30159.291615

30159.291149

30159.290840

30159.290559

30159.290414

30159.290223

30159.290156

30159.290006

30159.289977

30159.289855

30159.289855

30159.289766

30159.289789

30159.289726

30159.289750

30159.289678

30159.289648

30159.289510

30159.289378

30159.289177

30159.289028

30159.288880

30159.288636

30159.287921

30159.288032

30159.288662

30159.288930

30159.289019

30159.289164

30159.289300

30159.289491

30159.289584

30159.289711

30159.289718

30159.289799

30159.289767

30159.289849

30159.289814

30159.289911

30159.289881

30159.289983

30159.289951

30159.290046

30159.290021

30159.290125

30159.290164

30159.290342

30159.290553

30159.290902

30159.291356

30159.291831

30159.292308

30159.292479

30159.292655

30159.292655

30159.292479

30159.292308

30159.291831

30159.291356

30159.290902

30159.290553

30159.290342

30159.290164

30159.290125

30159.290021

30159.290046

30159.289951

30159.289983

30159.289881

30159.289911

30159.289814

30159.289849

30159.289767

30159.289799

30159.289718

30159.289711

30159.289584

30159.289491

30159.289300

30159.289164

30159.289019

30159.288930

30159.288662

30159.288032

30159.288079

30159.288754

30159.288966

30159.289058

30159.289097

30159.289238

30159.289334

30159.289498

30159.289545

30159.289666

30159.289654

30159.289756

30159.289722

30159.289835

30159.289798

30159.289916

30159.289867

30159.289967

30159.289891

30159.289954

30159.289866

30159.289910

30159.289877

30159.289973

30159.290098

30159.290313

30159.290626

30159.290907

30159.291288

30159.291349

30159.291349

30159.291288

30159.290907

30159.290626

30159.290313

30159.290098

30159.289973

30159.289877

30159.289910

30159.289866

30159.289954

30159.289891

30159.289967

30159.289867

30159.289916

30159.289798

30159.289835

30159.289722

30159.289756

30159.289654

30159.289666

30159.289545

30159.289498

30159.289334

30159.289238

30159.289097

30159.289058

30159.288966

30159.288754

30159.288079

30159.288191

30159.288808

30159.289054

30159.289050

30159.289085

30159.289092

30159.289218

30159.289262

30159.289402

30159.289407

30159.289530

30159.289503

30159.289633

30159.289600

30159.289748

30159.289709

30159.289853

30159.289787

30159.289891

30159.289781

30159.289822

30159.289686

30159.289681

30159.289588

30159.289601

30159.289647

30159.289757

30159.290026

30159.290335

30159.291125

30159.291125

30159.290335

30159.290026

30159.289757

30159.289647

30159.289601

30159.289588

30159.289681

30159.289686

30159.289822

30159.289781

30159.289891

30159.289787

30159.289853

30159.289709

30159.289748

30159.289600

30159.289633

30159.289503

30159.289530

30159.289407

30159.289402

30159.289262

30159.289218

30159.289092

30159.289085

30159.289050

30159.289054

30159.288808

30159.288191

30159.288255

30159.288920

30159.289082

30159.289097

30159.288999

30159.289020

30159.288993

30159.289101

30159.289094

30159.289218

30159.289186

30159.289319

30159.289278

30159.289438

30159.289400

30159.289580

30159.289532

30159.289698

30159.289612

30159.289721

30159.289579

30159.289602

30159.289424

30159.289379

30159.289239

30159.289200

30159.289228

30159.289364

30159.289796

30159.290319

30159.290319

30159.289796

30159.289364

30159.289228

30159.289200

30159.289239

30159.289379

30159.289424

30159.289602

30159.289579

30159.289721

30159.289612

30159.289698

30159.289532

30159.289580

30159.289400

30159.289438

30159.289278

30159.289319

30159.289186

30159.289218

30159.289094

30159.289101

30159.288993

30159.289020

30159.288999

30159.289097

30159.289082

30159.288920

30159.288255

30159.288381

30159.288970

30159.289165

30159.289060

30159.288985

30159.288847

30159.288869

30159.288805

30159.288899

30159.288842

30159.288959

30159.288893

30159.289041

30159.288980

30159.289166

30159.289112

30159.289320

30159.289250

30159.289436

30159.289322

30159.289437

30159.289265

30159.289283

30159.289080

30159.289027

30159.288891

30159.288890

30159.289018

30159.289352

30159.290232

30159.290232

30159.289352

30159.289018

30159.288890

30159.288891

30159.289027

30159.289080

30159.289283

30159.289265

30159.289437

30159.289322

30159.289436

30159.289250

30159.289320

30159.289112

30159.289166

30159.288980

30159.289041

30159.288893

30159.288959

30159.288842

30159.288899

30159.288805

30159.288869

30159.288847

30159.288985

30159.289060

30159.289165

30159.288970

30159.288381

30159.288450

30159.289077

30159.289161

30159.289089

30159.288863

30159.288775

30159.288617

30159.288644

30159.288539

30159.288622

30159.288518

30159.288636

30159.288533

30159.288696

30159.288606

30159.288815

30159.288731

30159.288960

30159.288858

30159.289062

30159.288919

30159.289054

30159.288867

30159.288916

30159.288735

30159.288751

30159.288700

30159.288860

30159.289183

30159.289636

30159.289636

30159.289183

30159.288860

30159.288700

30159.288751

30159.288735

30159.288916

30159.288867

30159.289054

30159.288919

30159.289062

30159.288858

30159.288960

30159.288731

30159.288815

30159.288606

30159.288696

30159.288533

30159.288636

30159.288518

30159.288622

30159.288539

30159.288644

30159.288617

30159.288775

30159.288863

30159.289089

30159.289161

30159.289077

30159.288450

30159.288575

30159.289103

30159.289220

30159.289007

30159.288835

30159.288572

30159.288503

30159.288326

30159.288356

30159.288206

30159.288285

30159.288133

30159.288255

30159.288110

30159.288287

30159.288155

30159.288382

30159.288253

30159.288503

30159.288362

30159.288598

30159.288438

30159.288628

30159.288469

30159.288618

30159.288528

30159.288713

30159.288816

30159.289178

30159.289782

30159.289782

30159.289178

30159.288816

30159.288713

30159.288528

30159.288618

30159.288469

30159.288628

30159.288438

30159.288598

30159.288362

30159.288503

30159.288253

30159.288382

30159.288155

30159.288287

30159.288110

30159.288255

30159.288133

30159.288285

30159.288206

30159.288356

30159.288326

30159.288503

30159.288572

30159.288835

30159.289007

30159.289220

30159.289103

30159.288575

30159.288628

30159.289188

30159.289171

30159.289010

30159.288671

30159.288498

30159.288230

30159.288188

30159.287983

30159.288017

30159.287818

30159.287897

30159.287693

30159.287824

30159.287626

30159.287816

30159.287626

30159.287870

30159.287687

30159.287968

30159.287794

30159.288093

30159.287950

30159.288260

30159.288193

30159.288536

30159.288606

30159.289027

30159.289261

30159.289467

30159.289467

30159.289261

30159.289027

30159.288606

30159.288536

30159.288193

30159.288260

30159.287950

30159.288093

30159.287794

30159.287968

30159.287687

30159.287870

30159.287626

30159.287816

30159.287626

30159.287824

30159.287693

30159.287897

30159.287818

30159.288017

30159.287983

30159.288188

30159.288230

30159.288498

30159.288671

30159.289010

30159.289171

30159.289188

30159.288628

30159.288733

30159.289172

30159.289198

30159.288878

30159.288628

30159.288263

30159.288131

30159.287858

30159.287841

30159.287598

30159.287639

30159.287386

30159.287472

30159.287210

30159.287349

30159.287084

30159.287286

30159.287024

30159.287292

30159.287051

30159.287389

30159.287207

30159.287628

30159.287565

30159.288088

30159.288195

30159.288820

30159.289071

30159.289665

30159.290110

30159.290110

30159.289665

30159.289071

30159.288820

30159.288195

30159.288088

30159.287565

30159.287628

30159.287207

30159.287389

30159.287051

30159.287292

30159.287024

30159.287286

30159.287084

30159.287349

30159.287210

30159.287472

30159.287386

30159.287639

30159.287598

30159.287841

30159.287858

30159.288131

30159.288263

30159.288628

30159.288878

30159.289198

30159.289172

30159.288733

30159.288750

30159.289221

30159.289096

30159.288855

30159.288422

30159.288192

30159.287837

30159.287755

30159.287466

30159.287472

30159.287184

30159.287236

30159.286926

30159.287021

30159.286688

30159.286836

30159.286486

30159.286702

30159.286357

30159.286666

30159.286382

30159.286829

30159.286698

30159.287337

30159.287452

30159.288299

30159.288658

30159.289594

30159.289964

30159.290137

30159.290137

30159.289964

30159.289594

30159.288658

30159.288299

30159.287452

30159.287337

30159.286698

30159.286829

30159.286382

30159.286666

30159.286357

30159.286702

30159.286486

30159.286836

30159.286688

30159.287021

30159.286926

30159.287236

30159.287184

30159.287472

30159.287466

30159.287755

30159.287837

30159.288192

30159.288422

30159.288855

30159.289096

30159.289221

30159.288750

30159.288816

30159.289150

30159.289086

30159.288673

30159.288367

30159.287926

30159.287761

30159.287416

30159.287381

30159.287066

30159.287095

30159.286757

30159.286825

30159.286446

30159.286552

30159.286128

30159.286283

30159.285828

30159.286067

30159.285640

30159.286035

30159.285757

30159.286412

30159.286446

30159.287444

30159.287875

30159.289152

30159.289788

30159.290902

30159.291599

30159.291599

30159.290902

30159.289788

30159.289152

30159.287875

30159.287444

30159.286446

30159.286412

30159.285757

30159.286035

30159.285640

30159.286067

30159.285828

30159.286283

30159.286128

30159.286552

30159.286446

30159.286825

30159.286757

30159.287095

30159.287066

30159.287381

30159.287416

30159.287761

30159.287926

30159.288367

30159.288673

30159.289086

30159.289150

30159.288816

30159.288780

30159.289149

30159.288925

30159.288624

30159.288121

30159.287864

30159.287449

30159.287359

30159.287013

30159.287022

30159.286671

30159.286728

30159.286330

30159.286415

30159.285948

30159.286059

30159.285518

30159.285681

30159.285108

30159.285402

30159.284929

30159.285504

30159.285356

30159.286386

30159.286779

30159.288317

30159.289207

30159.290927

30159.291733

30159.292026

30159.292026

30159.291733

30159.290927

30159.289207

30159.288317

30159.286779

30159.286386

30159.285356

30159.285504

30159.284929

30159.285402

30159.285108

30159.285681

30159.285518

30159.286059

30159.285948

30159.286415

30159.286330

30159.286728

30159.286671

30159.287022

30159.287013

30159.287359

30159.287449

30159.287864

30159.288121

30159.288624

30159.288925

30159.289149

30159.288780

30159.288793

30159.289013

30159.288874

30159.288392

30159.288061

30159.287571

30159.287405

30159.287016

30159.286997

30159.286636

30159.286691

30159.286294

30159.286381

30159.285905

30159.286001

30159.285416

30159.285525

30159.284840

30159.285026

30159.284352

30159.284782

30159.284376

30159.285313

30159.285525

30159.287183

30159.288196

30159.290426

30159.291799

30159.293651

30159.294845

30159.294845

30159.293651

30159.291799

30159.290426

30159.288196

30159.287183

30159.285525

30159.285313

30159.284376

30159.284782

30159.284352

30159.285026

30159.284840

30159.285525

30159.285416

30159.286001

30159.285905

30159.286381

30159.286294

30159.286691

30159.286636

30159.286997

30159.287016

30159.287405

30159.287571

30159.288061

30159.288392

30159.288874

30159.289013

30159.288793

30159.288694

30159.288954

30159.288652

30159.288322

30159.287780

30159.287529

30159.287082

30159.287015

30159.286638

30159.286687

30159.286300

30159.286401

30159.285942

30159.286052

30159.285467

30159.285560

30159.284818

30159.284923

30159.284086

30159.284353

30159.283660

30159.284401

30159.284293

30159.285888

30159.286806

30159.289374

30159.291220

30159.294069

30159.295610

30159.295754

30159.295754

30159.295610

30159.294069

30159.291220

30159.289374

30159.286806

30159.285888

30159.284293

30159.284401

30159.283660

30159.284353

30159.284086

30159.284923

30159.284818

30159.285560

30159.285467

30159.286052

30159.285942

30159.286401

30159.286300

30159.286687

30159.286638

30159.287015

30159.287082

30159.287529

30159.287780

30159.288322

30159.288652

30159.288954

30159.288694

30159.288643

30159.288745

30159.288559

30159.288044

30159.287726

30159.287218

30159.287083

30159.286675

30159.286702

30159.286322

30159.286438

30159.286009

30159.286151

30159.285601

30159.285715

30159.284976

30159.285048

30159.284116

30159.284244

30159.283291

30159.283777

30159.283253

30159.284597

30159.285152

30159.287777

30159.289769

30159.293393

30159.295987

30159.298788

30159.300640

30159.300640

30159.298788

30159.295987

30159.293393

30159.289769

30159.287777

30159.285152

30159.284597

30159.283253

30159.283777

30159.283291

30159.284244

30159.284116

30159.285048

30159.284976

30159.285715

30159.285601

30159.286151

30159.286009

30159.286438

30159.286322

30159.286702

30159.286675

30159.287083

30159.287218

30159.287726

30159.288044

30159.288559

30159.288745

30159.288643

30159.288472

30159.288625

30159.288276

30159.287960

30159.287418

30159.287209

30159.286756

30159.286742

30159.286356

30159.286474

30159.286074

30159.286251

30159.285754

30159.285917

30159.285228

30159.285319

30159.284370

30159.284413

30159.283274

30159.283502

30159.282540

30159.283479

30159.283424

30159.285752

30159.287392

30159.291358

30159.294610

30159.299045

30159.301805

30159.301680

30159.301680

30159.301805

30159.299045

30159.294610

30159.291358

30159.287392

30159.285752

30159.283424

30159.283479

30159.282540

30159.283502

30159.283274

30159.284413

30159.284370

30159.285319

30159.285228

30159.285917

30159.285754

30159.286251

30159.286074

30159.286474

30159.286356

30159.286742

30159.286756

30159.287209

30159.287418

30159.287960

30159.288276

30159.288625

30159.288472

30159.288351

30159.288342

30159.288146

30159.287644

30159.287382

30159.286889

30159.286816

30159.286409

30159.286510

30159.286127

30159.286330

30159.285886

30159.286108

30159.285496

30159.285645

30159.284748

30159.284774

30159.283551

30159.283569

30159.282227

30159.282681

30159.281869

30159.283554

30159.284307

30159.287978

30159.291032

30159.296411

30159.300746

30159.305176

30159.308911

30159.308911

30159.305176

30159.300746

30159.296411

30159.291032

30159.287978

30159.284307

30159.283554

30159.281869

30159.282681

30159.282227

30159.283569

30159.283551

30159.284774

30159.284748

30159.285645

30159.285496

30159.286108

30159.285886

30159.286330

30159.286127

30159.286510

30159.286409

30159.286816

30159.286889

30159.287382

30159.287644

30159.288146

30159.288342

30159.288351

30159.288108

30159.288160

30159.287808

30159.287557

30159.287058

30159.286927

30159.286494

30159.286557

30159.286176

30159.286385

30159.285982

30159.286255

30159.285724

30159.285954

30159.285152

30159.285225

30159.284016

30159.283914

30159.282315

30159.282301

30159.280728

30159.281526

30159.280984

30159.283666

30159.285483

30159.290727

30159.295357

30159.302031

30159.307207

30159.308288

30159.308288

30159.307207

30159.302031

30159.295357

30159.290727

30159.285483

30159.283666

30159.280984

30159.281526

30159.280728

30159.282301

30159.282315

30159.283914

30159.284016

30159.285225

30159.285152

30159.285954

30159.285724

30159.286255

30159.285982

30159.286385

30159.286176

30159.286557

30159.286494

30159.286927

30159.287058

30159.287557

30159.287808

30159.288160

30159.288108

30159.287914

30159.287807

30159.287648

30159.287212

30159.287052

30159.286609

30159.286625

30159.286236

30159.286427

30159.286049

30159.286352

30159.285891

30159.286199

30159.285508

30159.285672

30159.284554

30159.284433

30159.282728

30159.282355

30159.280162

30159.280001

30159.278014

30159.279148

30159.278837

30159.282668

30159.285739

30159.292840

30159.299387

30159.307448

30159.316783

30159.316783

30159.307448

30159.299387

30159.292840

30159.285739

30159.282668

30159.278837

30159.279148

30159.278014

30159.280001

30159.280162

30159.282355

30159.282728

30159.284433

30159.284554

30159.285672

30159.285508

30159.286199

30159.285891

30159.286352

30159.286049

30159.286427

30159.286236

30159.286625

30159.286609

30159.287052

30159.287212

30159.287648

30159.287807

30159.287914

30159.287603

30159.287569

30159.287266

30159.287133

30159.286724

30159.286706

30159.286315

30159.286473

30159.286104

30159.286411

30159.285998

30159.286367

30159.285778

30159.286050

30159.285063

30159.285015

30159.283342

30159.282779

30159.280201

30159.279208

30159.275919

30159.275245

30159.272355

30159.273645

30159.273418

30159.278728

30159.283681

30159.293747

30159.303788

30159.310334

30159.310334

30159.303788

30159.293747

30159.283681

30159.278728

30159.273418

30159.273645

30159.272355

30159.275245

30159.275919

30159.279208

30159.280201

30159.282779

30159.283342

30159.285015

30159.285063

30159.286050

30159.285778

30159.286367

30159.285998

30159.286411

30159.286104

30159.286473

30159.286315

30159.286706

30159.286724

30159.287133

30159.287266

30159.287569

30159.287603

30159.287342

30159.287157

30159.287085

30159.286771

30159.286759

30159.286398

30159.286525

30159.286163

30159.286452

30159.286068

30159.286467

30159.285957

30159.286326

30159.285478

30159.285559

30159.284018

30159.283446

30159.280742

30159.279200

30159.274985

30159.272632

30159.267273

30159.265393

30159.260833

30159.262248

30159.262428

30159.270688

30159.279737

30159.295526

30159.317128

30159.317128

30159.295526

30159.279737

30159.270688

30159.262428

30159.262248

30159.260833

30159.265393

30159.267273

30159.272632

30159.274985

30159.279200

30159.280742

30159.283446

30159.284018

30159.285559

30159.285478

30159.286326

30159.285957

30159.286467

30159.286068

30159.286452

30159.286163

30159.286525

30159.286398

30159.286759

30159.286771

30159.287085

30159.287157

30159.287342

30159.286974

30159.286874

30159.286672

30159.286709

30159.286434

30159.286559

30159.286227

30159.286488

30159.286124

30159.286522

30159.286067

30159.286502

30159.285776

30159.286001

30159.284640

30159.284205

30159.281593

30159.279858

30159.275197

30159.271640

30159.264414

30159.259448

30159.250550

30159.246736

30159.240025

30159.242722

30159.245437

30159.260766

30159.279192

30159.298858

30159.298858

30159.279192

30159.260766

30159.245437

30159.242722

30159.240025

30159.246736

30159.250550

30159.259448

30159.264414

30159.271640

30159.275197

30159.279858

30159.281593

30159.284205

30159.284640

30159.286001

30159.285776

30159.286502

30159.286067

30159.286522

30159.286124

30159.286488

30159.286227

30159.286559

30159.286434

30159.286709

30159.286672

30159.286874

30159.286974

30159.286658

30159.286420

30159.286483

30159.286342

30159.286515

30159.286263

30159.286513

30159.286180

30159.286557

30159.286140

30159.286602

30159.285971

30159.286318

30159.285143

30159.284922

30159.282547

30159.280940

30159.276287

30159.272196

30159.263975

30159.256704

30159.244424

30159.235303

30159.221389

30159.215885

30159.208166

30159.216266

30159.227195

30159.257046

30159.300384

30159.300384

30159.257046

30159.227195

30159.216266

30159.208166

30159.215885

30159.221389

30159.235303

30159.244424

30159.256704

30159.263975

30159.272196

30159.276287

30159.280940

30159.282547

30159.284922

30159.285143

30159.286318

30159.285971

30159.286602

30159.286140

30159.286557

30159.286180

30159.286513

30159.286263

30159.286515

30159.286342

30159.286483

30159.286420

30159.286658

30159.286250

30159.286109

30159.286054

30159.286305

30159.286198

30159.286485

30159.286221

30159.286579

30159.286200

30159.286657

30159.286097

30159.286522

30159.285512

30159.285513

30159.283439

30159.282174

30159.277864

30159.273898

30159.265560

30159.257204

30159.243072

30159.229891

30159.210268

30159.196060

30159.176888

30159.172694

30159.168644

30159.191097

30159.221359

30159.267395

30159.267395

30159.221359

30159.191097

30159.168644

30159.172694

30159.176888

30159.196060

30159.210268

30159.229891

30159.243072

30159.257204

30159.265560

30159.273898

30159.277864

30159.282174

30159.283439

30159.285513

30159.285512

30159.286522

30159.286097

30159.286657

30159.286200

30159.286579

30159.286221

30159.286485

30159.286198

30159.286305

30159.286054

30159.286109

30159.286250

30159.285899

30159.285634

30159.285870

30159.285940

30159.286322

30159.286196

30159.286567

30159.286252

30159.286688

30159.286191

30159.286647

30159.285776

30159.285955

30159.284186

30159.283339

30159.279558

30159.276189

30159.268423

30159.260235

30159.245861

30159.230753

30159.208040

30159.187055

30159.158726

30159.140740

30159.119082

30159.124015

30159.133889

30159.185781

30159.264712

30159.264712

30159.185781

30159.133889

30159.124015

30159.119082

30159.140740

30159.158726

30159.187055

30159.208040

30159.230753

30159.245861

30159.260235

30159.268423

30159.276189

30159.279558

30159.283339

30159.284186

30159.285955

30159.285776

30159.286647

30159.286191

30159.286688

30159.286252

30159.286567

30159.286196

30159.286322

30159.285940

30159.285870

30159.285634

30159.285899

30159.285473

30159.285316

30159.285441

30159.285929

30159.286012

30159.286461

30159.286266

30159.286695

30159.286272

30159.286725

30159.285976

30159.286266

30159.284778

30159.284311

30159.281120

30159.278554

30159.271772

30159.264679

30159.251348

30159.236569

30159.213560

30159.189423

30159.156328

30159.127453

30159.091659

30159.075232

30159.058602

30159.087508

30159.131791

30159.229965

30159.229965

30159.131791

30159.087508

30159.058602

30159.075232

30159.091659

30159.127453

30159.156328

30159.189423

30159.213560

30159.236569

30159.251348

30159.264679

30159.271772

30159.278554

30159.281120

30159.284311

30159.284778

30159.286266

30159.285976

30159.286725

30159.286272

30159.286695

30159.286266

30159.286461

30159.286012

30159.285929

30159.285441

30159.285316

30159.285473

30159.285110

30159.284844

30159.285274

30159.285573

30159.286165

30159.286169

30159.286642

30159.286329

30159.286772

30159.286141

30159.286486

30159.285247

30159.285066

30159.282440

30159.280656

30159.275008

30159.269439

30159.257921

30159.245139

30159.224033

30159.200615

30159.167395

30159.133693

30159.091091

30159.057573

30159.019483

30159.015255

30159.018689

30159.099722

30159.236979

30159.236979

30159.099722

30159.018689

30159.015255

30159.019483

30159.057573

30159.091091

30159.133693

30159.167395

30159.200615

30159.224033

30159.245139

30159.257921

30159.269439

30159.275008

30159.280656

30159.282440

30159.285066

30159.285247

30159.286486

30159.286141

30159.286772

30159.286329

30159.286642

30159.286169

30159.286165

30159.285573

30159.285274

30159.284844

30159.285110

30159.284692

30159.284542

30159.284861

30159.285585

30159.285859

30159.286452

30159.286315

30159.286776

30159.286278

30159.286646

30159.285631

30159.285638

30159.283516

30159.282361

30159.277814

30159.273751

30159.264319

30159.254275

30159.236339

30159.216395

30159.186513

30159.154379

30159.112426

30159.072035

30159.024922

30158.993519

30158.962891

30158.990078

30159.049534

30159.247303

30159.247303

30159.049534

30158.990078

30158.962891

30158.993519

30159.024922

30159.072035

30159.112426

30159.154379

30159.186513

30159.216395

30159.236339

30159.254275

30159.264319

30159.273751

30159.277814

30159.282361

30159.283516

30159.285638

30159.285631

30159.286646

30159.286278

30159.286776

30159.286315

30159.286452

30159.285859

30159.285585

30159.284861

30159.284542

30159.284692

30159.284347

30159.284099

30159.284722

30159.285243

30159.286024

30159.286146

30159.286686

30159.286360

30159.286751

30159.285949

30159.286074

30159.284391

30159.283687

30159.280112

30159.277280

30159.269848

30159.262465

30159.248076

30159.232678

30159.207925

30159.181509

30159.145160

30159.108266

30159.064008

30159.023406

30158.980796

30158.960520

30158.956667

30159.062886

30159.289482

30159.289482

30159.062886

30158.956667

30158.960520

30158.980796

30159.023406

30159.064008

30159.108266

30159.145160

30159.181509

30159.207925

30159.232678

30159.248076

30159.262465

30159.269848

30159.277280

30159.280112

30159.283687

30159.284391

30159.286074

30159.285949

30159.286751

30159.286360

30159.286686

30159.286146

30159.286024

30159.285243

30159.284722

30159.284099

30159.284347

30159.283962

30159.283839

30159.284341

30159.285273

30159.285716

30159.286420

30159.286328

30159.286776

30159.286192

30159.286400

30159.285100

30159.284706

30159.281952

30159.280019

30159.274314

30159.269067

30159.257978

30159.246802

30159.227497

30159.207961

30159.179221

30159.151356

30159.116194

30159.083652

30159.048761

30159.015207

30158.990228

30158.996973

30159.076929

30159.431273

30159.431273

30159.076929

30158.996973

30158.990228

30159.015207

30159.048761

30159.083652

30159.116194

30159.151356

30159.179221

30159.207961

30159.227497

30159.246802

30159.257978

30159.269067

30159.274314

30159.280019

30159.281952

30159.284706

30159.285100

30159.286400

30159.286192

30159.286776

30159.286328

30159.286420

30159.285716

30159.285273

30159.284341

30159.283839

30159.283962

30159.283666

30159.283450

30159.284241

30159.284949

30159.285877

30159.286095

30159.286665

30159.286322

30159.286613

30159.285652

30159.285484

30159.283408

30159.282113

30159.277815

30159.274105

30159.265762

30159.257803

30159.243312

30159.229631

30159.208313

30159.189856

30159.165027

30159.146415

30159.125598

30159.110653

30159.101432

30159.079392

30159.100124

30159.194557

30159.511569

30159.511569

30159.194557

30159.100124

30159.079392

30159.101432

30159.110653

30159.125598

30159.146415

30159.165027

30159.189856

30159.208313

30159.229631

30159.243312

30159.257803

30159.265762

30159.274105

30159.277815

30159.282113

30159.283408

30159.285484

30159.285652

30159.286613

30159.286322

30159.286665

30159.286095

30159.285877

30159.284949

30159.284241

30159.283450

30159.283666

30159.283340

30159.283258

30159.283907

30159.284996

30159.285567

30159.286338

30159.286281

30159.286684

30159.286034

30159.286047

30159.284531

30159.283706

30159.280526

30159.277900

30159.271702

30159.265943

30159.255223

30159.245549

30159.230219

30159.218578

30159.202556

30159.195464

30159.187309

30159.192981

30159.202415

30159.223014

30159.268360

30159.264951

30159.406992

30159.884824

30159.884824

30159.406992

30159.264951

30159.268360

30159.223014

30159.202415

30159.192981

30159.187309

30159.195464

30159.202556

30159.218578

30159.230219

30159.245549

30159.255223

30159.265943

30159.271702

30159.277900

30159.280526

30159.283706

30159.284531

30159.286047

30159.286034

30159.286684

30159.286281

30159.286338

30159.285567

30159.284996

30159.283907

30159.283258

30159.283340

30159.283125

30159.282946

30159.283861

30159.284698

30159.285714

30159.285998

30159.286565

30159.286217

30159.286395

30159.285339

30159.284884

30159.282588

30159.280769

30159.276213

30159.271959

30159.264005

30159.256747

30159.245588

30159.237559

30159.227532

30159.226559

30159.227448

30159.245212

30159.267246

30159.312962

30159.370714

30159.469119

30159.646604

30159.688578

30159.928825

30159.928825

30159.688578

30159.646604

30159.469119

30159.370714

30159.312962

30159.267246

30159.245212

30159.227448

30159.226559

30159.227532

30159.237559

30159.245588

30159.256747

30159.264005

30159.271959

30159.276213

30159.280769

30159.282588

30159.284884

30159.285339

30159.286395

30159.286217

30159.286565

30159.285998

30159.285714

30159.284698

30159.283861

30159.282946

30159.283125

30159.282883

30159.282848

30159.283590

30159.284764

30159.285408

30159.286199

30159.286168

30159.286514

30159.285842

30159.285687

30159.284085

30159.282911

30159.279618

30159.276506

30159.270568

30159.264840

30159.256333

30159.249660

30159.242625

30159.242685

30159.247952

30159.269055

30159.299400

30159.353097

30159.414399

30159.519315

30159.663343

30159.961385

30160.396399

30160.616036

30160.616036

30160.396399

30159.961385

30159.663343

30159.519315

30159.414399

30159.353097

30159.299400

30159.269055

30159.247952

30159.242685

30159.242625

30159.249660

30159.256333

30159.264840

30159.270568

30159.276506

30159.279618

30159.282911

30159.284085

30159.285687

30159.285842

30159.286514

30159.286168

30159.286199

30159.285408

30159.284764

30159.283590

30159.282848

30159.282883

30159.282780

30159.282636

30159.283610

30159.284501

30159.285538

30159.285851

30159.286390

30159.286052

30159.286141

30159.285076

30159.284423

30159.282107

30159.279952

30159.275551

30159.271053

30159.264293

30159.258124

30159.251932

30159.250059

30159.254813

30159.272145

30159.304882

30159.358350

30159.426390

30159.521295

30159.636054

30159.845053

30160.167906

30160.762262

30160.540068

30160.540068

30160.762262

30160.167906

30159.845053

30159.636054

30159.521295

30159.426390

30159.358350

30159.304882

30159.272145

30159.254813

30159.250059

30159.251932

30159.258124

30159.264293

30159.271053

30159.275551

30159.279952

30159.282107

30159.284423

30159.285076

30159.286141

30159.286052

30159.286390

30159.285851

30159.285538

30159.284501

30159.283610

30159.282636

30159.282780

30159.282643

30159.282652

30159.283415

30159.284592

30159.285242

30159.286005

30159.285984

30159.286279

30159.285626

30159.285374

30159.283804

30159.282456

30159.279274

30159.275950

30159.270564

30159.265030

30159.258877

30159.254616

30159.255656

30159.265204

30159.292106

30159.337299

30159.408805

30159.501034

30159.611781

30159.763755

30159.992476

30160.367709

30160.900928

30160.721526

30160.721526

30160.900928

30160.367709

30159.992476

30159.763755

30159.611781

30159.501034

30159.408805

30159.337299

30159.292106

30159.265204

30159.255656

30159.254616

30159.258877

30159.265030

30159.270564

30159.275950

30159.279274

30159.282456

30159.283804

30159.285374

30159.285626

30159.286279

30159.285984

30159.286005

30159.285242

30159.284592

30159.283415

30159.282652

30159.282643

30159.282676

30159.282553

30159.283511

30159.284370

30159.285355

30159.285650

30159.286138

30159.285815

30159.285852

30159.284833

30159.284116

30159.281900

30159.279670

30159.275527

30159.271041

30159.265143

30159.259648

30159.256583

30159.258328

30159.273574

30159.303772

30159.364798

30159.449219

30159.567552

30159.707127

30159.872728

30160.138605

30160.502037

30160.738946

30159.625074

30159.625074

30160.738946

30160.502037

30160.138605

30159.872728

30159.707127

30159.567552

30159.449219

30159.364798

30159.303772

30159.273574

30159.258328

30159.256583

30159.259648

30159.265143

30159.271041

30159.275527

30159.279670

30159.281900

30159.284116

30159.284833

30159.285852

30159.285815

30159.286138

30159.285650

30159.285355

30159.284370

30159.283511

30159.282553

30159.282676

30159.282660

30159.282694

30159.283400

30159.284487

30159.285070

30159.285753

30159.285714

30159.285959

30159.285338

30159.285065

30159.283581

30159.282257

30159.279237

30159.276016

30159.270901

30159.265622

30159.260077

30159.256763

30159.260344

30159.274551

30159.312742

30159.376147

30159.483173

30159.619219

30159.783595

30159.986032

30160.170261

30160.481737

30159.902174

30159.615039

30159.615039

30159.902174

30160.481737

30160.170261

30159.986032

30159.783595

30159.619219

30159.483173

30159.376147

30159.312742

30159.274551

30159.260344

30159.256763

30159.260077

30159.265622

30159.270901

30159.276016

30159.279237

30159.282257

30159.283581

30159.285065

30159.285338

30159.285959

30159.285714

30159.285753

30159.285070

30159.284487

30159.283400

30159.282694

30159.282660

30159.282837

30159.282713

30159.283573

30159.284310

30159.285164

30159.285387

30159.285794

30159.285466

30159.285474

30159.284515

30159.283846

30159.281757

30159.279711

30159.275714

30159.271559

30159.265545

30159.260412

30159.256483

30159.259053

30159.273833

30159.310168

30159.380830

30159.492940

30159.651400

30159.841168

30160.014427

30160.226588

30160.079153

30159.888921

30159.400851

30159.400851

30159.888921

30160.079153

30160.226588

30160.014427

30159.841168

30159.651400

30159.492940

30159.380830

30159.310168

30159.273833

30159.259053

30159.256483

30159.260412

30159.265545

30159.271559

30159.275714

30159.279711

30159.281757

30159.283846

30159.284515

30159.285474

30159.285466

30159.285794

30159.285387

30159.285164

30159.284310

30159.283573

30159.282713

30159.282837

30159.282943

30159.282973

30159.283543

30159.284450

30159.284890

30159.285436

30159.285341

30159.285520

30159.284919

30159.284663

30159.283276

30159.282126

30159.279261

30159.276450

30159.271296

30159.266544

30159.259810

30159.256617

30159.256011

30159.270252

30159.301402

30159.372318

30159.481610

30159.651787

30159.842782

30160.035957

30160.132970

30160.060653

30159.722442

30159.353509

30159.353509

30159.722442

30160.060653

30160.132970

30160.035957

30159.842782

30159.651787

30159.481610

30159.372318

30159.301402

30159.270252

30159.256011

30159.256617

30159.259810

30159.266544

30159.271296

30159.276450

30159.279261

30159.282126

30159.283276

30159.284663

30159.284919

30159.285520

30159.285341

30159.285436

30159.284890

30159.284450

30159.283543

30159.282973

30159.282943

30159.283249

30159.283099

30159.283782

30159.284314

30159.284961

30159.285058

30159.285344

30159.284989

30159.284964

30159.284062

30159.283497

30159.281566

30159.279883

30159.276057

30159.272572

30159.266118

30159.261520

30159.254485

30159.256114

30159.261084

30159.294437

30159.346008

30159.460930

30159.601252

30159.810971

30159.979232

30160.080069

30160.163210

30159.679340

30159.355199

30159.355199

30159.679340

30160.163210

30160.080069

30159.979232

30159.810971

30159.601252

30159.460930

30159.346008

30159.294437

30159.261084

30159.256114

30159.254485

30159.261520

30159.266118

30159.272572

30159.276057

30159.279883

30159.281566

30159.283497

30159.284062

30159.284964

30159.284989

30159.285344

30159.285058

30159.284961

30159.284314

30159.283782

30159.283099

30159.283249

30159.283454

30159.283451

30159.283821

30159.284467

30159.284700

30159.285056

30159.284874

30159.284963

30159.284379

30159.284148

30159.282893

30159.281985

30159.279396

30159.277193

30159.272265

30159.268380

30159.260668

30159.257452

30159.251077

30159.261160

30159.274304

30159.332488

30159.403230

30159.555771

30159.695747

30159.898321

30159.984161

30160.099639

30160.273659

30159.259807

30159.259807

30160.273659

30160.099639

30159.984161

30159.898321

30159.695747

30159.555771

30159.403230

30159.332488

30159.274304

30159.261160

30159.251077

30159.257452

30159.260668

30159.268380

30159.272265

30159.277193

30159.279396

30159.281985

30159.282893

30159.284148

30159.284379

30159.284963

30159.284874

30159.285056

30159.284700

30159.284467

30159.283821

30159.283451

30159.283454

30159.283842

30159.283654

30159.284102

30159.284370

30159.284752

30159.284686

30159.284821

30159.284436

30159.284371

30159.283564

30159.283121

30159.281469

30159.280219

30159.276914

30159.274280

30159.268264

30159.264419

30159.255939

30159.255569

30159.251636

30159.272798

30159.295995

30159.376105

30159.455413

30159.615076

30159.708120

30159.876532

30159.789751

30160.156581

30160.508144

30160.508144

30160.156581

30159.789751

30159.876532

30159.708120

30159.615076

30159.455413

30159.376105

30159.295995

30159.272798

30159.251636

30159.255569

30159.255939

30159.264419

30159.268264

30159.274280

30159.276914

30159.280219

30159.281469

30159.283121

30159.283564

30159.284371

30159.284436

30159.284821

30159.284686

30159.284752

30159.284370

30159.284102

30159.283654

30159.283842

30159.284093

30159.284052

30159.284195

30159.284534

30159.284526

30159.284661

30159.284388

30159.284382

30159.283852

30159.283658

30159.282638

30159.281994

30159.279954

30159.278398

30159.274433

30159.271492

30159.264694

30159.261314

30159.253218

30159.256511

30159.257407

30159.287965

30159.320746

30159.405364

30159.476684

30159.595170

30159.608874

30159.653621

30159.278238

30158.658193

30158.658193

30159.278238

30159.653621

30159.608874

30159.595170

30159.476684

30159.405364

30159.320746

30159.287965

30159.257407

30159.256511

30159.253218

30159.261314

30159.264694

30159.271492

30159.274433

30159.278398

30159.279954

30159.281994

30159.282638

30159.283658

30159.283852

30159.284382

30159.284388

30159.284661

30159.284526

30159.284534

30159.284195

30159.284052

30159.284093

30159.284478

30159.284289

30159.284497

30159.284489

30159.284586

30159.284356

30159.284341

30159.283960

30159.283875

30159.283249

30159.282952

30159.281767

30159.280948

30159.278610

30159.276767

30159.272357

30159.269113

30159.262182

30159.259201

30159.253125

30159.258773

30159.266348

30159.297497

30159.336418

30159.395544

30159.449832

30159.461973

30159.437189

30159.145008

30159.408309

30159.408309

30159.145008

30159.437189

30159.461973

30159.449832

30159.395544

30159.336418

30159.297497

30159.266348

30159.258773

30159.253125

30159.259201

30159.262182

30159.269113

30159.272357

30159.276767

30159.278610

30159.280948

30159.281767

30159.282952

30159.283249

30159.283875

30159.283960

30159.284341

30159.284356

30159.284586

30159.284489

30159.284497

30159.284289

30159.284478

30159.284686

30159.284675

30159.284633

30159.284680

30159.284448

30159.284375

30159.284045

30159.283974

30159.283566

30159.283444

30159.282785

30159.282412

30159.281155

30159.280159

30159.277675

30159.275430

30159.270887

30159.266954

30159.260651

30159.256883

30159.254054

30159.257587

30159.271343

30159.288735

30159.328475

30159.333765

30159.378350

30159.275726

30159.345998

30159.431213

30159.431213

30159.345998

30159.275726

30159.378350

30159.333765

30159.328475

30159.288735

30159.271343

30159.257587

30159.254054

30159.256883

30159.260651

30159.266954

30159.270887

30159.275430

30159.277675

30159.280159

30159.281155

30159.282412

30159.282785

30159.283444

30159.283566

30159.283974

30159.284045

30159.284375

30159.284448

30159.284680

30159.284633

30159.284675

30159.284686

30159.284953

30159.284895

30159.284947

30159.284725

30159.284582

30159.284236

30159.284110

30159.283788

30159.283720

30159.283350

30159.283215

30159.282601

30159.282148

30159.280924

30159.279630

30159.277128

30159.274063

30159.269589

30159.263945

30159.258573

30159.251532

30159.251495

30159.246742

30159.262769

30159.256549

30159.290472

30159.258308

30159.295288

30159.345626

30159.376242

30159.376242

30159.345626

30159.295288

30159.258308

30159.290472

30159.256549

30159.262769

30159.246742

30159.251495

30159.251532

30159.258573

30159.263945

30159.269589

30159.274063

30159.277128

30159.279630

30159.280924

30159.282148

30159.282601

30159.283215

30159.283350

30159.283720

30159.283788

30159.284110

30159.284236

30159.284582

30159.284725

30159.284947

30159.284895

30159.284953

30159.285008

30159.285212

30159.285128

30159.284991

30159.284620

30159.284408

30159.284078

30159.283976

30159.283723

30159.283675

30159.283394

30159.283233

30159.282724

30159.282090

30159.280933

30159.279009

30159.276440

30159.271779

30159.267184

30159.258346

30159.253252

30159.240432

30159.240758

30159.225491

30159.238092

30159.221021

30159.242713

30159.265223

30159.290270

30159.327177

30159.327177

30159.290270

30159.265223

30159.242713

30159.221021

30159.238092

30159.225491

30159.240758

30159.240432

30159.253252

30159.258346

30159.267184

30159.271779

30159.276440

30159.279009

30159.280933

30159.282090

30159.282724

30159.283233

30159.283394

30159.283675

30159.283723

30159.283976

30159.284078

30159.284408

30159.284620

30159.284991

30159.285128

30159.285212

30159.285008

30159.285026

30159.285369

30159.285468

30159.285180

30159.284923

30159.284549

30159.284361

30159.284107

30159.284033

30159.283867

30159.283809

30159.283631

30159.283361

30159.282941

30159.281894

30159.280687

30159.277617

30159.274674

30159.267564

30159.262242

30159.249309

30159.243237

30159.225168

30159.223320

30159.205908

30159.212320

30159.217182

30159.231762

30159.263476

30159.273184

30159.273184

30159.263476

30159.231762

30159.217182

30159.212320

30159.205908

30159.223320

30159.225168

30159.243237

30159.249309

30159.262242

30159.267564

30159.274674

30159.277617

30159.280687

30159.281894

30159.282941

30159.283361

30159.283631

30159.283809

30159.283867

30159.284033

30159.284107

30159.284361

30159.284549

30159.284923

30159.285180

30159.285468

30159.285369

30159.285026

30159.284809

30159.285586

30159.285709

30159.285588

30159.285220

30159.284958

30159.284643

30159.284470

30159.284273

30159.284175

30159.284070

30159.283921

30159.283800

30159.283262

30159.282816

30159.281061

30159.279560

30159.274941

30159.271237

30159.261541

30159.255008

30159.239322

30159.231759

30159.214166

30159.210058

30159.204179

30159.207695

30159.224517

30159.232359

30159.246942

30159.246942

30159.232359

30159.224517

30159.207695

30159.204179

30159.210058

30159.214166

30159.231759

30159.239322

30159.255008

30159.261541

30159.271237

30159.274941

30159.279560

30159.281061

30159.282816

30159.283262

30159.283800

30159.283921

30159.284070

30159.284175

30159.284273

30159.284470

30159.284643

30159.284958

30159.285220

30159.285588

30159.285709

30159.285586

30159.284809

30159.284415

30159.285663

30159.286129

30159.285963

30159.285729

30159.285362

30159.285078

30159.284773

30159.284546

30159.284351

30159.284149

30159.284039

30159.283692

30159.283532

30159.282588

30159.281976

30159.279420

30159.277477

30159.271586

30159.267112

30159.256316

30159.248971

30159.234636

30159.226607

30159.216575

30159.212289

30159.216836

30159.218426

30159.231607

30159.233801

30159.233801

30159.231607

30159.218426

30159.216836

30159.212289

30159.216575

30159.226607

30159.234636

30159.248971

30159.256316

30159.267112

30159.271586

30159.277477

30159.279420

30159.281976

30159.282588

30159.283532

30159.283692

30159.284039

30159.284149

30159.284351

30159.284546

30159.284773

30159.285078

30159.285362

30159.285729

30159.285963

30159.286129

30159.285663

30159.284415

30159.283768

30159.285876

30159.286474

30159.286504

30159.286137

30159.285791

30159.285378

30159.285008

30159.284660

30159.284315

30159.284062

30159.283689

30159.283504

30159.282917

30159.282659

30159.281400

30159.280644

30159.277774

30159.275638

30159.269883

30159.265323

30159.256419

30159.249424

30159.240664

30159.233453

30159.231584

30159.227436

30159.234183

30159.233495

30159.238501

30159.238501

30159.233495

30159.234183

30159.227436

30159.231584

30159.233453

30159.240664

30159.249424

30159.256419

30159.265323

30159.269883

30159.275638

30159.277774

30159.280644

30159.281400

30159.282659

30159.282917

30159.283504

30159.283689

30159.284062

30159.284315

30159.284660

30159.285008

30159.285378

30159.285791

30159.286137

30159.286504

30159.286474

30159.285876

30159.283768

30159.282418

30159.286077

30159.287079

30159.286648

30159.286311

30159.285863

30159.285438

30159.284992

30159.284532

30159.284124

30159.283647

30159.283304

30159.282786

30159.282522

30159.281872

30159.281618

30159.280574

30159.279989

30159.277993

30159.276267

30159.272725

30159.268812

30159.264202

30159.257812

30159.254748

30159.247391

30159.248515

30159.242904

30159.246116

30159.244104

30159.244104

30159.246116

30159.242904

30159.248515

30159.247391

30159.254748

30159.257812

30159.264202

30159.268812

30159.272725

30159.276267

30159.277993

30159.279989

30159.280574

30159.281618

30159.281872

30159.282522

30159.282786

30159.283304

30159.283647

30159.284124

30159.284532

30159.284992

30159.285438

30159.285863

30159.286311

30159.286648

30159.287079

30159.286077

30159.282418

30159.281508

30159.287322

30159.286187

30159.285938

30159.285661

30159.285403

30159.285079

30159.284690

30159.284285

30159.283804

30159.283366

30159.282850

30159.282466

30159.282018

30159.281802

30159.281560

30159.281553

30159.281581

30159.281447

30159.281497

30159.280093

30159.279487

30159.274873

30159.272961

30159.263815

30159.260879

30159.249086

30159.246459

30159.237780

30159.236755

30159.236755

30159.237780

30159.246459

30159.249086

30159.260879

30159.263815

30159.272961

30159.274873

30159.279487

30159.280093

30159.281497

30159.281447

30159.281581

30159.281553

30159.281560

30159.281802

30159.282018

30159.282466

30159.282850

30159.283366

30159.283804

30159.284285

30159.284690

30159.285079

30159.285403

30159.285661

30159.285938

30159.286187

30159.287322

30159.281508

30159.275863

30159.281532

30159.282367

30159.283619

30159.284100

30159.284408

30159.284467

30159.284414

30159.284215

30159.283947

30159.283611

30159.283255

30159.282967

30159.282689

30159.282740

30159.282707

30159.283446

30159.283560

30159.285059

30159.284260

30159.285515

30159.280860

30159.279068

30159.266245

30159.258091

30159.235802

30159.222011

30159.198102

30159.186602

30159.175963

30159.175963

30159.186602

30159.198102

30159.222011

30159.235802

30159.258091

30159.266245

30159.279068

30159.280860

30159.285515

30159.284260

30159.285059

30159.283560

30159.283446

30159.282707

30159.282740

30159.282689

30159.282967

30159.283255

30159.283611

30159.283947

30159.284215

30159.284414

30159.284467

30159.284408

30159.284100

30159.283619

30159.282367

30159.281532

30159.275863

