AXIS X

0.000000 0.000500 0.001000 0.001500 0.002000 0.002500 0.003000 0.003500 0.004000 0.004500 0.005000 0.005500 0.006000 0.006500 0.007000 0.007500 0.008000 0.008500 0.009000 0.009500 0.010000 0.010500 0.011000 0.011500 0.012000 0.012500 0.013000 0.013500 0.014000 0.014500 0.015000 0.015500 0.016000 0.016500 0.017000 0.017500 0.018000 0.018500 0.019000 0.019500 0.020000 0.020500 0.021000 0.021500 0.022000 0.022500 0.023000 0.023500 0.024000 0.024500 0.025000 0.025500 0.026000 0.026500 0.027000 0.027500 0.028000 0.028500 0.029000 0.029500 

AXIS Y

0.000000 0.000500 0.001000 0.001500 0.002000 0.002500 0.003000 0.003500 0.004000 0.004500 0.005000 0.005500 0.006000 0.006500 0.007000 0.007500 0.008000 0.008500 0.009000 0.009500 0.010000 0.010500 0.011000 0.011500 0.012000 0.012500 0.013000 0.013500 0.014000 0.014500 0.015000 0.015500 0.016000 0.016500 0.017000 0.017500 0.018000 0.018500 0.019000 0.019500 0.020000 0.020500 0.021000 0.021500 0.022000 0.022500 0.023000 0.023500 0.024000 0.024500 0.025000 0.025500 0.026000 0.026500 0.027000 0.027500 0.028000 0.028500 0.029000 0.029500 



DATA
33822.339251

34128.755729

34207.736174

34272.166687

34212.862114

34011.084367

33694.694804

33358.963405

33151.430845

33193.908980

33652.304920

34198.138540

35207.724042

34414.426259

34631.570730

35630.955226

34074.694715

32987.249227

31614.675665

30658.864441

29955.907913

29516.979064

29174.680481

28771.250972

28233.302108

27431.853026

26630.820795

25962.953459

23987.622177

25685.007482

27291.777092

28362.400038

34131.099412

38401.731879

42326.572705

45614.690480

47270.876910

47576.414180

46606.092044

44976.273501

42955.970896

40960.652922

39115.566738

37583.906181

36367.917802

35484.474490

34885.955348

34528.578938

34356.780131

34311.720926

34348.422832

34415.481873

34487.004668

34530.224119

34542.115373

34513.015482

34459.046386

34390.468040

34361.299697

34240.008824

34163.971889

34467.265968

34133.186924

33802.956175

33481.932372

33143.499162

32835.596372

32590.205145

32469.403298

32502.425942

32786.850463

33562.822127

35734.288498

34394.723271

33640.904309

34680.366540

31899.858347

30247.250990

29599.570604

29262.870495

29189.637974

29219.955811

29331.644409

29448.581310

29539.152967

29450.616207

28992.387117

27372.463734

25740.772097

29803.239701

30153.988024

27202.913339

30778.792305

35450.378425

38715.246876

40926.055350

42120.339471

42487.292458

42215.464692

41491.028296

40522.330543

39438.674465

38364.792034

37362.958499

36483.225557

35750.047758

35169.153145

34744.288581

34452.395929

34283.016006

34197.583952

34181.398254

34196.329126

34235.210843

34272.671003

34315.671765

34355.858385

34431.229938

34540.662706

34418.272756

34113.103276

34294.217575

33922.680886

33297.225845

32683.193686

32183.527141

31820.893517

31662.123162

31678.666845

31957.407799

32465.077088

33748.084174

34713.599267

33704.724499

31892.654165

30807.264742

29978.726362

28916.671539

28619.421855

28829.892576

29337.011710

30032.259266

30869.115163

31747.675874

32541.564978

32886.972097

32357.129669

30718.130115

29463.739249

30073.666409

30235.865972

30358.405513

32689.594159

35779.183759

38106.010400

39194.076357

39525.367702

39437.919782

39205.127882

38865.531543

38480.806250

38034.066669

37554.056183

37034.495014

36505.193362

35972.714423

35472.726471

35015.119799

34632.639280

34323.696947

34107.397848

33966.203908

33907.417535

33906.908154

33970.463424

34076.963314

34239.726583

34416.719335

34505.440771

34425.435907

33960.135507

33941.432610

33544.165602

32803.151205

32005.636451

31323.429426

30882.729247

30687.091611

30821.926700

31227.431293

32109.848554

33177.224977

33982.602676

33318.209252

30887.716627

29008.043492

28547.272083

28562.800682

28782.244739

29394.681982

30276.881040

31444.664891

32804.113994

34355.175116

35767.067906

36708.222141

36464.815968

35051.290542

32451.194414

31861.533348

31962.660732

33198.018284

36643.647552

38600.891888

39341.473486

39192.475737

38545.374732

37886.449667

37362.547601

37079.508003

36911.867060

36840.967719

36741.268443

36608.437164

36377.888833

36076.811327

35693.331698

35278.064778

34847.405458

34456.450504

34120.925578

33881.239027

33736.658136

33708.135821

33778.849316

33951.605018

34176.709832

34377.164700

34439.756588

34393.439885

33639.723599

33443.373970

32994.038228

32244.956785

31376.141119

30609.876155

30042.264841

29789.345944

29834.034035

30296.371683

31089.478463

32169.021508

32987.724152

33170.184345

31265.536605

29032.298546

28781.135243

29132.428340

29769.954147

30583.406958

31661.408707

32970.682623

34631.220885

36473.720201

38439.871955

39917.707655

40636.657271

39767.894633

37607.766824

34582.439637

34692.894466

38079.729811

40560.346680

41389.111982

40692.291739

39435.788290

38119.893870

36999.860039

36273.512553

35867.173959

35782.184723

35827.867519

35972.145318

36058.555196

36086.369430

35972.983967

35756.570864

35421.463049

35033.704253

34616.629345

34240.646690

33932.400633

33742.116555

33674.970368

33745.483288

33917.856469

34135.403329

34299.402075

34314.639028

34286.933235

33171.970089

32837.221976

32335.295056

31610.511439

30775.757503

29961.551934

29327.306504

28909.785283

28817.386960

29036.079265

29657.918974

30579.910643

31677.999756

32826.170423

32200.110198

30463.164773

30141.811087

30513.503088

31167.471675

32006.886281

33029.534407

34347.838103

35934.830767

37902.405418

39966.068097

42104.251590

43694.588342

44500.812885

43286.647203

38281.956819

38140.683860

42957.588344

43918.565793

42852.659738

41151.459148

39299.743370

37681.254404

36446.712592

35588.987325

35153.099258

34990.902393

35090.302807

35263.407090

35496.400325

35638.200986

35705.075431

35615.879963

35423.502333

35114.414792

34765.908825

34403.562936

34101.911435

33886.228145

33797.602198

33826.387620

33947.975054

34094.291753

34171.048017

34147.742908

34124.127954

32576.077104

32165.723404

31642.348647

30967.915656

30175.096192

29378.549399

28640.393123

28080.146013

27712.409388

27647.302560

27919.088994

28668.391708

29988.930631

32188.533888

33142.517520

32223.555898

31914.574882

32107.934009

32561.482897

33224.597829

34101.935409

35240.230294

36730.313315

38508.991090

40662.349907

42969.536163

45490.237699

47575.035808

47861.979323

40671.182530

40252.299020

46463.238856

45696.605111

43442.838643

41082.346935

39088.516999

37484.873137

36258.946809

35429.134253

34899.538836

34694.151757

34666.205702

34824.270003

35004.264679

35217.233734

35329.142099

35374.845818

35280.660306

35110.929041

34851.693377

34581.942445

34318.813927

34125.506865

34009.953003

33984.839410

34016.672511

34049.895745

34032.289551

33950.176550

33920.723903

31878.478398

31473.555028

30967.121364

30339.288888

29604.582308

28785.552982

27976.617626

27207.937750

26592.375794

26173.305296

26118.949236

26612.043405

28049.184510

31058.326518

33498.792004

33441.858154

33286.979048

33298.106626

33543.964031

33976.952196

34675.362074

35663.664583

36991.915380

38696.986014

40760.911200

43241.677744

46051.961902

48886.184517

49689.943573

42355.130342

41755.855598

47819.401595

46596.875441

43919.232635

41469.935583

39500.109709

37953.602358

36788.915124

35899.067007

35312.139945

34920.654530

34766.986536

34721.554835

34817.464739

34915.017277

35047.201915

35097.042635

35113.249782

35026.566223

34903.984496

34722.424781

34549.999420

34383.752950

34263.828416

34175.474356

34107.682436

34025.179504

33897.763442

33753.483276

33692.879892

31138.326094

30791.409423

30323.621810

29733.777863

29006.494625

28170.100611

27237.115875

26305.749267

25420.385607

24729.133357

24362.590050

24638.040946

26056.626401

29777.779709

33307.028091

33772.667591

33763.553493

33763.338967

33884.227175

34238.197842

34824.489070

35745.935669

37008.424091

38695.537913

40776.383264

43315.452699

46129.970235

48803.610671

49361.306047

41971.321939

41490.594698

47924.889541

47255.256968

45011.199413

42804.878494

40896.294325

39384.505880

38122.639161

37149.730307

36347.108154

35779.490040

35342.632433

35101.161819

34940.897863

34914.565726

34901.095933

34948.094960

34949.637879

34959.050356

34903.754944

34842.333914

34734.214856

34628.369204

34499.540728

34368.588344

34211.068387

34019.758330

33793.739313

33569.324675

33469.226924

30387.890870

30160.679334

29705.576738

29104.385203

28349.719068

27435.111152

26410.268639

25306.071327

24249.505843

23333.747678

22782.010782

22883.417115

24295.053379

28417.453409

32704.385720

33388.158348

33471.229868

33508.900958

33728.252783

34131.083599

34802.925049

35737.447768

37067.374735

38764.909206

40966.570130

43445.416575

46137.602386

48036.603175

47620.454496

41056.457595

40896.002024

47186.190578

47912.252709

46777.288945

44969.841026

43264.539524

41614.752549

40240.581788

38985.725706

37968.909066

37068.175982

36380.969688

35806.369135

35425.906171

35134.974574

34997.088893

34901.437045

34899.658244

34888.671082

34915.729593

34898.611465

34880.350674

34802.781829

34698.338595

34529.728469

34313.493614

34035.646027

33718.995970

33422.709646

33265.071975

29727.367510

29578.742592

29106.835429

28420.807182

27569.238377

26567.946229

25432.170298

24242.983208

23067.155182

22071.079693

21423.377207

21491.313176

22922.054276

27458.141649

32163.636617

32764.319572

32791.894590

32934.209006

33311.172717

33951.304368

34789.697600

35920.059740

37322.260867

39187.144750

41356.823315

43907.308515

46059.188143

47234.520621

45400.901837

39740.573308

39824.373635

45883.209641

48545.327603

48580.763684

47663.152084

46015.866385

44404.990536

42698.442589

41227.789071

39820.604901

38649.754805

37588.701715

36757.124071

36054.291350

35569.155713

35199.490440

35008.689247

34888.234499

34883.192647

34887.897940

34936.539759

34937.963071

34920.635854

34817.921290

34654.691954

34394.962795

34064.459726

33678.957077

33315.082762

33112.763944

29168.300968

29086.978156

28498.577174

27671.460623

26674.382770

25558.295822

24360.631277

23122.056851

21953.493018

20962.661696

20372.713665

20497.203148

22070.236604

26831.331591

31763.389857

32206.004542

32144.904932

32352.237900

32952.125915

33828.784696

34974.446987

36304.730146

37980.427736

39899.900396

42263.908644

44517.330361

46426.369145

46382.706407

44008.720309

39325.824854

39479.563390

44899.065525

48488.965117

50229.070349

49857.039608

48772.782254

46945.382249

45194.545401

43315.936563

41691.000617

40128.427188

38828.522546

37661.051272

36754.532678

36004.653611

35497.312752

35127.524590

34949.498639

34853.516968

34871.854265

34897.123216

34950.081887

34938.106442

34880.678672

34712.932915

34458.284979

34093.408506

33669.075799

33258.532294

33018.066714

28801.068296

28655.777241

27909.810365

26866.305322

25711.942734

24497.340645

23264.406776

22062.385132

20960.195305

20097.239397

19640.493832

19943.928800

21693.272576

26818.233958

31690.996344

31764.942896

31631.904105

31956.519874

32725.570289

33880.356096

35260.512317

36941.482222

38798.500671

41061.560094

43345.434268

45707.984447

46878.652942

46516.384845

43320.581467

39158.160339

39161.348085

43888.065272

48474.285568

50704.486093

51446.851976

50414.145488

48965.110661

46916.053930

45039.123238

43069.864406

41382.422046

39779.585975

38465.044155

37307.499902

36432.300009

35730.816389

35278.949927

34969.366272

34843.113632

34791.679564

34834.178460

34867.285766

34902.023860

34851.981422

34730.557753

34480.138626

34128.229669

33683.876907

33252.814997

32999.672789

28579.961022

28334.037915

27332.945942

26083.723847

24766.955913

23497.114731

22286.935136

21169.383867

20210.633750

19515.710475

19269.139270

19766.226920

21731.691395

26994.486029

31587.003593

31264.404320

31185.792517

31671.677592

32671.109853

33987.057082

35650.823780

37504.846933

39745.990746

42078.976470

44725.517153

46732.182259

48021.072094

46944.540731

44216.231948

40179.964541

39778.481012

43865.447860

47792.702346

50736.352172

51423.006761

51108.201433

49529.764694

47856.131593

45782.864757

43947.158085

42067.023294

40472.308663

38976.053530

37769.704343

36725.818362

35960.659375

35366.150190

35006.483829

34777.399640

34707.432674

34694.882326

34748.741567

34775.359075

34778.332272

34679.375063

34484.974060

34151.841100

33730.322906

33298.862341

33051.893074

28549.688280

28085.875955

26852.475639

25382.356617

23969.691645

22680.566101

21551.949441

20569.504951

19781.287582

19282.849282

19229.160747

19908.790947

21968.096894

27463.996626

31444.498690

30513.268991

30602.979375

31428.860106

32633.764816

34187.667439

35916.478937

38016.439676

40263.582135

42942.495587

45394.295156

47807.464698

48688.611995

48306.319686

45370.038409

40449.284417

39664.829490

43853.435773

47536.569795

49643.418077

50698.318764

50137.164593

49161.448511

47438.199695

45824.527718

43975.323479

42363.627665

40730.005811

39347.704457

38051.524950

37016.733094

36128.074907

35492.619967

35011.173812

34737.453558

34576.811336

34547.862731

34560.398502

34615.907623

34631.026874

34599.707883

34449.360090

34184.212223

33797.618314

33400.287507

33178.013207

28617.132470

27964.660853

26489.630214

24891.571179

23413.449166

22177.503268

21155.167899

20341.316156

19728.727519

19403.177765

19500.132843

20259.719160

22294.190509

27606.108868

30850.640223

29402.013434

29828.082689

31031.250052

32623.441352

34288.490982

36192.283921

38161.597329

40532.504301

42902.246105

45626.585494

47666.698182

49339.188345

49029.287980

46954.200928

41657.951619

40485.485896

44403.106014

46983.898985

48598.672333

48870.940790

48633.344429

47525.906654

46405.120237

44906.845341

43579.830106

42109.446078

40820.093169

39492.866827

38351.453902

37261.284543

36385.269290

35630.157253

35095.446101

34698.154891

34482.937664

34368.994846

34367.306906

34399.797282

34459.548152

34467.643930

34404.513597

34206.779814

33898.949593

33550.919585

33367.237545

28802.025822

27942.131159

26340.841115

24666.782183

23223.157064

22058.065801

21181.089430

20517.720949

20069.268832

19865.834313

20043.988946

20806.734214

22655.721974

27817.815495

30083.097745

28096.523309

28808.683924

30522.720915

32408.194920

34388.576994

36214.955801

38221.077289

40170.085087

42509.879247

44659.706258

47093.318136

48624.337500

49450.819877

47659.020658

40980.952338

39855.645962

45001.363049

46797.733043

47273.400177

47208.154603

46491.949663

45753.843939

44672.610547

43745.295673

42655.157454

41705.842292

40636.691935

39657.517991

38594.340402

37637.234917

36691.200768

35912.137798

35236.430789

34756.381401

34408.655547

34229.541655

34152.509265

34181.259041

34244.618327

34321.844027

34330.320939

34240.879808

34020.744992

33753.678948

33618.386164

29003.745799

28074.673339

26421.092080

24799.086514

23432.801722

22401.644680

21648.612891

21134.901140

20791.865357

20675.699959

20888.049649

21642.481387

23357.314869

27831.348522

29079.536417

26846.662719

27812.708658

29787.903486

32099.969558

34180.543416

36174.406539

37858.092116

39694.093089

41397.681614

43515.048559

45413.771336

47488.957596

48464.712369

47350.824676

41464.333964

40550.222522

45409.233799

46706.941311

46431.271495

45644.467393

44820.167184

43856.059746

43104.831332

42317.660197

41717.427174

41057.089209

40460.262374

39714.310489

38951.365412

38046.579775

37173.428637

36284.718120

35532.465922

34885.335450

34427.221082

34113.366789

33971.762656

33945.973552

34029.128727

34145.958001

34255.202199

34270.162353

34173.464541

34000.171119

33919.828291

29262.280879

28343.398150

26791.801013

25286.236514

24082.934479

23191.454505

22586.902834

22173.253357

21928.754134

21860.449880

22150.714852

23028.395134

24802.865965

28582.887753

28475.950782

26097.693093

26940.642975

29098.007584

31502.713531

33859.250023

35725.021175

37418.440281

38775.851433

40342.326461

41854.934021

43780.480357

45474.282191

46706.919319

45964.715421

39504.677669

39174.218612

45620.961809

46565.658003

45986.980831

44803.788002

43567.331539

42548.276921

41689.051115

41131.066689

40712.210280

40452.359580

40152.743935

39811.788793

39257.725361

38580.041110

37711.560814

36823.301951

35919.938976

35149.453406

34509.301585

34073.245990

33809.947235

33737.860189

33801.052743

33974.246027

34165.403011

34313.098950

34344.229114

34288.408967

34273.462252

29510.727109

28801.944954

27431.338480

26140.207114

25119.669211

24407.337004

23930.622939

23636.573879

23462.310151

23510.361213

23971.055578

25217.305330

27471.184197

29843.902243

28253.138490

25989.364307

26507.339151

28421.848536

30936.434325

33215.589309

35201.384920

36623.617841

37924.705305

39050.349409

40462.714637

41909.090594

43423.282053

44331.143810

43409.911444

39273.137097

39340.810761

44507.664035

46320.415781

45761.626050

44509.910947

43024.583036

41715.146475

40747.636804

40140.207179

39861.992291

39802.714179

39833.604282

39778.620921

39560.721943

39052.493239

38332.651592

37400.615956

36433.909989

35485.183812

34695.585028

34082.391659

33707.789366

33544.828922

33597.992878

33797.023306

34088.177701

34357.491653

34539.940952

34609.965320

34664.162126

29842.111510

29418.168153

28348.241332

27291.818560

26490.897635

25944.050765

25614.379193

25427.425124

25395.287941

25607.026161

26428.276535

28251.930121

31120.591728

31729.721635

28487.364151

26484.459640

26426.585391

28087.824377

30332.381507

32659.255003

34469.448746

35913.375772

36952.616895

37997.158013

39064.913153

40277.287390

41334.804471

41676.266825

40851.990540

36975.672694

37385.267311

42868.309267

45127.720549

45535.757329

44435.296414

42909.983287

41354.265276

40169.156302

39407.835100

39131.126128

39165.394394

39407.977793

39635.638287

39684.243593

39448.220429

38856.320252

38003.189546

36956.831619

35903.666690

34931.229199

34170.003380

33644.537945

33403.517757

33411.192611

33648.624636

34014.551296

34422.037624

34748.753606

34957.876537

35094.491447

30240.110646

30219.435997

29466.088136

28685.777865

28081.594285

27700.562991

27499.305040

27455.457335

27584.127914

28095.130396

29310.732544

31737.152952

34802.824213

33086.876261

28745.454822

27167.441270

26801.130819

27986.932051

30071.963133

32142.680898

33953.148949

35233.670751

36212.088940

37040.454399

37878.853186

38732.290405

39288.023283

39320.115262

38201.422591

36821.832565

37175.811374

40293.414719

43439.584494

44533.062574

44206.242146

42799.160898

41215.815647

39783.929307

38890.361640

38459.250009

38539.452479

38863.347108

39306.676755

39605.611138

39612.608851

39236.936734

38475.492916

37456.981611

36307.586885

35218.792630

34293.342311

33647.496796

33298.735220

33277.295638

33521.132044

33974.515748

34495.752216

34976.917315

35321.743390

35540.584019

30817.850912

31142.996779

30740.165563

30204.420775

29790.260968

29542.670679

29462.913543

29557.504439

29907.997377

30693.039243

32316.422342

34872.808336

37178.330521

33515.885026

28873.008306

27854.371232

27363.838272

28350.234789

30042.099845

32003.542926

33631.938130

34842.095226

35689.535640

36272.375723

36830.581171

37204.693386

37418.767307

37099.882680

36448.723863

35666.385964

36037.410804

38152.358330

40905.609145

42862.697428

43148.440622

42352.077285

40856.800411

39459.530903

38358.648916

37874.039961

37834.566961

38234.362047

38768.629684

39280.670796

39515.327722

39356.992785

38766.804395

37812.993405

36664.523023

35482.991946

34457.135307

33683.586178

33260.583240

33182.667947

33450.692336

33956.996812

34599.968251

35210.035266

35691.294453

36000.876521

31564.472151

32180.728504

32060.708575

31755.713630

31492.678373

31355.827465

31387.206769

31622.152620

32172.854561

33241.856302

34976.186688

37247.185030

37996.987622

33461.086294

29089.831040

28423.240236

28281.485868

28944.523166

30463.038007

32125.911793

33636.012352

34743.846782

35341.556383

35718.943694

35755.509086

35751.476837

35502.882634

35235.595080

35049.779555

36037.878397

36049.156176

36174.977463

38285.184237

40218.950135

41275.340660

41034.071709

40094.708716

38792.615291

37789.431581

37163.825773

37121.442720

37455.973955

38082.641557

38706.727917

39146.059690

39198.421193

38798.691619

37984.852001

36884.891750

35701.542079

34602.511968

33764.673141

33259.446432

33160.171525

33419.939820

33993.793093

34717.589782

35455.535330

36050.953904

36441.665314

32502.657692

33266.242545

33358.834474

33227.699313

33086.597822

33062.327637

33193.279817

33588.588897

34329.388545

35556.789776

37304.442053

38877.697395

38492.930780

33606.258104

29764.323248

29485.617426

29347.729325

29983.269938

31085.248826

32555.943104

33883.919954

34745.552316

35213.840110

35054.039025

34735.312507

34104.404784

33595.713953

33348.248418

33784.575881

35661.733573

35785.676097

34421.090506

35430.039502

37147.560984

38439.879934

38967.493973

38542.044845

37756.106075

36872.170210

36367.355731

36259.767761

36614.303621

37236.636336

37959.163889

38533.734786

38775.799878

38573.335014

37923.302795

36946.925485

35806.169817

34721.562272

33839.140323

33314.459684

33176.911889

33461.417650

34060.055125

34871.083660

35691.152081

36390.003847

36857.517801

33569.041632

34348.554232

34563.347597

34536.624395

34523.949666

34601.489112

34910.676991

35460.742050

36403.335400

37743.957109

39350.808038

40513.160398

39507.936477

34713.503893

31040.280169

30962.449913

30951.403850

31124.640378

31997.388799

33088.757518

34128.331954

34852.113689

34814.479978

34390.522734

33353.548288

32360.427341

31479.672464

31216.081174

32199.216987

35077.350760

34865.658394

32527.397966

32567.359096

33794.885896

35235.210255

36140.207596

36443.076923

36117.439278

35668.514044

35310.285451

35307.086390

35667.278907

36311.961562

37084.346138

37753.034443

38148.191946

38114.091909

37651.359206

36814.848236

35794.802913

34754.632047

33912.883481

33372.745671

33256.666848

33534.565178

34184.076979

35028.456080

35926.122760

36686.914768

37210.215955

34630.734766

35382.856068

35604.888794

35683.524043

35758.630049

36058.713784

36546.079297

37378.259516

38461.801848

39904.737030

41436.344395

42408.810177

41408.924931

36247.139990

32820.055618

33162.142204

32651.081916

32576.767476

32843.703916

33576.294218

34310.314755

34541.474083

34304.525335

33165.140209

31833.336172

30274.085774

29198.599827

28924.047911

30006.575833

33699.408612

33908.426342

30368.596090

29844.749765

30636.089826

31925.194082

33159.713873

33864.813292

34151.382733

34106.002079

34069.882292

34235.396540

34658.533631

35361.355705

36142.453597

36898.748488

37373.906143

37503.093284

37184.465893

36529.870242

35630.736316

34717.238975

33924.888687

33451.001151

33340.259183

33664.646082

34317.701244

35210.937775

36127.089460

36935.545096

37497.050046

35624.528130

36243.793982

36518.948629

36630.964100

36940.829289

37432.853204

38304.607780

39322.302594

40654.357387

42070.022926

43618.328896

44573.843124

43711.484089

38079.490591

34644.034164

35351.805834

34659.469559

33792.379906

33645.341947

33830.521675

34059.361497

34016.750808

33106.362739

31782.107368

29828.979754

28163.213928

26862.647687

26529.673325

27688.906076

31355.256123

31465.113739

28293.648569

27421.850476

27889.021313

29008.286527

30231.366179

31310.473057

31975.370550

32391.014137

32711.931824

33079.630318

33679.518027

34390.704242

35257.032511

35997.514258

36580.282746

36770.599878

36620.653719

36088.366676

35369.951421

34563.081747

33904.645336

33481.861505

33451.866870

33785.915010

34485.713047

35368.347193

36307.422136

37111.652332

37684.738681

36354.136889

36946.947863

37214.962592

37568.705860

38057.146017

39002.878523

40096.704957

41501.254162

42794.421325

44334.156965

45736.752732

46766.236374

45630.446363

39191.751408

36188.670469

37504.285592

36200.637055

34956.592494

34040.498704

33719.149759

33511.434488

32857.383238

31764.893286

29837.241751

27933.314360

25943.259217

24751.893385

24408.482424

25540.037439

29351.234550

29907.609684

26499.227579

25488.755409

25660.665359

26514.140022

27753.067446

28893.409009

29906.234495

30680.612182

31313.293028

32000.570209

32690.493502

33567.921604

34384.675000

35214.980653

35755.574402

36062.414738

35958.182348

35598.931989

34986.519022

34359.367736

33794.050250

33505.094640

33517.842959

33927.874461

34620.529041

35524.837507

36424.909514

37220.009274

37781.356617

36856.887241

37352.502596

37853.834052

38414.370477

39423.579264

40620.601513

42219.557739

43579.987018

45116.977290

46370.614054

47883.330110

48638.080361

47132.497727

40219.957624

37478.298954

39002.917492

37671.781179

35557.445054

34170.175774

33233.558556

32494.904986

31561.697938

29943.883606

28100.195750

25832.550742

24162.569642

22809.137656

22634.111705

23655.782139

26721.560857

27229.600941

24893.028608

23864.494194

23812.930463

24567.823616

25588.083353

26872.164238

28025.248285

29081.727863

30068.236115

30934.351668

31906.078466

32775.329222

33731.334241

34461.233575

35084.370404

35332.342658

35351.308356

35031.565245

34595.281006

34061.147457

33667.946774

33453.435731

33585.444342

34014.768188

34756.412472

35619.533021

36503.344126

37237.757350

37766.151323

37002.900317

37581.852956

38308.211239

39441.057391

40790.984061

42618.594990

44212.834224

45947.377849

47098.026936

48633.577436

49757.850182

50377.574016

48313.059577

40512.712756

38351.490273

40687.368375

38487.586631

36076.260027

33916.125082

32484.009193

31320.236408

29987.261809

28343.516513

26188.608410

24296.756842

22326.596417

21395.769194

20933.553829

21933.955807

24590.843988

25177.959434

23225.468599

22286.959617

22317.830514

22782.215823

23918.959638

25090.227712

26425.282876

27717.600775

28898.673059

30111.739551

31147.402230

32252.120067

33119.629315

33952.996530

34443.728608

34768.135928

34729.555658

34541.483899

34146.458321

33785.039648

33469.120037

33406.045325

33583.543435

34099.773642

34822.200197

35691.288199

36497.786537

37185.033168

37658.867660

36906.211577

37573.172921

38790.758281

40362.337089

42440.186315

44394.509361

46510.232423

47838.912348

49426.390161

50439.282831

51993.414802

52127.794547

48972.383551

41828.773431

39824.282190

41468.836283

39707.260477

36296.169323

33625.138831

31618.538921

30104.936135

28562.508373

26750.540324

24817.754742

22673.939833

21231.539154

19724.247116

19558.705015

19965.033877

21963.156952

22466.211565

21215.182804

20723.253294

20609.965121

21447.408794

22321.346564

23676.694714

25074.730374

26513.599981

28006.735465

29317.725267

30674.850680

31746.023821

32791.420512

33480.942120

34042.986022

34231.587288

34272.965543

34046.251781

33789.277496

33471.223867

33311.259879

33300.851013

33592.963204

34113.857152

34875.873022

35680.409228

36449.319096

37040.515554

37452.398237

36569.183406

37457.225502

39129.794839

41387.804836

43762.826858

46333.482819

48144.042869

50006.192286

50932.185945

52679.928630

53627.591297

53974.589714

51166.129683

42584.988124

40934.632811

43880.053205

40494.505986

36688.973755

33294.502848

30891.891925

29019.785835

27392.826386

25547.309534

23567.591158

21751.717770

19813.932191

18920.232966

17739.225923

18070.354827

19505.220480

19789.552351

19031.736433

18689.032785

19368.095324

19844.124297

21114.508735

22426.452298

23956.389809

25613.464966

27173.145511

28830.859894

30190.299128

31527.710943

32464.583496

33270.967510

33668.641473

33912.565316

33844.808316

33709.543822

33440.502048

33256.130797

33132.931067

33244.429236

33552.856819

34137.427351

34855.395917

35647.359523

36314.701478

36840.000876

37170.323910

36097.207371

37258.655012

39425.587795

42099.974844

45049.367602

47518.299953

49864.171075

51058.684976

52721.503209

53488.618084

55302.488150

55260.613945

51844.421248

45639.802963

43565.324477

44397.992881

41581.774603

36806.715773

33028.516715

30311.277142

28352.662593

26484.355715

24770.151196

22811.860281

20837.967100

19200.064540

17338.686628

17164.605379

16541.261405

17871.166589

17968.402265

17086.344898

17585.157917

17472.373019

18720.335646

19928.685667

21469.928325

23152.077651

24818.313359

26701.023994

28331.990909

30011.365472

31270.414553

32392.747830

33049.055422

33516.536193

33615.852433

33607.222081

33408.802654

33239.945299

33063.809106

33052.086379

33179.401515

33559.736298

34114.508773

34838.670914

35540.117258

36152.064405

36561.343976

36816.550913

35607.720364

36983.785846

39534.298396

42600.450595

45667.932470

48551.564867

50450.673764

52327.557835

52928.630874

54420.456366

54700.071708

55610.305769

54227.047905

46759.456583

45363.477350

46820.623324

41426.691724

36476.436248

32738.098496

30037.648979

27910.777019

26202.405663

24219.238069

22478.035241

20455.224991

18381.213309

16874.025549

15104.109162

16679.589344

16898.486898

16835.555507

17207.500805

15352.844776

16459.997993

17564.754747

19167.133781

20847.138286

22489.287528

24475.493874

26244.709950

28206.300451

29785.542558

31277.307416

32268.440051

33028.877956

33348.897257

33498.948820

33398.029636

33272.333391

33086.583441

33004.473981

33004.328134

33201.927082

33562.730542

34130.141919

34775.864615

35431.508525

35921.627827

36252.296117

36411.736144

35143.958172

36726.195665

39386.657722

42623.627353

45872.230301

48619.515012

50995.288059

52248.255759

53865.610592

53679.207097

54221.621389

53692.336168

53997.306567

50027.222849

47558.911640

46432.722994

40456.307229

35708.057388

32419.933037

30002.777525

27985.029035

26032.944800

24366.718364

22167.584885

20376.151266

18230.155581

16040.820285

15104.216703

13267.288891

15345.828252

15585.325159

13891.118854

15093.720189

15616.784245

17179.155341

18844.321185

20371.542176

22404.905875

24164.999974

26275.782360

28064.223964

29879.708144

31226.458190

32338.941256

32955.983624

33328.030273

33376.874125

33332.083899

33177.350524

33070.615354

33000.700108

33067.638314

33259.850723

33636.093184

34139.800507

34740.754065

35278.345382

35688.148352

35890.300391

35968.618297

34847.760665

36369.377754

39034.561391

42118.238866

45358.170364

48223.413800

50436.143195

52562.611838

53475.823297

55109.072726

53473.727566

52441.780120

52304.166346

50849.109422

50438.242875

45597.653943

38683.339185

34963.097810

32509.273425

30147.754766

28259.322144

26434.466382

24359.597399

22502.677363

20006.239699

18227.931221

16184.240224

14154.941947

15744.725461

14039.408857

14295.084190

17671.492272

14977.020120

16029.546725

17414.668894

18581.144485

20613.601632

22301.871774

24459.735610

26328.266956

28330.283897

29956.654369

31398.812593

32353.229382

33005.069587

33270.262813

33357.804455

33282.037433

33193.733874

33107.572807

33103.309396

33186.179846

33400.517275

33738.153063

34199.176231

34694.097119

35144.708598

35417.291374

35527.907981

35505.260045

34670.332017

36070.720724

38323.322952

41230.595654

44146.431181

47052.943993

49558.521714

51625.348025

54086.417977

54845.254925

57421.919243

53907.872859

53488.403492

52849.930552

50575.924536

44466.978838

37678.519115

35140.364630

32340.075428

30703.864834

28769.431748

26892.064415

24787.281101

22431.079388

20150.325903

17721.031759

16321.525006

14612.473585

11602.467739

13545.174253

14667.609396

13516.889061

15579.753075

16820.326127

17283.359515

19023.181356

20645.681541

22814.225479

24774.854757

26842.625522

28644.786388

30301.275234

31555.924446

32487.131896

33013.358992

33278.430617

33332.046850

33302.342842

33246.829076

33222.604670

33260.327367

33374.620788

33585.564847

33891.757678

34274.597619

34679.158213

34996.785147

35165.333456

35145.411607

35040.577865

34704.810240

35667.048211

37558.439361

39805.010703

42582.406316

45186.450913

47984.672569

50443.177114

52463.017033

55055.832839

55498.512796

61520.880426

54869.265040

52344.470180

51156.886378

41471.382672

38325.398290

33932.959151

32761.805922

31161.967878

29627.124649

27455.801337

25299.578086

22463.229735

20111.390985

17635.109745

16523.661100

15316.258842

14662.473376

13399.337368

14576.374843

15841.188195

16599.954218

16816.136773

17472.980202

18981.407141

20989.919760

23281.041581

25438.244240

27466.967807

29221.486237

30702.300312

31834.137684

32612.045215

33061.689492

33279.213897

33336.468147

33348.580087

33339.847256

33383.363189

33456.890946

33606.157381

33801.687907

34071.738219

34374.138453

34668.636616

34872.291550

34906.232221

34791.065336

34592.339421

34777.689662

35354.988163

36563.002971

38415.168386

40443.129560

43223.327834

45765.508106

48513.228484

50011.478615

50521.145442

51542.516912

51225.977109

59195.585000

57236.909640

46797.914329

41105.872080

35299.649103

33671.760307

32807.637522

32129.824779

30532.750889

28537.919081

25505.649087

23223.893742

19714.420305

18692.952119

16375.413547

17166.449340

14471.051594

13770.212408

14842.965156

14537.115763

17345.282177

16560.651971

17700.290033

18653.943088

21380.209503

23655.411996

26285.152826

28186.520165

29940.207837

31176.345945

32159.764978

32746.341170

33128.073631

33274.706282

33375.252037

33398.151682

33478.521979

33548.544762

33691.942323

33835.779542

34040.751287

34248.755709

34482.504681

34666.590520

34750.042053

34676.830843

34450.466820

34180.709465

34931.007014

34942.767716

35755.998185

36807.171740

38607.392878

40696.983358

43827.771303

45918.843206

46951.487295

45342.346156

44071.480584

44222.996904

40182.425365

46114.323637

42443.740542

35296.677899

34962.471341

33876.800547

33487.354986

33459.169546

32078.057697

29362.983359

26950.474118

23019.957699

21722.605587

18255.725564

19983.518462

15168.436094

14809.344389

14211.829408

15306.911266

14119.522994

15241.953005

18485.348794

17016.778284

19431.809294

21030.562674

24544.734321

26800.575665

29178.362281

30557.895771

31763.140280

32420.441625

32939.347031

33146.048129

33334.492728

33384.169627

33512.667457

33590.314700

33759.018537

33891.590226

34084.878390

34241.098272

34428.347448

34567.261146

34665.186252

34638.246648

34462.235644

34159.403159

33821.617421

34921.074648

34627.725648

34897.703432

35646.548239

36607.529266

38747.486744

41301.857829

44174.657494

44043.842650

41718.080570

39729.440837

42402.045124

49126.226892

43574.721552

44134.034910

44168.340686

37096.635804

34525.006208

35246.568019

35338.791535

33834.874758

31266.211288

27531.776298

25400.735297

21655.053297

22890.374005

19410.963750

21659.059601

16575.790810

18237.613838

18746.421383

19532.225387

22000.037937

18635.326522

19864.872168

18937.250137

22224.101252

24585.819173

27923.264328

29742.988616

31368.210546

32121.165617

32774.985525

33007.339744

33270.555637

33326.129518

33498.585900

33573.542108

33774.376972

33906.740561

34120.473781

34262.259784

34440.079418

34546.325571

34643.463130

34639.213777

34534.001111

34277.568845

33908.814099

33529.976693

34787.560034

34229.276855

34343.474098

34561.039726

35296.445658

36610.621719

39445.117058

42185.380457

42848.113648

40648.864588

38555.395913

46555.962734

43725.807999

46661.247958

43696.339616

39770.325277

40227.449105

36158.177568

37534.133522

37854.338209

36149.590322

32832.870532

29867.477730

26304.068330

25097.038677

23659.428312

25522.944229

20521.687168

20698.806097

17956.936357

18969.100676

22510.635011

22947.000502

24818.112331

20913.628520

21131.067799

22391.256349

25859.169309

28368.129586

30640.665573

31707.688221

32579.358337

32867.935109

33217.144852

33268.042739

33479.034014

33531.190724

33755.392961

33874.104845

34113.694832

34252.577488

34448.363045

34544.495936

34650.550209

34655.741423

34608.690476

34424.032391

34121.177946

33717.639034

33315.109604

34420.995592

33871.648803

33858.565386

33990.214105

34186.312272

35189.960240

37332.494249

40629.882324

42664.385447

40632.718642

41216.120501

41762.466830

46068.969632

42092.862050

41489.940575

39713.603117

37721.487866

39322.193132

39863.813989

40943.991896

37954.443290

35065.644257

31742.046377

28757.003855

26426.519831

26279.379399

25964.406556

23013.316407

20773.081638

19318.022993

20214.543733

22071.927732

24716.246135

25524.468414

23699.067584

22208.568369

24005.754177

26673.662404

29335.303197

30920.528053

32114.084697

32588.908012

33105.945005

33206.018728

33484.932124

33510.985507

33750.956859

33831.708121

34083.769735

34205.135908

34422.751281

34516.175070

34644.068692

34657.930834

34656.574773

34532.996926

34327.541015

33990.246227

33581.137040

33181.293895

33855.587386

33513.051831

33567.244810

33648.832910

33678.129889

34097.831109

35639.124287

38730.766664

41980.428440

42859.706512

40703.569299

42036.769924

42224.038123

41847.517826

38279.944435

38354.361698

38318.565672

40674.664775

44951.072986

42314.799245

39776.195068

36277.052361

33933.181545

30823.892207

27431.291961

26012.055298

24748.983618

26258.348900

19616.353081

22072.713417

21254.529917

20955.802016

26075.466630

24227.925924

23327.276233

23598.904344

25534.608991

28020.457974

29792.219224

31218.135324

31912.648341

32711.872812

32999.565510

33460.967089

33522.700880

33805.071623

33836.764038

34084.844489

34159.525496

34382.093215

34457.396415

34605.638185

34624.003339

34660.707729

34579.689860

34462.132169

34218.405570

33896.610575

33501.273578

33127.940494

33268.404642

33106.338495

33411.551755

33534.510068

33581.206874

33550.710694

34432.852738

36583.651071

40344.369790

43494.805677

42935.543928

41321.560524

40534.571797

38726.984171

38279.787931

35446.931893

40778.639372

48102.172509

46517.708588

44143.307082

39045.276641

37353.051837

34684.244522

32260.792681

28432.451274

24273.855040

24105.506262

20751.363884

26347.148311

21120.602873

22647.258539

24715.480705

19698.409242

22729.297019

22364.573265

24697.690540

27395.809844

28832.243171

30247.749882

30792.712335

31834.780272

32380.558947

33208.994569

33464.816275

33898.821299

33923.474095

34174.348593

34178.369001

34380.473030

34405.900742

34554.881528

34559.298254

34621.839864

34563.783104

34512.093965

34347.309830

34136.438043

33823.949717

33477.163093

33146.883349

32587.075409

32831.183423

33202.847639

33640.349221

33619.952500

33658.472314

33656.812267

35054.926707

37565.430914

41671.324267

44363.736923

43616.912707

41925.328554

37830.162116

32682.098138

41383.176695

52246.519628

49510.882993

48205.352029

41327.054831

39191.966394

35733.514358

35002.483429

32052.398406

28986.280519

24789.358713

21746.593146

19529.114273

18684.815422

35718.360324

31135.394676

16117.369389

18166.308177

20846.741607

22893.689125

26547.451262

28117.791441

29737.211607

29641.392632

30672.955444

31239.343847

32507.980626

33117.635381

33900.050822

34048.337665

34369.482249

34313.276874

34480.060358

34422.242469

34541.243086

34499.534554

34564.700640

34504.793280

34494.309457

34379.648953

34262.144873

34046.434931

33795.419871

33496.227721

33229.194883

32174.774183

32476.428845

33129.446512

33555.439626

33930.509189

33753.069232

33829.889433

33909.835281

35629.203243

37738.387475

41911.464010

41855.384378

46567.071365

43437.691452

48604.476139

56575.571251

46682.582820

49102.940429

42257.849036

40570.742428

36307.959606

35414.471084

32663.058004

31946.341932

28421.306935

26412.509600

21296.193626

24181.440837

16603.750223

42974.451217

35350.282273

14777.180422

24845.605098

20266.591618

26220.010771

26912.003340

29463.615486

28816.270288

29764.705485

29952.291134

31459.423070

32363.189026

33633.701963

34077.708419

34610.085936

34566.656653

34718.271104

34562.167812

34622.434238

34497.930485

34533.227451

34439.243228

34441.751878

34345.754634

34291.123524

34150.000556

34001.925308

33783.913602

33561.906237

33356.631173

31812.586358

32350.518365

32879.962600

33522.734480

33856.838256

34099.601972

33883.858763

33962.753777

34138.220569

35572.696927

36274.282055

37942.589513

32563.748360

25393.461458

27182.825225

35455.992033

41810.847783

39995.705378

40123.971660

37069.132215

36056.691185

33197.673201

32332.166085

29527.597526

29364.721529

25364.866317

28463.919273

19455.192682

59397.416640

23751.827811

28365.689234

64128.171570

19716.338033

30659.622950

25475.955472

29618.438038

28154.959529

29401.752633

29143.592601

30619.064162

31519.677474

33152.281135

33930.622886

34796.999131

34881.966696

35083.509506

34849.903689

34839.535901

34604.331391

34575.920495

34412.225107

34395.005063

34284.859020

34261.072746

34162.610404

34095.008924

33958.590939

33819.707165

33650.926373

33518.045828

31831.736014

32211.434191

32743.639720

33203.256924

33664.032565

33931.259432

33994.668589

33924.105630

33804.096562

34131.536686

34053.102078

34007.015711

29778.001711

34759.796534

34968.355612

30970.904935

36226.805583

37164.896310

37310.237812

36692.380534

34874.736471

33646.847257

31035.490120

30119.031080

27290.392386

29051.208239

25399.946851

37114.576179

43112.870545

28685.958858

28955.102665

42908.409331

38999.762956

26662.618375

31250.985594

27778.779561

29725.819933

29146.283995

30576.858878

31260.762566

32921.668668

33834.165152

34965.241982

35225.583368

35537.261705

35272.618880

35201.551136

34846.447653

34728.627489

34464.497733

34393.883236

34236.196764

34210.543190

34122.569452

34105.929923

34030.418731

33973.436949

33866.764061

33771.803732

33690.517516

31962.901234

32296.143117

32559.812680

32850.964223

33174.604403

33379.965915

33658.602040

33483.814443

33676.091142

33079.353357

33673.209905

31996.967950

33727.384726

36000.048911

36933.389707

35705.462113

34836.930913

37039.957969

36789.323609

36697.139238

35674.132929

33947.050846

32482.145580

30063.174772

29531.353693

27527.547706

29314.028726

33443.387081

33732.774506

31310.842380

30860.818605

34017.055207

34749.698564

31414.218832

28960.245867

30836.633025

30008.180154

31563.441096

32047.817568

33507.887076

34305.164961

35420.755203

35736.499182

36107.944072

35824.565892

35699.003720

35226.713543

35004.731252

34620.799961

34468.714060

34234.125261

34173.957347

34064.495744

34067.454746

34026.797345

34035.643630

33992.667518

33957.141848

33895.331824

33868.148985

32366.879777

32449.766768

32479.396188

32526.374800

32512.180525

32713.390602

32648.669176

32966.145219

32556.280208

32955.929458

32174.440623

33030.599550

34373.577237

35969.701387

36978.359468

37318.047871

36804.075502

36776.289454

37663.319251

37197.349573

36748.667908

35537.009561

33955.658391

32617.761954

31066.885165

30549.112931

31668.032503

33533.531240

33623.245665

31300.678705

32142.263509

34172.146163

34691.922887

33254.074508

32220.088931

32140.481050

33353.607185

33791.739945

35032.794357

35661.696521

36509.546627

36704.175146

36950.758636

36576.361726

36348.980165

35745.293518

35402.836134

34887.355887

34634.622878

34303.416755

34181.358878

34021.234171

34010.250649

33973.695035

34023.499426

34034.493619

34066.687702

34048.430201

34034.968524

34029.105672

32833.290456

32728.920774

32540.060808

32242.520946

32084.402280

31792.342588

31893.692723

31637.635358

31961.649935

31611.454963

32092.900293

32737.729404

33832.645319

35403.445578

36525.712593

36699.925865

37328.880659

37424.124852

37644.798419

38051.481055

37569.417051

37082.729259

36006.155277

35067.873742

34129.066037

34181.410725

34754.165806

35261.408674

33931.461780

34089.401030

34027.304256

35234.611747

36819.457938

36513.663686

35866.836681

35790.725981

36285.752603

37090.426043

37643.933293

38169.685823

38220.830495

38181.494033

37635.838343

37204.382430

36425.644498

35925.978126

35262.066567

34893.410579

34455.426945

34254.903899

34024.973633

33970.602859

33905.006636

33959.543597

33998.591579

34090.862496

34135.011317

34169.391763

34160.246900

34177.556008

33351.131610

33094.021174

32681.953777

32262.352453

31691.164045

31375.373039

30922.794884

30961.262601

30758.776505

31083.079025

31448.363254

32107.591590

33310.344850

34375.346880

35313.017013

36293.062639

36478.794971

37247.522834

37613.487990

37907.163216

38211.624808

37890.569511

37741.054793

37143.271109

37082.854009

36959.839267

37113.092508

36300.495154

36032.278999

35361.959938

36082.181264

37184.112750

38241.664606

39304.588825

39259.771059

39258.903065

39431.803481

39789.926293

39974.265464

39943.978992

39621.336058

38940.174350

38244.126619

37273.997516

36571.668869

35740.242623

35238.295591

34687.765932

34402.639203

34098.012827

33985.337218

33868.263221

33890.535108

33915.935206

34030.886198

34127.140415

34235.106057

34275.281767

34287.852637

34295.648948

33825.891400

33463.479491

33023.719844

32367.019418

31760.508173

31039.644034

30654.881745

30250.161655

30281.605365

30441.118131

30843.062712

31654.180423

32401.416265

33429.863722

34371.448453

34923.810480

35842.685997

36172.658395

36931.807761

37432.200499

37844.239508

38312.773694

38403.747350

38724.543841

38727.646293

38825.218159

38357.547394

37907.429980

37182.075387

37199.767866

37576.479953

38683.269246

40006.173244

40992.995296

41656.080248

41817.780117

41809.663389

41700.708932

41469.571352

40939.472853

40182.703379

39272.260283

38173.826965

37267.042142

36283.582882

35640.214149

34980.462876

34612.557393

34240.348746

34071.923350

33902.349846

33876.011340

33856.584975

33943.023012

34038.064632

34190.414666

34306.893816

34387.494785

34389.175553

34397.868854

34178.808526

33871.396001

33378.539933

32749.839074

31929.218060

31252.932328

30581.364858

30209.260108

30005.631714

30054.176998

30464.538842

30884.009801

31680.581831

32356.257809

33039.796322

33847.081646

34254.020585

35096.209762

35563.236390

36374.563065

37079.824874

37811.292314

38591.789861

39189.656838

39705.698407

39889.347423

39797.618096

39506.586895

39279.932700

39331.477921

39887.345277

40729.717417

41877.209085

42736.554757

43373.952899

43405.552084

43257.090038

42718.210696

42039.283165

41127.184954

40077.022650

38903.481681

37846.071489

36773.477390

36012.361528

35275.531064

34840.434055

34420.946228

34213.083942

34008.696576

33943.920361

33881.608904

33919.582055

33967.063707

34090.079776

34220.228178

34374.256356

34462.764801

34480.343852

34468.756558

34439.167579

34189.103526

33805.357712

33115.280068

32404.390581

31654.875018

31022.192967

30477.422873

30089.731550

29985.990761

29951.004782

30302.566435

30586.315546

31106.565530

31629.767989

32055.588327

32761.665427

33190.932713

34070.018871

34781.566243

35866.982624

36929.338677

38156.635722

39290.964527

40409.715612

41219.447378

42004.097714

42433.706713

42999.956550

43439.737523

43964.496151

44587.289663

44893.954909

45312.355592

45026.125614

44773.219082

43886.834343

43042.681999

41841.846416

40649.926440

39346.947277

38173.849550

37052.991403

36215.745949

35459.709376

34993.246074

34568.279215

34351.050867

34143.419153

34067.638909

33989.503041

33998.103378

34004.592371

34074.349235

34148.050878

34269.283210

34393.519460

34511.774165

34534.274593

34529.408467

34548.758551

34452.644092

34063.778104

33547.872517

32980.276705

32368.900328

31720.314775

31055.404238

30507.600738

29951.697081

29687.396883

29398.188372

29441.516476

29494.616618

29714.942725

30119.244740

30479.767343

31238.317774

31908.209905

33081.697833

34257.200867

35896.669672

37547.442532

39555.348237

41439.854098

43646.973336

45502.779630

47578.378361

49003.843563

50221.287032

50749.759978

50552.665953

50101.769238

48760.139793

47640.187169

45865.231218

44452.879227

42693.233011

41191.689529

39609.846813

38267.926002

37057.452947

36149.763824

35408.299582

34946.310460

34570.901435

34387.566993

34223.070083

34175.161854

34119.559037

34135.236478

34136.546101

34183.542933

34216.793688

34280.775963

34336.984520

34416.738697

34499.517786

34561.159807

34562.666785

34619.980523

34495.987349

34267.415661

34039.020068

33683.526084

33201.138446

32551.473610

31833.878949

30932.638165

30115.638129

29175.525202

28500.226858

27842.406722

27506.825070

27366.831289

27450.425767

27914.491276

28501.925583

29614.911907

30852.748099

32693.598111

34694.570733

37322.880901

40062.579409

43457.668695

46727.483892

50491.872598

53486.385014

56260.129099

57736.770487

58244.220593

57726.086392

55795.214513

53570.987326

50357.598157

47657.643236

44694.861440

42360.293480

40126.302706

38377.443433

36916.327379

35856.582824

35089.703680

34625.128172

34325.856196

34211.262248

34139.630543

34166.333001

34178.356850

34243.544016

34278.879331

34343.795539

34376.969261

34425.106104

34445.349027

34473.361061

34484.417863

34503.136418

34524.192338

34582.676739

34609.573169

34575.720059

34547.886496

34472.799968

34274.686855

33878.564958

33283.122664

32353.597504

31262.021283

29843.114319

28458.247856

26960.405329

25742.883668

24740.966035

24143.463637

24043.055005

24319.519819

25258.264078

26500.165715

28493.595076

30750.045631

33855.095293

37179.034886

41423.297262

45580.001338

50349.254580

54222.219909

57890.976082

60146.522229

61721.039708

62235.744562

61692.228299

60319.102909

57305.689197

53956.513487

49540.696456

45800.100068

42104.644811

39404.220336

37192.230068

35730.215000

34713.413532

34153.450127

33847.238821

33792.344236

33810.204965

33951.792906

34060.998670

34226.377748

34326.772225

34451.920934

34512.590695

34581.193974

34594.550733

34609.546806

34587.107331

34574.623986

34557.348976

34562.544577

34614.277373

