AXIS X

0.000000 0.000500 0.001000 0.001500 0.002000 0.002500 0.003000 0.003500 0.004000 0.004500 0.005000 0.005500 0.006000 0.006500 0.007000 0.007500 0.008000 0.008500 0.009000 0.009500 0.010000 0.010500 0.011000 0.011500 0.012000 0.012500 0.013000 0.013500 0.014000 0.014500 0.015000 0.015500 0.016000 0.016500 0.017000 0.017500 0.018000 0.018500 0.019000 0.019500 0.020000 0.020500 0.021000 0.021500 0.022000 0.022500 0.023000 0.023500 0.024000 0.024500 0.025000 0.025500 0.026000 0.026500 0.027000 0.027500 0.028000 0.028500 0.029000 0.029500 

AXIS Y

0.000000 0.000500 0.001000 0.001500 0.002000 0.002500 0.003000 0.003500 0.004000 0.004500 0.005000 0.005500 0.006000 0.006500 0.007000 0.007500 0.008000 0.008500 0.009000 0.009500 0.010000 0.010500 0.011000 0.011500 0.012000 0.012500 0.013000 0.013500 0.014000 0.014500 0.015000 0.015500 0.016000 0.016500 0.017000 0.017500 0.018000 0.018500 0.019000 0.019500 0.020000 0.020500 0.021000 0.021500 0.022000 0.022500 0.023000 0.023500 0.024000 0.024500 0.025000 0.025500 0.026000 0.026500 0.027000 0.027500 0.028000 0.028500 0.029000 0.029500 



DATA
2513.210466

2513.210769

2513.337026

2513.716143

2514.517153

2515.823075

2517.617838

2519.766168

2522.074121

2524.299030

2526.261969

2527.847465

2529.116320

2530.253010

2531.643431

2533.750818

2537.160881

2542.412432

2550.043640

2560.426174

2573.825089

2590.268135

2609.552003

2631.183435

2654.167933

2677.330859

2698.530496

2716.346355

2730.045584

2734.718796

2734.718796

2730.045584

2716.346355

2698.530496

2677.330859

2654.167933

2631.183435

2609.552003

2590.268135

2573.825089

2560.426174

2550.043640

2542.412432

2537.160881

2533.750818

2531.643431

2530.253010

2529.116320

2527.847465

2526.261969

2524.299030

2522.074121

2519.766168

2517.617838

2515.823075

2514.517153

2513.716143

2513.337026

2513.210769

2513.210466

2513.221772

2513.373847

2513.887498

2514.673987

2515.653188

2516.806210

2518.083896

2519.463877

2520.934292

2522.491921

2524.156156

2525.975671

2528.026267

2530.425968

2533.306285

2536.837531

2541.165806

2546.458663

2552.810367

2560.330095

2569.011523

2578.872024

2589.751506

2601.515207

2613.754454

2626.148173

2637.774786

2648.747420

2654.196960

2650.406616

2650.406616

2654.196960

2648.747420

2637.774786

2626.148173

2613.754454

2601.515207

2589.751506

2578.872024

2569.011523

2560.330095

2552.810367

2546.458663

2541.165806

2536.837531

2533.306285

2530.425968

2528.026267

2525.975671

2524.156156

2522.491921

2520.934292

2519.463877

2518.083896

2516.806210

2515.653188

2514.673987

2513.887498

2513.373847

2513.221772

2513.310928

2513.817189

2514.660257

2515.810837

2517.022045

2518.166871

2519.195445

2520.155097

2521.160664

2522.377771

2523.963004

2526.052294

2528.714212

2531.945711

2535.662267

2539.708930

2543.900761

2548.039413

2551.996427

2555.693066

2559.189859

2562.558992

2565.967939

2569.424806

2572.969953

2576.252784

2579.145062

2580.200300

2578.864004

2577.367181

2577.367181

2578.864004

2580.200300

2579.145062

2576.252784

2572.969953

2569.424806

2565.967939

2562.558992

2559.189859

2555.693066

2551.996427

2548.039413

2543.900761

2539.708930

2535.662267

2531.945711

2528.714212

2526.052294

2523.963004

2522.377771

2521.160664

2520.155097

2519.195445

2518.166871

2517.022045

2515.810837

2514.660257

2513.817189

2513.310928

2513.629357

2514.506205

2515.598775

2516.943012

2518.327624

2519.563475

2520.595866

2521.469222

2522.336882

2523.388791

2524.830083

2526.794319

2529.334736

2532.365879

2535.693366

2539.023625

2542.044895

2544.503776

2546.278336

2547.437594

2548.180889

2548.804182

2549.470466

2550.206004

2550.648507

2550.383237

2548.667125

2545.613240

2542.010159

2539.523151

2539.523151

2542.010159

2545.613240

2548.667125

2550.383237

2550.648507

2550.206004

2549.470466

2548.804182

2548.180889

2547.437594

2546.278336

2544.503776

2542.044895

2539.023625

2535.693366

2532.365879

2529.334736

2526.794319

2524.830083

2523.388791

2522.336882

2521.469222

2520.595866

2519.563475

2518.327624

2516.943012

2515.598775

2514.506205

2513.629357

2514.214156

2515.303272

2516.628452

2518.065097

2519.557295

2520.944790

2522.133248

2523.121106

2523.972583

2524.820281

2525.792886

2527.011619

2528.510675

2530.258128

2532.118786

2533.931217

2535.543465

2536.914839

2538.152892

2539.508035

2541.300096

2543.733950

2546.792115

2550.031476

2552.758721

2554.002008

2553.283845

2550.450206

2546.477855

2542.087214

2542.087214

2546.477855

2550.450206

2553.283845

2554.002008

2552.758721

2550.031476

2546.792115

2543.733950

2541.300096

2539.508035

2538.152892

2536.914839

2535.543465

2533.931217

2532.118786

2530.258128

2528.510675

2527.011619

2525.792886

2524.820281

2523.972583

2523.121106

2522.133248

2520.944790

2519.557295

2518.065097

2516.628452

2515.303272

2514.214156

2515.117991

2516.207001

2517.646965

2519.197250

2520.784463

2522.326556

2523.687694

2524.765393

2525.512179

2525.926422

2526.076454

2526.047435

2525.965193

2525.935524

2526.090177

2526.561757

2527.548756

2529.300781

2532.118360

2536.268981

2541.867118

2548.768148

2556.445536

2564.088713

2570.623801

2575.182915

2577.029152

2576.163759

2572.636387

2567.072557

2567.072557

2572.636387

2576.163759

2577.029152

2575.182915

2570.623801

2564.088713

2556.445536

2548.768148

2541.867118

2536.268981

2532.118360

2529.300781

2527.548756

2526.561757

2526.090177

2525.935524

2525.965193

2526.047435

2526.076454

2525.926422

2525.512179

2524.765393

2523.687694

2522.326556

2520.784463

2519.197250

2517.646965

2516.207001

2515.117991

2516.262015

2517.240162

2518.740095

2520.390882

2522.088758

2523.704820

2525.076089

2526.015898

2526.383638

2526.130256

2525.294467

2524.039083

2522.600666

2521.321053

2520.586966

2520.852693

2522.569079

2526.150341

2531.859401

2539.712264

2549.387950

2560.199409

2571.198628

2581.299442

2589.597805

2595.390913

2598.470266

2598.682770

2596.162667

2590.691021

2590.691021

2596.162667

2598.682770

2598.470266

2595.390913

2589.597805

2581.299442

2571.198628

2560.199409

2549.387950

2539.712264

2531.859401

2526.150341

2522.569079

2520.852693

2520.586966

2521.321053

2522.600666

2524.039083

2525.294467

2526.130256

2526.383638

2526.015898

2525.076089

2523.704820

2522.088758

2520.390882

2518.740095

2517.240162

2516.262015

2517.584244

2518.444557

2519.999199

2521.759103

2523.488183

2524.999129

2526.067209

2526.501814

2526.199004

2525.176775

2523.600265

2521.737439

2519.979976

2518.779184

2518.663158

2520.151390

2523.716241

2529.650995

2537.977494

2548.340851

2560.012021

2571.976163

2583.135695

2592.571574

2599.700653

2604.413249

2606.831981

2607.251304

2605.622249

2601.439738

2601.439738

2605.622249

2607.251304

2606.831981

2604.413249

2599.700653

2592.571574

2583.135695

2571.976163

2560.012021

2548.340851

2537.977494

2529.650995

2523.716241

2520.151390

2518.663158

2518.779184

2519.979976

2521.737439

2523.600265

2525.176775

2526.199004

2526.501814

2526.067209

2524.999129

2523.488183

2521.759103

2519.999199

2518.444557

2517.584244

2519.025359

2519.839613

2521.486051

2523.299187

2524.911144

2526.028885

2526.438322

2526.042983

2524.919505

2523.314910

2521.575127

2520.116357

2519.344723

2519.681191

2521.498659

2525.129610

2530.765308

2538.409292

2547.776305

2558.304526

2569.183844

2579.541639

2588.594161

2595.849036

2601.148391

2604.619873

2606.544055

2607.102155

2606.205892

2603.020599

2603.020599

2606.205892

2607.102155

2606.544055

2604.619873

2601.148391

2595.849036

2588.594161

2579.541639

2569.183844

2558.304526

2547.776305

2538.409292

2530.765308

2525.129610

2521.498659

2519.681191

2519.344723

2520.116357

2521.575127

2523.314910

2524.919505

2526.042983

2526.438322

2526.028885

2524.911144

2523.299187

2521.486051

2519.839613

2519.025359

2520.584234

2521.420406

2523.136104

2524.877485

2526.131488

2526.579231

2526.085328

2524.762669

2522.966098

2521.195787

2519.988074

2519.775271

2520.881974

2523.477634

2527.644088

2533.327027

2540.371251

2548.460210

2557.180926

2566.025369

2574.547617

2582.379365

2589.360752

2595.418733

2600.557150

2604.676742

2607.581238

2608.959560

2608.377926

2604.978082

2604.978082

2608.377926

2608.959560

2607.581238

2604.676742

2600.557150

2595.418733

2589.360752

2582.379365

2574.547617

2566.025369

2557.180926

2548.460210

2540.371251

2533.327027

2527.644088

2523.477634

2520.881974

2519.775271

2519.988074

2521.195787

2522.966098

2524.762669

2526.085328

2526.579231

2526.131488

2524.877485

2523.136104

2521.420406

2520.584234

2522.293277

2523.124345

2524.777454

2526.215399

2526.871360

2526.484827

2525.102648

2523.080970

2521.011005

2519.568595

2519.310183

2520.597125

2523.527783

2528.036773

2533.884197

2540.755500

2548.222296

2555.865341

2563.283950

2570.291950

2576.882950

2583.328086

2589.901621

2596.793260

2603.767276

2610.207296

2615.154325

2617.660950

2617.002135

2612.667490

2612.667490

2617.002135

2617.660950

2615.154325

2610.207296

2603.767276

2596.793260

2589.901621

2583.328086

2576.882950

2570.291950

2563.283950

2555.865341

2548.222296

2540.755500

2533.884197

2528.036773

2523.527783

2520.597125

2519.310183

2519.568595

2521.011005

2523.080970

2525.102648

2526.484827

2526.871360

2526.215399

2524.777454

2523.124345

2522.293277

2524.195136

2524.828359

2526.153709

2527.022349

2526.916660

2525.744608

2523.758263

2521.488479

2519.618799

2518.783427

2519.434000

2521.732157

2525.638803

2530.922904

2537.294820

2544.347529

2551.676660

2558.850836

2565.650176

2572.055542

2578.440660

2585.292507

2593.130863

2602.008627

2611.442638

2620.280512

2627.076728

2630.494833

2629.703427

2624.382039

2624.382039

2629.703427

2630.494833

2627.076728

2620.280512

2611.442638

2602.008627

2593.130863

2585.292507

2578.440660

2572.055542

2565.650176

2558.850836

2551.676660

2544.347529

2537.294820

2530.922904

2525.638803

2521.732157

2519.434000

2518.783427

2519.618799

2521.488479

2523.758263

2525.744608

2526.916660

2527.022349

2526.153709

2524.828359

2524.195136

2526.259919

2526.363680

2527.034302

2527.125845

2526.261817

2524.543367

2522.366920

2520.292754

2518.891435

2518.619265

2519.701607

2522.189673

2525.976264

2530.945352

2536.898456

2543.631324

2550.803655

2558.134262

2565.373344

2572.615731

2580.136344

2588.488456

2598.002245

2608.682162

2619.821986

2630.177735

2638.209415

2642.513993

2642.216794

2636.786074

2636.786074

2642.216794

2642.513993

2638.209415

2630.177735

2619.821986

2608.682162

2598.002245

2588.488456

2580.136344

2572.615731

2565.373344

2558.134262

2550.803655

2543.631324

2536.898456

2530.945352

2525.976264

2522.189673

2519.701607

2518.619265

2518.891435

2520.292754

2522.366920

2524.543367

2526.261817

2527.125845

2527.034302

2526.363680

2526.259919

2528.352684

2527.560984

2527.324932

2526.591532

2525.142148

2523.196395

2521.164758

2519.482542

2518.517546

2518.485106

2519.480912

2521.494189

2524.556170

2528.689064

2533.964577

2540.297293

2547.536951

2555.345064

2563.519802

2571.920560

2580.788136

2590.390391

2601.069809

2612.718743

2624.794297

2636.217301

2645.594762

2651.590953

2652.916365

2648.588301

2648.588301

2652.916365

2651.590953

2645.594762

2636.217301

2624.794297

2612.718743

2601.069809

2590.390391

2580.788136

2571.920560

2563.519802

2555.345064

2547.536951

2540.297293

2533.964577

2528.689064

2524.556170

2521.494189

2519.480912

2518.485106

2518.517546

2519.482542

2521.164758

2523.196395

2525.142148

2526.591532

2527.324932

2527.560984

2528.352684

2530.196433

2528.315545

2527.127502

2525.725450

2523.962271

2522.044122

2520.262754

2518.887240

2518.101144

2518.017707

2518.671637

2520.132700

2522.492318

2525.951767

2530.638613

2536.633427

2543.752218

2551.765470

2560.308600

2569.291367

2578.708457

2588.909486

2600.109467

2612.422724

2625.456240

2638.361705

2649.950572

2658.628255

2662.744814

2659.857359

2659.857359

2662.744814

2658.628255

2649.950572

2638.361705

2625.456240

2612.422724

2600.109467

2588.909486

2578.708457

2569.291367

2560.308600

2551.765470

2543.752218

2536.633427

2530.638613

2525.951767

2522.492318

2520.132700

2518.671637

2518.017707

2518.101144

2518.887240

2520.262754

2522.044122

2523.962271

2525.725450

2527.127502

2528.315545

2530.196433

2531.462828

2528.603334

2526.708755

2524.951123

2523.145880

2521.356757

2519.730487

2518.426169

2517.612086

2517.407033

2517.903451

2519.143104

2521.239736

2524.310953

2528.542160

2533.968628

2540.561631

2548.060812

2556.289928

2565.055805

2574.538510

2584.960301

2596.745342

2609.974970

2624.407023

2639.281744

2653.310324

2664.946404

2671.857851

2671.341787

2671.341787

2671.857851

2664.946404

2653.310324

2639.281744

2624.407023

2609.974970

2596.745342

2584.960301

2574.538510

2565.055805

2556.289928

2548.060812

2540.561631

2533.968628

2528.542160

2524.310953

2521.239736

2519.143104

2517.903451

2517.407033

2517.612086

2518.426169

2519.730487

2521.356757

2523.145880

2524.951123

2526.708755

2528.603334

2531.462828

2531.852025

2528.481324

2526.359316

2524.635144

2522.977056

2521.301840

2519.672164

2518.297853

2517.441283

2517.323462

2517.997140

2519.425603

2521.527294

2524.363288

2528.046287

2532.766840

2538.556357

2545.393194

2553.104622

2561.704501

2571.273954

2582.216766

2594.794274

2609.157940

2624.897275

2641.153846

2656.728839

2669.942116

2678.804202

2679.557643

2679.557643

2678.804202

2669.942116

2656.728839

2641.153846

2624.897275

2609.157940

2594.794274

2582.216766

2571.273954

2561.704501

2553.104622

2545.393194

2538.556357

2532.766840

2528.046287

2524.363288

2521.527294

2519.425603

2517.997140

2517.323462

2517.441283

2518.297853

2519.672164

2521.301840

2522.977056

2524.635144

2526.359316

2528.481324

2531.852025

2531.241905

2528.026342

2526.265774

2524.926566

2523.532683

2521.927761

2520.250396

2518.848733

2518.132697

2518.320708

2519.376522

2521.049009

2523.160141

2525.708737

2528.961919

2533.218342

2538.699386

2545.388089

2553.184055

2561.993177

2571.987091

2583.428545

2596.670668

2611.622587

2627.818828

2644.241772

2659.675148

2672.873343

2681.951201

2683.620410

2683.620410

2681.951201

2672.873343

2659.675148

2644.241772

2627.818828

2611.622587

2596.670668

2583.428545

2571.987091

2561.993177

2553.184055

2545.388089

2538.699386

2533.218342

2528.961919

2525.708737

2523.160141

2521.049009

2519.376522

2518.320708

2518.132697

2518.848733

2520.250396

2521.927761

2523.532683

2524.926566

2526.265774

2528.026342

2531.241905

2529.716959

2527.313456

2526.421282

2525.738612

2524.683426

2523.189032

2521.559315

2520.314020

2519.884225

2520.414615

2521.690235

2523.401772

2525.379496

2527.820779

2531.141025

2535.753050

2541.812369

2549.147159

2557.482097

2566.632799

2576.744321

2588.214295

2601.363041

2616.234846

2632.157606

2648.155680

2662.943424

2675.400026

2684.037224

2685.673876

2685.673876

2684.037224

2675.400026

2662.943424

2648.155680

2632.157606

2616.234846

2601.363041

2588.214295

2576.744321

2566.632799

2557.482097

2549.147159

2541.812369

2535.753050

2531.141025

2527.820779

2525.379496

2523.401772

2521.690235

2520.414615

2519.884225

2520.314020

2521.559315

2523.189032

2524.683426

2525.738612

2526.421282

2527.313456

2529.716959

2527.570094

2526.391136

2526.679758

2526.812826

2526.198662

2524.930912

2523.520614

2522.543608

2522.371371

2522.992614

2524.172838

2525.690137

2527.649838

2530.449659

2534.583856

2540.324943

2547.489482

2555.665609

2564.315033

2573.365576

2583.066524

2594.090344

2607.006954

2621.879363

2638.241529

2654.800008

2670.326440

2683.267423

2692.084418

2692.857171

2692.857171

2692.084418

2683.267423

2670.326440

2654.800008

2638.241529

2621.879363

2607.006954

2594.090344

2583.066524

2573.365576

2564.315033

2555.665609

2547.489482

2540.324943

2534.583856

2530.449659

2527.649838

2525.690137

2524.172838

2522.992614

2522.371371

2522.543608

2523.520614

2524.930912

2526.198662

2526.812826

2526.679758

2526.391136

2527.570094

2525.185525

2525.315945

2526.847004

2527.880282

2527.820619

2526.927865

2525.811945

2525.043134

2524.873878

2525.282941

2526.146335

2527.550382

2529.829772

2533.465850

2538.770154

2545.618326

2553.585406

2561.974542

2570.529676

2579.247686

2588.880842

2600.204947

2613.984815

2630.421262

2648.849425

2668.196813

2686.498108

2702.147627

2712.544370

2714.555200

2714.555200

2712.544370

2702.147627

2686.498108

2668.196813

2648.849425

2630.421262

2613.984815

2600.204947

2588.880842

2579.247686

2570.529676

2561.974542

2553.585406

2545.618326

2538.770154

2533.465850

2529.829772

2527.550382

2526.146335

2525.282941

2524.873878

2525.043134

2525.811945

2526.927865

2527.820619

2527.880282

2526.847004

2525.315945

2525.185525

2522.939828

2524.165840

2526.811725

2528.749642

2529.350509

2528.888568

2527.989352

2527.176348

2526.737700

2526.774639

2527.441772

2529.015870

2531.891353

2536.330911

2542.289656

2549.457997

2557.282304

2565.545662

2574.146458

2583.706013

2594.799262

2608.336232

2624.771224

2644.191730

2666.124335

2689.138290

2711.641647

2730.886923

2744.390112

2746.876115

2746.876115

2744.390112

2730.886923

2711.641647

2689.138290

2666.124335

2644.191730

2624.771224

2608.336232

2594.799262

2583.706013

2574.146458

2565.545662

2557.282304

2549.457997

2542.289656

2536.330911

2531.891353

2529.015870

2527.441772

2526.774639

2526.737700

2527.176348

2527.989352

2528.888568

2529.350509

2528.749642

2526.811725

2524.165840

2522.939828

2521.106237

2523.062693

2526.575532

2529.363532

2530.630873

2530.533669

2529.622862

2528.504751

2527.657284

2527.465959

2528.228250

2530.201990

2533.487337

2538.028535

2543.652622

2550.153202

2557.617478

2566.171501

2576.355178

2588.412587

2602.825672

2619.685025

2639.236771

2661.462880

2686.028711

2712.122210

2737.786668

2760.721646

2777.020724

2781.588329

2781.588329

2777.020724

2760.721646

2737.786668

2712.122210

2686.028711

2661.462880

2639.236771

2619.685025

2602.825672

2588.412587

2576.355178

2566.171501

2557.617478

2550.153202

2543.652622

2538.028535

2533.487337

2530.201990

2528.228250

2527.465959

2527.657284

2528.504751

2529.622862

2530.533669

2530.630873

2529.363532

2526.575532

2523.062693

2521.106237

2519.834607

2522.142193

2526.248904

2529.730125

2531.550067

2531.619044

2530.469743

2528.911264

2527.771244

2527.627541

2528.723533

2530.939816

2534.026114

2537.797602

2542.365297

2548.241185

2556.028335

2566.389625

2579.393047

2594.902320

2612.341362

2631.458510

2652.291738

2675.309931

2700.810511

2728.476196

2756.696232

2782.525627

2801.749288

2808.303550

2808.303550

2801.749288

2782.525627

2756.696232

2728.476196

2700.810511

2675.309931

2652.291738

2631.458510

2612.341362

2594.902320

2579.393047

2566.389625

2556.028335

2548.241185

2542.365297

2537.797602

2534.026114

2530.939816

2528.723533

2527.627541

2527.771244

2528.911264

2530.469743

2531.619044

2531.550067

2529.730125

2526.248904

2522.142193

2519.834607

2519.164672

2521.536078

2525.952562

2529.884018

2531.994837

2532.003955

2530.490260

2528.589082

2527.406106

2527.546832

2528.887146

2530.907813

2533.162269

2535.807852

2539.669745

2545.869599

2555.375109

2568.300201

2584.056574

2601.474663

2619.597243

2638.330602

2658.416358

2681.222684

2707.899691

2738.020177

2770.139836

2800.010430

2822.673382

2827.624684

2827.624684

2822.673382

2800.010430

2770.139836

2738.020177

2707.899691

2681.222684

2658.416358

2638.330602

2619.597243

2601.474663

2584.056574

2568.300201

2555.375109

2545.869599

2539.669745

2535.807852

2533.162269

2530.907813

2528.887146

2527.546832

2527.406106

2528.589082

2530.490260

2532.003955

2531.994837

2529.884018

2525.952562

2521.536078

2519.164672

2519.077574

2521.311177

2525.778028

2529.809887

2531.893753

2531.644473

2529.826534

2527.820973

2526.854246

2527.260830

2528.540340

2529.904458

2531.206957

2533.241628

2537.466269

2545.221584

2556.853171

2571.652374

2588.102751

2604.787461

2621.501731

2639.012590

2659.577567

2685.077972

2716.360662

2753.089745

2791.378329

2827.722939

2853.775931

2862.318463

2862.318463

2853.775931

2827.722939

2791.378329

2753.089745

2716.360662

2685.077972

2659.577567

2639.012590

2621.501731

2604.787461

2588.102751

2571.652374

2556.853171

2545.221584

2537.466269

2533.241628

2531.206957

2529.904458

2528.540340

2527.260830

2526.854246

2527.820973

2529.826534

2531.644473

2531.893753

2529.809887

2525.778028

2521.311177

2519.077574

2519.510630

2521.478728

2525.715210

2529.490791

2531.215099

2530.632801

2528.668150

2526.837626

2526.154668

2526.641512

2527.482653

2528.131092

2528.951391

2531.362853

2536.940565

2546.379836

2559.185941

2573.803806

2588.811493

2603.962904

2620.167419

2640.204670

2666.066188

2699.511848

2740.121356

2784.750082

2830.888467

2871.121031

2901.049341

2904.467578

2904.467578

2901.049341

2871.121031

2830.888467

2784.750082

2740.121356

2699.511848

2666.066188

2640.204670

2620.167419

2603.962904

2588.811493

2573.803806

2559.185941

2546.379836

2536.940565

2531.362853

2528.951391

2528.131092

2527.482653

2526.641512

2526.154668

2526.837626

2528.668150

2530.632801

2531.215099

2529.490791

2525.715210

2521.478728

2519.510630

2520.393366

2521.951946

2525.719463

2528.894628

2530.053897

2529.124972

2527.219274

2525.665935

2525.194927

2525.437555

2525.758627

2525.980693

2527.119290

2530.628567

2537.505597

2547.623991

2559.702626

2572.699095

2586.427728

2602.233189

2622.932257

2650.490548

2686.837187

2730.533337

2778.913240

2828.790479

2874.534910

2915.531727

2942.745279

2947.450261

2947.450261

2942.745279

2915.531727

2874.534910

2828.790479

2778.913240

2730.533337

2686.837187

2650.490548

2622.932257

2602.233189

2586.427728

2572.699095

2559.702626

2547.623991

2537.505597

2530.628567

2527.119290

2525.980693

2525.758627

2525.437555

2525.194927

2525.665935

2527.219274

2529.124972

2530.053897

2528.894628

2525.719463

2521.951946

2520.393366

2521.601835

2522.622606

2525.692616

2528.081236

2528.560175

2527.371517

2525.572227

2524.276572

2523.727392

2523.616214

2523.497137

2523.904522

2525.840764

2530.383775

2537.641366

2546.790024

2557.256845

2569.068988

2584.162925

2605.060709

2633.963985

2672.197675

2717.486816

2766.985191

2815.585500

2859.318268

2898.658461

2930.826940

2957.664753

2964.476601

2964.476601

2957.664753

2930.826940

2898.658461

2859.318268

2815.585500

2766.985191

2717.486816

2672.197675

2633.963985

2605.060709

2584.162925

2569.068988

2557.256845

2546.790024

2537.641366

2530.383775

2525.840764

2523.904522

2523.497137

2523.616214

2523.727392

2524.276572

2525.572227

2527.371517

2528.560175

2528.081236

2525.692616

2522.622606

2521.601835

2522.998144

2523.333083

2525.599439

2527.123918

2526.987864

2525.555252

2523.853662

2522.539505

2521.779064

2521.223360

2521.130646

2522.007600

2524.806083

2529.596117

2535.974419

2543.599659

2552.834669

2566.002612

2585.337139

2613.475890

2650.826784

2695.416522

2743.798530

2789.720876

2829.815528

2862.906201

2891.596412

2923.210202

2954.319980

2966.285092

2966.285092

2954.319980

2923.210202

2891.596412

2862.906201

2829.815528

2789.720876

2743.798530

2695.416522

2650.826784

2613.475890

2585.337139

2566.002612

2552.834669

2543.599659

2535.974419

2529.596117

2524.806083

2522.007600

2521.130646

2521.223360

2521.779064

2522.539505

2523.853662

2525.555252

2526.987864

2527.123918

2525.599439

2523.333083

2522.998144

2524.385050

2523.971277

2525.402779

2526.173890

2525.510608

2523.895984

2522.079337

2520.607499

2519.439575

2518.797311

2518.888924

2520.481492

2523.467656

2527.686945

2532.681791

2539.127024

2549.249845

2565.257363

2589.978197

2623.253550

2664.459691

2709.939228

2754.698725

2794.744510

2826.628915

2854.982109

2887.299171

2932.383650

2990.575862

3043.875364

3043.875364

2990.575862

2932.383650

2887.299171

2854.982109

2826.628915

2794.744510

2754.698725

2709.939228

2664.459691

2623.253550

2589.978197

2565.257363

2549.249845

2539.127024

2532.681791

2527.686945

2523.467656

2520.481492

2518.888924

2518.797311

2519.439575

2520.607499

2522.079337

2523.895984

2525.510608

2526.173890

2525.402779

2523.971277

2524.385050

2525.582902

2524.427353

2525.132009

2525.309895

2524.299564

2522.453843

2520.447960

2518.609053

2517.295242

2516.668922

2517.350995

2519.119848

2521.879858

2524.870120

2528.870534

2535.572486

2547.400999

2566.800389

2593.739029

2628.946213

2669.829977

2714.958433

2759.586831

2799.085882

2834.400399

2869.719235

2922.541562

3002.208263

3110.025738

3195.417596

3195.417596

3110.025738

3002.208263

2922.541562

2869.719235

2834.400399

2799.085882

2759.586831

2714.958433

2669.829977

2628.946213

2593.739029

2566.800389

2547.400999

2535.572486

2528.870534

2524.870120

2521.879858

2519.119848

2517.350995

2516.668922

2517.295242

2518.609053

2520.447960

2522.453843

2524.299564

2525.309895

2525.132009

2524.427353

2525.582902

2526.423717

2524.647062

2524.790873

2524.602023

2523.364665

2521.341735

2519.032662

2517.015715

2515.648054

2515.514108

2516.441595

2518.290123

2520.039136

2522.257089

2525.940662

2533.712259

2547.218540

2566.996845

2594.046374

2628.178335

2672.280101

2723.145009

2776.820172

2825.272322

2865.577816

2913.059467

2983.471583

3107.350575

3271.502944

3429.263777

3429.263777

3271.502944

3107.350575

2983.471583

2913.059467

2865.577816

2825.272322

2776.820172

2723.145009

2672.280101

2628.178335

2594.046374

2566.996845

2547.218540

2533.712259

2525.940662

2522.257089

2520.039136

2518.290123

2516.441595

2515.514108

2515.648054

2517.015715

2519.032662

2521.341735

2523.364665

2524.602023

2524.790873

2524.647062

2526.423717

2526.801542

2524.603962

2524.395046

2524.027179

2522.703224

2520.522866

2518.070489

2515.989994

2515.013767

2515.234769

2516.492214

2517.677358

2518.866972

2520.450090

2524.934313

2533.275236

2546.448549

2564.401197

2589.380073

2627.343212

2680.568548

2748.286681

2814.383742

2864.780491

2896.418204

2925.290839

3000.158603

3139.242564

3358.126697

3563.188568

3563.188568

3358.126697

3139.242564

3000.158603

2925.290839

2896.418204

2864.780491

2814.383742

2748.286681

2680.568548

2627.343212

2589.380073

2564.401197

2546.448549

2533.275236

2524.934313

2520.450090

2518.866972

2517.677358

2516.492214

2515.234769

2515.013767

2515.989994

2518.070489

2520.522866

2522.703224

2524.027179

2524.395046

2524.603962

2526.801542

2526.692606

2524.299669

2523.946239

2523.547713

2522.224388

2520.019982

2517.566536

2515.791739

2515.245809

2515.962270

2516.975253

2517.787791

2518.317904

2520.556086

2525.285965

2533.495235

2543.539834

2558.276896

2584.030396

2630.635110

2702.970524

2786.536141

2856.724178

2882.454822

2866.534677

2853.058226

2891.114173

3046.871719

3284.675320

3481.997636

3481.997636

3284.675320

3046.871719

2891.114173

2853.058226

2866.534677

2882.454822

2856.724178

2786.536141

2702.970524

2630.635110

2584.030396

2558.276896

2543.539834

2533.495235

2525.285965

2520.556086

2518.317904

2517.787791

2516.975253

2515.962270

2515.245809

2515.791739

2517.566536

2520.019982

2522.224388

2523.547713

2523.946239

2524.299669

2526.692606

2526.118163

2523.778864

2523.438602

2523.109913

2521.865333

2519.754880

2517.575086

2516.263926

2516.310121

2517.167891

2517.975600

2518.239854

2519.157505

2521.816999

2527.063611

2532.346287

2538.662092

2549.831692

2580.419241

2641.459993

2731.695774

2825.156302

2872.281521

2846.629485

2763.836391

2694.415820

2728.735537

2892.190223

3183.721548

3445.120399

3445.120399

3183.721548

2892.190223

2728.735537

2694.415820

2763.836391

2846.629485

2872.281521

2825.156302

2731.695774

2641.459993

2580.419241

2549.831692

2538.662092

2532.346287

2527.063611

2521.816999

2519.157505

2518.239854

2517.975600

2517.167891

2516.310121

2516.263926

2517.575086

2519.754880

2521.865333

2523.109913

2523.438602

2523.778864

2526.118163

2525.190005

2523.078421

2522.881704

2522.672562

2521.560958

2519.698699

2517.966352

2517.304537

2517.806781

2518.689579

2519.091738

2519.309284

2520.723356

2524.330315

2528.154502

2530.343828

2530.660669

2541.808531

2578.167213

2654.826113

2757.330918

2842.588296

2854.065982

2766.714596

2637.038372

2560.491231

2625.055913

2890.581933

3268.578150

3438.681821

3438.681821

3268.578150

2890.581933

2625.055913

2560.491231

2637.038372

2766.714596

2854.065982

2842.588296

2757.330918

2654.826113

2578.167213

2541.808531

2530.660669

2530.343828

2528.154502

2524.330315

2520.723356

2519.309284

2519.091738

2518.689579

2517.806781

2517.304537

2517.966352

2519.698699

2521.560958

2522.672562

2522.881704

2523.078421

2525.190005

2524.005740

2522.265250

2522.280122

2522.219560

2521.297003

2519.775631

2518.654063

2518.638461

2519.496558

2520.216777

2520.238211

2520.633144

2522.784990

2526.541687

2528.675843

2525.619047

2522.583815

2532.064741

2577.511030

2662.185241

2769.556812

2838.359681

2813.806402

2695.042233

2559.568043

2522.804908

2690.811667

3110.012228

3671.867862

3996.084184

3996.084184

3671.867862

3110.012228

2690.811667

2522.804908

2559.568043

2695.042233

2813.806402

2838.359681

2769.556812

2662.185241

2577.511030

2532.064741

2522.583815

2525.619047

2528.675843

2526.541687

2522.784990

2520.633144

2520.238211

2520.216777

2519.496558

2518.638461

2518.654063

2519.775631

2521.297003

2522.219560

2522.280122

2522.265250

2524.005740

2522.706499

2521.393986

2521.660114

2521.776665

2521.051434

2519.960958

2519.446971

2520.053717

2521.102980

2521.507882

2521.283159

2521.763577

2524.634719

2527.934961

2527.450207

2520.427378

2512.867580

2524.400378

2571.209452

2662.740883

2762.843762

2821.901505

2782.175264

2665.939373

2556.694602

2580.345847

2813.165919

3388.433402

4273.471596

4399.552556

4399.552556

4273.471596

3388.433402

2813.165919

2580.345847

2556.694602

2665.939373

2782.175264

2821.901505

2762.843762

2662.740883

2571.209452

2524.400378

2512.867580

2520.427378

2527.450207

2527.934961

2524.634719

2521.763577

2521.283159

2521.507882

2521.102980

2520.053717

2519.446971

2519.960958

2521.051434

2521.776665

2521.660114

2521.393986

2522.706499

2521.382818

2520.534852

2521.086741

2521.359789

2520.857869

2520.124031

2520.212726

2521.261842

2522.394684

2522.469309

2521.847042

2522.626828

2525.487591

2528.408205

2525.293299

2514.935086

2505.498635

2514.978333

2563.717239

2647.788461

2746.405702

2797.455999

2773.911916

2678.935896

2601.680159

2619.613053

2847.333404

3191.006341

3913.072005

4750.527350

4750.527350

3913.072005

3191.006341

2847.333404

2619.613053

2601.680159

2678.935896

2773.911916

2797.455999

2746.405702

2647.788461

2563.717239

2514.978333

2505.498635

2514.935086

2525.293299

2528.408205

2525.487591

2522.626828

2521.847042

2522.469309

2522.394684

2521.261842

2520.212726

2520.124031

2520.857869

2521.359789

2521.086741

2520.534852

2521.382818

2520.123146

2519.779492

2520.605829

2521.036603

2520.633383

2520.213881

2520.676414

2522.126170

2523.212004

2522.981736

2522.101539

2522.723010

2525.880615

2527.758558

2523.644044

2511.066485

2500.313267

2508.127949

2549.602172

2626.904409

2712.117404

2774.985176

2770.879186

2714.719506

2634.329334

2607.987009

2653.139627

2824.228865

2724.286770

2712.351499

2712.351499

2724.286770

2824.228865

2653.139627

2607.987009

2634.329334

2714.719506

2770.879186

2774.985176

2712.117404

2626.904409

2549.602172

2508.127949

2500.313267

2511.066485

2523.644044

2527.758558

2525.880615

2522.723010

2522.101539

2522.981736

2523.212004

2522.126170

2520.676414

2520.213881

2520.633383

2521.036603

2520.605829

2519.779492

2520.123146

2519.011890

2519.180020

2520.286228

2520.750111

2520.372089

2520.015167

2520.800634

2522.442541

2523.671621

2523.182108

2522.090465

2522.636054

2525.509834

2527.554240

2522.505327

2510.542561

2498.309231

2503.154327

2535.297415

2596.158120

2671.801882

2734.506899

2765.115212

2735.264518

2654.861274

2551.341078

2479.087489

2496.772910

2576.931911

3484.630299

3484.630299

2576.931911

2496.772910

2479.087489

2551.341078

2654.861274

2735.264518

2765.115212

2734.506899

2671.801882

2596.158120

2535.297415

2503.154327

2498.309231

2510.542561

2522.505327

2527.554240

2525.509834

2522.636054

2522.090465

2523.182108

2523.671621

2522.442541

2520.800634

2520.015167

2520.372089

2520.750111

2520.286228

2519.180020

2519.011890

2518.114861

2518.785721

2520.056032

2520.476123

2519.917119

2519.554242

2520.424202

2522.422737

2523.771746

2523.458977

2522.085180

2522.475261

2525.240495

2527.268113

2523.519739

2511.766645

2500.875708

2500.447071

2523.441710

2565.347474

2622.622710

2681.351191

2727.787036

2737.852083

2673.326634

2538.175539

2420.290299

2411.506644

2786.520004

3363.355007

3363.355007

2786.520004

2411.506644

2420.290299

2538.175539

2673.326634

2737.852083

2727.787036

2681.351191

2622.622710

2565.347474

2523.441710

2500.447071

2500.875708

2511.766645

2523.519739

2527.268113

2525.240495

2522.475261

2522.085180

2523.458977

2523.771746

2522.422737

2520.424202

2519.554242

2519.917119

2520.476123

2520.056032

2518.785721

2518.114861

2517.539860

2518.525737

2519.834352

2520.054453

2519.291499

2518.768758

2519.772704

2522.003068

2523.892163

2523.696342

2522.451348

2522.228990

2524.920688

2527.440320

2524.985528

2515.945424

2504.597132

2503.614155

2515.366447

2543.903345

2575.574296

2616.161274

2661.125056

2701.157743

2703.097290

2601.302631

2469.502301

2440.834018

2767.656193

3183.090320

3183.090320

2767.656193

2440.834018

2469.502301

2601.302631

2703.097290

2701.157743

2661.125056

2616.161274

2575.574296

2543.903345

2515.366447

2503.614155

2504.597132

2515.945424

2524.985528

2527.440320

2524.920688

2522.228990

2522.451348

2523.696342

2523.892163

2522.003068

2519.772704

2518.768758

2519.291499

2520.054453

2519.834352

2518.525737

2517.539860

2517.290009

2518.332804

2519.445006

2519.449859

2518.485250

2517.871448

2518.870765

2521.434672

2523.727735

2524.138132

2522.608370

2522.126843

2524.044706

2527.505899

2527.076373

2520.276480

2511.454916

2507.844257

2518.307710

2532.767655

2548.018372

2553.872441

2572.058384

2622.879488

2681.879413

2730.713152

2580.591408

2517.108740

2644.950493

3013.243857

3013.243857

2644.950493

2517.108740

2580.591408

2730.713152

2681.879413

2622.879488

2572.058384

2553.872441

2548.018372

2532.767655

2518.307710

2507.844257

2511.454916

2520.276480

2527.076373

2527.505899

2524.044706

2522.126843

2522.608370

2524.138132

2523.727735

2521.434672

2518.870765

2517.871448

2518.485250

2519.449859

2519.445006

2518.332804

2517.290009

2517.359209

2518.080265

2518.843685

2518.656605

2517.664498

2516.995492

2517.917092

2520.544231

2523.330802

2524.127035

2522.829506

2521.343315

2523.006907

2526.738131

2529.082301

2525.285167

2517.659586

2515.519323

2523.564351

2539.664737

2541.262138

2520.919813

2493.774906

2497.752645

2600.751050

2715.723620

2848.239616

2572.566936

2579.796363

2821.196694

2821.196694

2579.796363

2572.566936

2848.239616

2715.723620

2600.751050

2497.752645

2493.774906

2520.919813

2541.262138

2539.664737

2523.564351

2515.519323

2517.659586

2525.285167

2529.082301

2526.738131

2523.006907

2521.343315

2522.829506

2524.127035

2523.330802

2520.544231

2517.917092

2516.995492

2517.664498

2518.656605

2518.843685

2518.080265

2517.359209

2517.554609

2517.740822

2518.062250

2517.825514

2516.984993

2516.302533

2516.970800

2519.384345

2522.406022

2523.842112

2522.595394

2520.660786

2521.108991

2525.691794

2530.292473

2529.993481

2524.018840

2520.382809

2530.218228

2549.727473

2558.723317

2529.774552

2459.304070

2411.451206

2423.005253

2605.869743

2777.532207

2989.371910

2534.629091

2650.941428

2650.941428

2534.629091

2989.371910

2777.532207

2605.869743

2423.005253

2411.451206

2459.304070

2529.774552

2558.723317

2549.727473

2530.218228

2520.382809

2524.018840

2529.993481

2530.292473

2525.691794

2521.108991

2520.660786

2522.595394

2523.842112

2522.406022

2519.384345

2516.970800

2516.302533

2516.984993

2517.825514

2518.062250

2517.740822

2517.554609

2517.702813

2517.309800

2517.274926

2517.122649

2516.557416

2515.902181

2516.115287

2518.101580

2521.178669

2523.289938

2522.555279

2519.961637

2519.365334

2523.573005

2530.614151

2533.783908

2529.030418

2523.218444

2529.265943

2554.484248

2581.411564

2570.678134

2506.189959

2395.796851

2346.416774

2365.576296

2577.278222

2741.973986

3008.897056

2700.183663

2700.183663

3008.897056

2741.973986

2577.278222

2365.576296

2346.416774

2395.796851

2506.189959

2570.678134

2581.411564

2554.484248

2529.265943

2523.218444

2529.030418

2533.783908

2530.614151

2523.573005

2519.365334

2519.961637

2522.555279

2523.289938

2521.178669

2518.101580

2516.115287

2515.902181

2516.557416

2517.122649

2517.274926

2517.309800

2517.702813

2517.568704

2516.852833

2516.636159

2516.657649

2516.414969

2515.771837

2515.587103

2516.978868

2520.092866

2522.859178

2522.881338

2519.897253

2517.730800

2520.699952

2529.045327

2535.492552

2533.479712

2523.789930

2523.026644

2544.864810

2586.895322

2618.121319

2590.154594

2507.672052

2386.396896

2336.681174

2331.256304

2445.848015

2472.172611

2337.184961

2337.184961

2472.172611

2445.848015

2331.256304

2336.681174

2386.396896

2507.672052

2590.154594

2618.121319

2586.895322

2544.864810

2523.026644

2523.789930

2533.479712

2535.492552

2529.045327

2520.699952

2517.730800

2519.897253

2522.881338

2522.859178

2520.092866

2516.978868

2515.587103

2515.771837

2516.414969

2516.657649

2516.636159

2516.852833

2517.568704

2517.080156

2516.407863

2516.222777

2516.419275

2516.435943

2515.929133

2515.484244

2516.489937

2519.413889

2522.762264

2523.453707

2520.433330

2516.447708

2517.387844

2524.980732

2534.927781

2535.982498

2526.828841

2515.823643

2526.558888

2567.203005

2624.992684

2662.374265

2637.640816

2567.728895

2470.794586

2420.834541

2396.621883

2373.073380

2514.621425

2514.621425

2373.073380

2396.621883

2420.834541

2470.794586

2567.728895

2637.640816

2662.374265

2624.992684

2567.203005

2526.558888

2515.823643

2526.828841

2535.982498

2534.927781

2524.980732

2517.387844

2516.447708

2520.433330

2523.453707

2522.762264

2519.413889

2516.489937

2515.484244

2515.929133

2516.435943

2516.419275

2516.222777

2516.407863

2517.080156

2516.259522

2515.979388

2515.982709

2516.276149

2516.485281

2516.233634

2515.920170

2516.682161

2519.297788

2522.610797

2523.861061

2520.980264

2516.018197

2514.114119

2520.173293

2530.658070

2537.757951

2530.868455

2517.239893

2510.399421

2533.982966

2587.270063

2653.152294

2697.950634

2696.226649

2665.089379

2621.079413

2600.852189

2603.117003

2605.164098

2605.164098

2603.117003

2600.852189

2621.079413

2665.089379

2696.226649

2697.950634

2653.152294

2587.270063

2533.982966

2510.399421

2517.239893

2530.868455

2537.757951

2530.658070

2520.173293

2514.114119

2516.018197

2520.980264

2523.861061

2522.610797

2519.297788

2516.682161

2515.920170

2516.233634

2516.485281

2516.276149

2515.982709

2515.979388

2516.259522

2515.264377

2515.551172

2515.780783

2516.085728

2516.404105

2516.550952

2516.661261

2517.402759

2519.412246

2522.101799

2523.427488

2521.318950

2516.371745

2512.949044

2515.630430

2525.659061

2535.152584

2536.642857

2523.944815

2510.115025

2507.902919

2534.721102

2584.178696

2640.578078

2683.317985

2693.665338

2689.560510

2645.998183

2609.933964

2574.125896

2574.125896

2609.933964

2645.998183

2689.560510

2693.665338

2683.317985

2640.578078

2584.178696

2534.721102

2507.902919

2510.115025

2523.944815

2536.642857

2535.152584

2525.659061

2515.630430

2512.949044

2516.371745

2521.318950

2523.427488

2522.101799

2519.412246

2517.402759

2516.661261

2516.550952

2516.404105

2516.085728

2515.780783

2515.551172

2515.264377

2514.301636

2515.077880

2515.505038

2515.755496

2516.125616

2516.682450

2517.337981

2518.203894

2519.489461

2521.191650

2522.227733

2521.269663

2517.834861

2514.204743

2514.379320

2520.461269

2530.655987

2536.567983

2533.585747

2519.471735

2506.528519

2503.445765

2519.095668

2548.832067

2576.301327

2597.226824

2579.770959

2554.179659

2503.962392

2477.615761

2477.615761

2503.962392

2554.179659

2579.770959

2597.226824

2576.301327

2548.832067

2519.095668

2503.445765

2506.528519

2519.471735

2533.585747

2536.567983

2530.655987

2520.461269

2514.379320

2514.204743

2517.834861

2521.269663

2522.227733

2521.191650

2519.489461

2518.203894

2517.337981

2516.682450

2516.125616

2515.755496

2515.505038

2515.077880

2514.301636

2513.526824

2514.572065

2515.089233

2515.302229

2515.677121

2516.479880

2517.587734

2518.628699

2519.525148

2520.307370

2521.068499

2521.044943

2519.778129

2517.381313

2516.062572

2518.269245

2524.515322

2532.330416

2535.487665

2531.418639

2519.565631

2507.310032

2500.716089

2500.775160

2508.896366

2505.668240

2500.240311

2471.415060

2447.795519

2426.826602

2426.826602

2447.795519

2471.415060

2500.240311

2505.668240

2508.896366

2500.775160

2500.716089

2507.310032

2519.565631

2531.418639

2535.487665

2532.330416

2524.515322

2518.269245

2516.062572

2517.381313

2519.778129

2521.044943

2521.068499

2520.307370

2519.525148

2518.628699

2517.587734

2516.479880

2515.677121

2515.302229

2515.089233

2514.572065

2513.526824

2513.054511

2514.038579

2514.564792

2514.807824

2515.161690

2515.960557

2517.179614

2518.494950

2519.486524

2520.170073

2520.626514

2521.067829

2520.949425

2520.225419

2519.022272

2519.005687

2521.392844

2526.266480

2531.709792

2534.157607

2532.102207

2525.895836

2518.157675

2513.674138

2508.565993

2507.819722

2498.296892

2490.234637

2476.217592

2469.158264

2469.158264

2476.217592

2490.234637

2498.296892

2507.819722

2508.565993

2513.674138

2518.157675

2525.895836

2532.102207

2534.157607

2531.709792

2526.266480

2521.392844

2519.005687

2519.022272

2520.225419

2520.949425

2521.067829

2520.626514

2520.170073

2519.486524

2518.494950

2517.179614

2515.960557

2515.161690

2514.807824

2514.564792

2514.038579

2513.054511

2512.868755

2513.539241

2514.005979

2514.368656

2514.731003

2515.253895

2516.218399

2517.679400

2519.340012

2520.623980

2521.225622

2521.092964

2520.770364

2520.506722

2520.829446

2521.554841

2523.029378

2525.089947

2527.693433

2530.589941

2533.114334

2535.468987

2538.007801

2540.648288

2545.089876

2547.927435

2551.679752

2551.931975

2552.177977

2551.319240

2551.319240

2552.177977

2551.931975

2551.679752

2547.927435

2545.089876

2540.648288

2538.007801

2535.468987

2533.114334

2530.589941

2527.693433

2525.089947

2523.029378

2521.554841

2520.829446

2520.506722

2520.770364

2521.092964

2521.225622

2520.623980

2519.340012

2517.679400

2516.218399

2515.253895

2514.731003

2514.368656

2514.005979

2513.539241

2512.868755

2512.943805

2513.177414

2513.476592

2514.084469

2514.456970

2514.551003

2514.963385

2516.324656

2518.610060

2520.887368

2521.862297

2521.074552

2519.397229

2518.778148

2520.408979

2524.165972

2528.049046

2530.171200

2530.008886

2528.633782

2529.124538

2532.625773

2540.902407

2551.714731

2564.615944

2576.672901

2587.872411

2596.258065

2602.648526

2605.598250

2605.598250

2602.648526

2596.258065

2587.872411

2576.672901

2564.615944

2551.714731

2540.902407

2532.625773

2529.124538

2528.633782

2530.008886

2530.171200

2528.049046

2524.165972

2520.408979

2518.778148

2519.397229

2521.074552

2521.862297

2520.887368

2518.610060

2516.324656

2514.963385

2514.551003

2514.456970

2514.084469

2513.476592

2513.177414

2512.943805

2513.200024

2512.853666

2513.214188

2513.909146

2514.173427

2513.968749

2513.852846

2514.756670

2517.024960

2519.767619

2521.308653

2520.630499

2518.594025

2517.569534

2519.852178

2525.489027

2532.119315

2536.490231

2536.474808

2533.893188

2531.028240

2533.131584

2539.532505

2552.425948

2566.122380

2582.056098

2594.481826

2606.388135

2613.517653

2618.032855

2618.032855

2613.517653

2606.388135

2594.481826

2582.056098

2566.122380

2552.425948

2539.532505

2533.131584

2531.028240

2533.893188

2536.474808

2536.490231

2532.119315

2525.489027

2519.852178

2517.569534

2518.594025

2520.630499

2521.308653

2519.767619

2517.024960

2514.756670

2513.852846

2513.968749

2514.173427

2513.909146

2513.214188

2512.853666

2513.200024

2513.476371

2512.829231

2513.181021

2513.531262

2513.735794

2513.602316

2513.371061

2513.662625

2514.947178

2516.976382

2518.842561

2519.734331

2519.695844

2519.923412

2521.754546

2525.765174

2531.109001

2535.883602

2539.358039

2540.802048

2543.324374

2546.582850

2554.755041

2563.912082

2577.556809

2589.337791

2603.250166

2613.108488

2622.201139

2626.193611

2626.193611

2622.201139

2613.108488

2603.250166

2589.337791

2577.556809

2563.912082

2554.755041

2546.582850

2543.324374

2540.802048

2539.358039

2535.883602

2531.109001

2525.765174

2521.754546

2519.923412

2519.695844

2519.734331

2518.842561

2516.976382

2514.947178

2513.662625

2513.371061

2513.602316

2513.735794

2513.531262

2513.181021

2512.829231

2513.476371

2514.132077

2513.574975

2513.371915

2513.231736

2513.288316

2513.604439

2513.846973

2513.762446

2513.503274

2513.734770

2515.385073

2518.592704

2522.629569

2525.693876

2526.653842

2525.622555

2524.458572

2526.145444

2531.864321

2542.838117

2555.631973

2570.328854

2582.449353

2595.219681

2605.784425

2618.850015

2630.767118

2643.769950

2653.165468

2658.993828

2658.993828

2653.165468

2643.769950

2630.767118

2618.850015

2605.784425

2595.219681

2582.449353

2570.328854

2555.631973

2542.838117

2531.864321

2526.145444

2524.458572

2525.622555

2526.653842

2525.693876

2522.629569

2518.592704

2515.385073

2513.734770

2513.503274

2513.762446

2513.846973

2513.604439

2513.288316

2513.231736

2513.371915

2513.574975

2514.132077

