AXIS X

0.000000 0.000500 0.001000 0.001500 0.002000 0.002500 0.003000 0.003500 0.004000 0.004500 0.005000 0.005500 0.006000 0.006500 0.007000 0.007500 0.008000 0.008500 0.009000 0.009500 0.010000 0.010500 0.011000 0.011500 0.012000 0.012500 0.013000 0.013500 0.014000 0.014500 0.015000 0.015500 0.016000 0.016500 0.017000 0.017500 0.018000 0.018500 0.019000 0.019500 0.020000 0.020500 0.021000 0.021500 0.022000 0.022500 0.023000 0.023500 0.024000 0.024500 0.025000 0.025500 0.026000 0.026500 0.027000 0.027500 0.028000 0.028500 0.029000 0.029500 

AXIS Y

0.000000 0.000500 0.001000 0.001500 0.002000 0.002500 0.003000 0.003500 0.004000 0.004500 0.005000 0.005500 0.006000 0.006500 0.007000 0.007500 0.008000 0.008500 0.009000 0.009500 0.010000 0.010500 0.011000 0.011500 0.012000 0.012500 0.013000 0.013500 0.014000 0.014500 0.015000 0.015500 0.016000 0.016500 0.017000 0.017500 0.018000 0.018500 0.019000 0.019500 0.020000 0.020500 0.021000 0.021500 0.022000 0.022500 0.023000 0.023500 0.024000 0.024500 0.025000 0.025500 0.026000 0.026500 0.027000 0.027500 0.028000 0.028500 0.029000 0.029500 



DATA
5786.880955

5786.881652

5787.172370

5788.045319

5789.889713

5792.896709

5797.029303

5801.976016

5807.290275

5812.413316

5816.933150

5820.583890

5823.505537

5826.122863

5829.324425

5834.176863

5842.028823

5854.120967

5871.692473

5895.599139

5926.451283

5964.312794

6008.715542

6058.523755

6111.447518

6164.782124

6213.596094

6254.618625

6286.162266

6296.922733

6296.922733

6286.162266

6254.618625

6213.596094

6164.782124

6111.447518

6058.523755

6008.715542

5964.312794

5926.451283

5895.599139

5871.692473

5854.120967

5842.028823

5834.176863

5829.324425

5826.122863

5823.505537

5820.583890

5816.933150

5812.413316

5807.290275

5801.976016

5797.029303

5792.896709

5789.889713

5788.045319

5787.172370

5786.881652

5786.880955

5786.906988

5787.257154

5788.439878

5790.250837

5792.505530

5795.160462

5798.102441

5801.279966

5804.665721

5808.252294

5812.084336

5816.273925

5820.995598

5826.521113

5833.153287

5841.284283

5851.250504

5863.437758

5878.063096

5895.377910

5915.367636

5938.072279

5963.123213

5990.210136

6018.392043

6046.929636

6073.700901

6098.966323

6111.514354

6102.786764

6102.786764

6111.514354

6098.966323

6073.700901

6046.929636

6018.392043

5990.210136

5963.123213

5938.072279

5915.367636

5895.377910

5878.063096

5863.437758

5851.250504

5841.284283

5833.153287

5826.521113

5820.995598

5816.273925

5812.084336

5808.252294

5804.665721

5801.279966

5798.102441

5795.160462

5792.505530

5790.250837

5788.439878

5787.257154

5786.906988

5787.112276

5788.277985

5790.219222

5792.868529

5795.657439

5798.293500

5800.661879

5802.871559

5805.186961

5807.989454

5811.639588

5816.450357

5822.579650

5830.020451

5838.578137

5847.895923

5857.547971

5867.077569

5876.188930

5884.700756

5892.752419

5900.510134

5908.359527

5916.319255

5924.482258

5932.041255

5938.700973

5941.130748

5938.053813

5934.607250

5934.607250

5938.053813

5941.130748

5938.700973

5932.041255

5924.482258

5916.319255

5908.359527

5900.510134

5892.752419

5884.700756

5876.188930

5867.077569

5857.547971

5847.895923

5838.578137

5830.020451

5822.579650

5816.450357

5811.639588

5807.989454

5805.186961

5802.871559

5800.661879

5798.293500

5795.657439

5792.868529

5790.219222

5788.277985

5787.112276

5787.845487

5789.864505

5792.380238

5795.475459

5798.663646

5801.509299

5803.886467

5805.897442

5807.895304

5810.317414

5813.636112

5818.158932

5824.008458

5830.987923

5838.649744

5846.317950

5853.274680

5858.936463

5863.022540

5865.691829

5867.403329

5868.838515

5870.372689

5872.066328

5873.085230

5872.474422

5868.522930

5861.491100

5853.194699

5847.468151

5847.468151

5853.194699

5861.491100

5868.522930

5872.474422

5873.085230

5872.066328

5870.372689

5868.838515

5867.403329

5865.691829

5863.022540

5858.936463

5853.274680

5846.317950

5838.649744

5830.987923

5824.008458

5818.158932

5813.636112

5810.317414

5807.895304

5805.897442

5803.886467

5801.509299

5798.663646

5795.475459

5792.380238

5789.864505

5787.845487

5789.192036

5791.699819

5794.751158

5798.059155

5801.495070

5804.689893

5807.426420

5809.701047

5811.661644

5813.613542

5815.853048

5818.659283

5822.110987

5826.134648

5830.418970

5834.592247

5838.304586

5841.462290

5844.313013

5847.433345

5851.559718

5857.163874

5864.205558

5871.664463

5877.944177

5880.806951

5879.153319

5872.628624

5863.481948

5853.372125

5853.372125

5863.481948

5872.628624

5879.153319

5880.806951

5877.944177

5871.664463

5864.205558

5857.163874

5851.559718

5847.433345

5844.313013

5841.462290

5838.304586

5834.592247

5830.418970

5826.134648

5822.110987

5818.659283

5815.853048

5813.613542

5811.661644

5809.701047

5807.426420

5804.689893

5801.495070

5798.059155

5794.751158

5791.699819

5789.192036

5791.273193

5793.780732

5797.096371

5800.666034

5804.320728

5807.871527

5811.005665

5813.487157

5815.206697

5816.160525

5816.505987

5816.439169

5816.249799

5816.181484

5816.537586

5817.623438

5819.896087

5823.930274

5830.417988

5839.975148

5852.865335

5868.755543

5886.433382

5904.032447

5919.080045

5929.577793

5933.828911

5931.836268

5923.714194

5910.903002

5910.903002

5923.714194

5931.836268

5933.828911

5929.577793

5919.080045

5904.032447

5886.433382

5868.755543

5852.865335

5839.975148

5830.417988

5823.930274

5819.896087

5817.623438

5816.537586

5816.181484

5816.249799

5816.439169

5816.505987

5816.160525

5815.206697

5813.487157

5811.005665

5807.871527

5804.320728

5800.666034

5797.096371

5793.780732

5791.273193

5793.907405

5796.159672

5799.613396

5803.414474

5807.323977

5811.045097

5814.202562

5816.366551

5817.213304

5816.629871

5814.705394

5811.814766

5808.502689

5805.556271

5803.865972

5804.477833

5808.429957

5816.676118

5829.821713

5847.903599

5870.182689

5895.076994

5920.403632

5943.661615

5962.769302

5976.108427

5983.198900

5983.688208

5977.885455

5965.286526

5965.286526

5977.885455

5983.688208

5983.198900

5976.108427

5962.769302

5943.661615

5920.403632

5895.076994

5870.182689

5847.903599

5829.821713

5816.676118

5808.429957

5804.477833

5803.865972

5805.556271

5808.502689

5811.814766

5814.705394

5816.629871

5817.213304

5816.366551

5814.202562

5811.045097

5807.323977

5803.414474

5799.613396

5796.159672

5793.907405

5796.951952

5798.932896

5802.512589

5806.564918

5810.546273

5814.025354

5816.484700

5817.485413

5816.788168

5814.434399

5810.804351

5806.515035

5802.468328

5799.703402

5799.436243

5802.863024

5811.071396

5824.736672

5843.909144

5867.771656

5894.645517

5922.193973

5947.889745

5969.616658

5986.031970

5996.883124

6002.452458

6003.417986

5999.666948

5990.036361

5990.036361

5999.666948

6003.417986

6002.452458

5996.883124

5986.031970

5969.616658

5947.889745

5922.193973

5894.645517

5867.771656

5843.909144

5824.736672

5811.071396

5802.863024

5799.436243

5799.703402

5802.468328

5806.515035

5810.804351

5814.434399

5816.788168

5817.485413

5816.484700

5814.025354

5810.546273

5806.564918

5802.512589

5798.932896

5796.951952

5800.270240

5802.145129

5805.936194

5810.111092

5813.822762

5816.396455

5817.339219

5816.428916

5813.842013

5810.147297

5806.141297

5802.782356

5801.005604

5801.780351

5805.965223

5814.325799

5827.302472

5844.903396

5866.471739

5890.713864

5915.764419

5939.614124

5960.458326

5977.163294

5989.365510

5997.358892

6001.789486

6003.074559

6001.010835

5993.676427

5993.676427

6001.010835

6003.074559

6001.789486

5997.358892

5989.365510

5977.163294

5960.458326

5939.614124

5915.764419

5890.713864

5866.471739

5844.903396

5827.302472

5814.325799

5805.965223

5801.780351

5801.005604

5802.782356

5806.141297

5810.147297

5813.842013

5816.428916

5817.339219

5816.396455

5813.822762

5810.111092

5805.936194

5802.145129

5800.270240

5803.859684

5805.785041

5809.735580

5813.745259

5816.632708

5817.663672

5816.526421

5813.480885

5809.344127

5805.267836

5802.486974

5801.996977

5804.545255

5810.521983

5820.115596

5833.201047

5849.420974

5868.046489

5888.126680

5908.491762

5928.114964

5946.148230

5962.223467

5976.172484

5988.004128

5997.489838

6004.177687

6007.351390

6006.012130

5998.183699

5998.183699

6006.012130

6007.351390

6004.177687

5997.489838

5988.004128

5976.172484

5962.223467

5946.148230

5928.114964

5908.491762

5888.126680

5868.046489

5849.420974

5833.201047

5820.115596

5810.521983

5804.545255

5801.996977

5802.486974

5805.267836

5809.344127

5813.480885

5816.526421

5817.663672

5816.632708

5813.745259

5809.735580

5805.785041

5803.859684

5807.794900

5809.708504

5813.514929

5816.825920

5818.336325

5817.446301

5814.263715

5809.608631

5804.842360

5801.521087

5800.926072

5803.889365

5810.637456

5821.019788

5834.483980

5850.305740

5867.498672

5885.097434

5902.179412

5918.315930

5933.492268

5948.332741

5963.468864

5979.337451

5995.395716

6010.224408

6021.615364

6027.387082

6025.870104

6015.889216

6015.889216

6025.870104

6027.387082

6021.615364

6010.224408

5995.395716

5979.337451

5963.468864

5948.332741

5933.492268

5918.315930

5902.179412

5885.097434

5867.498672

5850.305740

5834.483980

5821.019788

5810.637456

5803.889365

5800.926072

5801.521087

5804.842360

5809.608631

5814.263715

5817.446301

5818.336325

5816.825920

5813.514929

5809.708504

5807.794900

5812.174092

5813.632141

5816.683873

5818.683990

5818.440633

5815.741884

5811.168155

5805.941784

5801.636688

5799.713171

5801.211171

5806.502874

5815.498258

5827.665350

5842.337230

5858.576692

5875.452640

5891.971791

5907.627849

5922.376749

5937.079027

5952.855988

5970.904470

5991.346276

6013.068890

6033.418846

6049.067712

6056.938189

6055.115910

6042.862961

6042.862961

6055.115910

6056.938189

6049.067712

6033.418846

6013.068890

5991.346276

5970.904470

5952.855988

5937.079027

5922.376749

5907.627849

5891.971791

5875.452640

5858.576692

5842.337230

5827.665350

5815.498258

5806.502874

5801.211171

5799.713171

5801.636688

5805.941784

5811.168155

5815.741884

5818.440633

5818.683990

5816.683873

5813.632141

5812.174092

5816.928430

5817.167348

5818.711512

5818.922298

5816.932800

5812.975923

5807.964469

5803.188526

5799.961868

5799.335176

5801.827358

5807.556342

5816.275291

5827.717038

5841.424567

5856.927569

5873.442472

5890.321819

5906.990420

5923.666632

5940.983483

5960.214931

5982.121241

6006.712659

6032.363050

6056.208045

6074.701670

6084.613328

6083.929003

6071.424307

6071.424307

6083.929003

6084.613328

6074.701670

6056.208045

6032.363050

6006.712659

5982.121241

5960.214931

5940.983483

5923.666632

5906.990420

5890.321819

5873.442472

5856.927569

5841.424567

5827.717038

5816.275291

5807.556342

5801.827358

5799.335176

5799.961868

5803.188526

5807.964469

5812.975923

5816.932800

5818.922298

5818.711512

5817.167348

5816.928430

5821.747200

5819.924244

5819.380713

5817.691998

5814.354667

5809.874407

5805.196389

5801.322943

5799.100957

5799.026261

5801.319190

5805.954932

5813.005402

5822.521744

5834.669060

5849.250679

5865.920608

5883.899451

5902.722482

5922.065942

5942.484291

5964.594300

5989.184569

6016.007230

6043.812219

6070.114659

6091.707060

6105.513801

6108.565675

6098.599939

6098.599939

6108.565675

6105.513801

6091.707060

6070.114659

6043.812219

6016.007230

5989.184569

5964.594300

5942.484291

5922.065942

5902.722482

5883.899451

5865.920608

5849.250679

5834.669060

5822.521744

5813.005402

5805.954932

5801.319190

5799.026261

5799.100957

5801.322943

5805.196389

5809.874407

5814.354667

5817.691998

5819.380713

5819.924244

5821.747200

5825.992589

5821.661684

5818.926115

5815.697770

5811.637901

5807.221200

5803.119449

5799.952209

5798.142158

5797.950037

5799.455765

5802.819988

5808.253208

5816.218884

5827.010745

5840.814315

5857.205937

5875.657131

5895.328416

5916.012001

5937.695653

5961.184389

5986.973299

6015.325621

6045.336400

6075.052332

6101.736683

6121.717787

6131.196514

6124.547904

6124.547904

6131.196514

6121.717787

6101.736683

6075.052332

6045.336400

6015.325621

5986.973299

5961.184389

5937.695653

5916.012001

5895.328416

5875.657131

5857.205937

5840.814315

5827.010745

5816.218884

5808.253208

5802.819988

5799.455765

5797.950037

5798.142158

5799.952209

5803.119449

5807.221200

5811.637901

5815.697770

5818.926115

5821.661684

5825.992589

5828.908572

5822.324342

5817.961914

5813.914816

5809.758091

5805.638484

5801.893859

5798.890555

5797.016059

5796.543907

5797.686952

5800.541358

5805.369031

5812.440770

5822.183483

5834.678388

5849.859338

5867.126842

5886.075082

5906.259259

5928.093995

5952.091056

5979.227116

6009.689460

6042.920489

6077.170800

6109.472800

6136.265864

6152.180058

6150.991777

6150.991777

6152.180058

6136.265864

6109.472800

6077.170800

6042.920489

6009.689460

5979.227116

5952.091056

5928.093995

5906.259259

5886.075082

5867.126842

5849.859338

5834.678388

5822.183483

5812.440770

5805.369031

5800.541358

5797.686952

5796.543907

5797.016059

5798.890555

5801.893859

5805.638484

5809.758091

5813.914816

5817.961914

5822.324342

5828.908572

5829.804731

5822.043404

5817.157300

5813.187248

5809.369358

5805.512032

5801.759564

5798.595097

5796.622771

5796.351479

5797.902679

5801.191837

5806.031158

5812.561276

5821.041695

5831.911170

5845.242026

5860.984424

5878.740644

5898.542598

5920.577077

5945.773831

5974.734614

6007.808178

6044.049337

6081.481474

6117.344220

6147.768914

6168.174623

6169.909485

6169.909485

6168.174623

6147.768914

6117.344220

6081.481474

6044.049337

6007.808178

5974.734614

5945.773831

5920.577077

5898.542598

5878.740644

5860.984424

5845.242026

5831.911170

5821.041695

5812.561276

5806.031158

5801.191837

5797.902679

5796.351479

5796.622771

5798.595097

5801.759564

5805.512032

5809.369358

5813.187248

5817.157300

5822.043404

5829.804731

5828.399877

5820.995769

5816.941911

5813.858271

5810.648737

5806.953269

5803.090993

5799.863543

5798.214811

5798.647722

5801.078823

5804.929867

5809.790929

5815.659287

5823.150016

5832.950793

5845.571362

5860.972669

5878.923544

5899.207297

5922.219134

5948.564057

5979.055171

6013.483237

6050.776460

6088.591687

6124.128348

6154.518316

6175.420855

6179.264350

6179.264350

6175.420855

6154.518316

6124.128348

6088.591687

6050.776460

6013.483237

5979.055171

5948.564057

5922.219134

5899.207297

5878.923544

5860.972669

5845.571362

5832.950793

5823.150016

5815.659287

5809.790929

5804.929867

5801.078823

5798.647722

5798.214811

5799.863543

5803.090993

5806.953269

5810.648737

5813.858271

5816.941911

5820.995769

5828.399877

5824.888560

5819.354289

5817.299983

5815.728078

5813.298422

5809.857452

5806.104890

5803.237493

5802.247852

5803.469120

5806.406345

5810.347304

5814.901182

5820.522443

5828.167592

5838.787173

5852.739271

5869.628249

5888.820152

5909.890423

5933.173062

5959.583652

5989.859759

6024.103356

6060.766865

6097.603792

6131.653831

6160.336217

6180.224101

6183.992632

6183.992632

6180.224101

6160.336217

6131.653831

6097.603792

6060.766865

6024.103356

5989.859759

5959.583652

5933.173062

5909.890423

5888.820152

5869.628249

5852.739271

5838.787173

5828.167592

5820.522443

5814.901182

5810.347304

5806.406345

5803.469120

5802.247852

5803.237493

5806.104890

5809.857452

5813.298422

5815.728078

5817.299983

5819.354289

5824.888560

5819.945219

5817.230568

5817.895145

5818.201547

5816.787380

5813.868278

5810.620948

5808.371309

5807.974718

5809.405182

5812.122749

5815.616459

5820.128838

5826.575662

5836.095003

5849.314346

5865.811305

5884.637533

5904.553569

5925.393214

5947.730472

5973.113755

6002.855349

6037.100338

6074.775616

6112.902922

6148.653853

6178.451568

6198.753449

6200.532780

6200.532780

6198.753449

6178.451568

6148.653853

6112.902922

6074.775616

6037.100338

6002.855349

5973.113755

5947.730472

5925.393214

5904.553569

5884.637533

5865.811305

5849.314346

5836.095003

5826.575662

5820.128838

5815.616459

5812.122749

5809.405182

5807.974718

5808.371309

5810.620948

5813.868278

5816.787380

5818.201547

5817.895145

5817.230568

5819.945219

5814.454548

5814.754851

5818.280243

5820.659454

5820.522075

5818.466433

5815.896933

5814.126680

5813.736952

5814.678855

5816.666895

5819.899832

5825.148321

5833.520700

5845.734311

5861.502810

5879.847689

5899.164390

5918.863313

5938.937274

5961.118435

5987.193150

6018.922467

6056.768786

6099.201199

6143.750207

6185.890496

6221.924844

6245.864231

6250.494338

6250.494338

6245.864231

6221.924844

6185.890496

6143.750207

6099.201199

6056.768786

6018.922467

5987.193150

5961.118435

5938.937274

5918.863313

5899.164390

5879.847689

5861.502810

5845.734311

5833.520700

5825.148321

5819.899832

5816.666895

5814.678855

5813.736952

5814.126680

5815.896933

5818.466433

5820.522075

5820.659454

5818.280243

5814.754851

5814.454548

5809.283639

5812.106635

5818.199011

5822.661231

5824.044777

5822.981118

5820.910597

5819.038585

5818.028561

5818.113617

5819.649748

5823.274243

5829.895286

5840.117748

5853.838263

5870.343978

5888.360113

5907.387197

5927.191262

5949.202950

5974.746101

6005.916126

6043.759092

6088.476460

6138.978149

6191.969740

6243.785634

6288.099521

6319.191761

6324.915995

6324.915995

6319.191761

6288.099521

6243.785634

6191.969740

6138.978149

6088.476460

6043.759092

6005.916126

5974.746101

5949.202950

5927.191262

5907.387197

5888.360113

5870.343978

5853.838263

5840.117748

5829.895286

5823.274243

5819.649748

5818.113617

5818.028561

5819.038585

5820.910597

5822.981118

5824.044777

5822.661231

5818.199011

5812.106635

5809.283639

5805.061640

5809.566546

5817.655157

5824.074763

5826.992925

5826.769103

5824.671893

5822.097346

5820.145981

5819.705440

5821.460679

5826.005384

5833.570174

5844.026669

5856.976610

5871.944747

5889.131878

5908.828243

5932.277027

5960.040237

5993.227591

6032.047687

6077.067246

6128.244752

6184.809669

6244.892171

6303.986769

6356.796507

6394.326522

6404.843822

6404.843822

6394.326522

6356.796507

6303.986769

6244.892171

6184.809669

6128.244752

6077.067246

6032.047687

5993.227591

5960.040237

5932.277027

5908.828243

5889.131878

5871.944747

5856.976610

5844.026669

5833.570174

5826.005384

5821.460679

5819.705440

5820.145981

5822.097346

5824.671893

5826.769103

5826.992925

5824.074763

5817.655157

5809.566546

5805.061640

5802.133604

5807.447017

5816.903067

5824.918876

5829.109446

5829.268272

5826.621907

5823.033378

5820.408386

5820.077496

5822.601111

5827.704291

5834.810755

5843.494928

5854.012434

5867.542165

5885.472741

5909.330494

5939.271980

5974.983399

6015.138279

6059.157137

6107.127418

6160.128767

6218.846022

6282.548615

6347.527650

6407.002031

6451.266144

6466.357892

6466.357892

6451.266144

6407.002031

6347.527650

6282.548615

6218.846022

6160.128767

6107.127418

6059.157137

6015.138279

5974.983399

5939.271980

5909.330494

5885.472741

5867.542165

5854.012434

5843.494928

5834.810755

5827.704291

5822.601111

5820.077496

5820.408386

5823.033378

5826.621907

5829.268272

5829.109446

5824.918876

5816.903067

5807.447017

5802.133604

5800.591020

5806.051385

5816.220714

5825.273227

5830.133567

5830.154561

5826.669150

5822.291527

5819.567623

5819.891658

5822.977844

5827.630603

5832.821678

5838.913358

5847.805695

5862.081387

5883.968632

5913.729756

5950.010146

5990.116778

6031.845561

6074.980714

6121.229876

6173.743383

6235.169463

6304.524444

6378.482693

6447.262276

6499.445651

6510.846447

6510.846447

6499.445651

6447.262276

6378.482693

6304.524444

6235.169463

6173.743383

6121.229876

6074.980714

6031.845561

5990.116778

5950.010146

5913.729756

5883.968632

5862.081387

5847.805695

5838.913358

5832.821678

5827.630603

5822.977844

5819.891658

5819.567623

5822.291527

5826.669150

5830.154561

5830.133567

5825.273227

5816.220714

5806.051385

5800.591020

5800.390471

5805.533530

5815.818835

5825.102534

5829.900813

5829.326823

5825.140865

5820.522891

5818.296918

5819.233114

5822.179293

5825.320291

5828.319407

5833.004409

5842.732005

5860.589277

5887.371997

5921.448420

5959.326813

5997.744778

6036.230808

6076.551051

6123.903659

6182.620512

6254.651567

6339.223406

6427.386128

6511.072687

6571.061917

6590.731825

6590.731825

6571.061917

6511.072687

6427.386128

6339.223406

6254.651567

6182.620512

6123.903659

6076.551051

6036.230808

5997.744778

5959.326813

5921.448420

5887.371997

5860.589277

5842.732005

5833.004409

5828.319407

5825.320291

5822.179293

5819.233114

5818.296918

5820.522891

5825.140865

5829.326823

5829.900813

5825.102534

5815.818835

5805.533530

5800.390471

5801.387619

5805.919331

5815.674193

5824.367787

5828.338154

5826.997364

5822.473586

5818.258649

5816.686081

5817.807081

5819.743880

5821.236967

5823.125773

5828.678370

5841.521527

5863.256251

5892.743398

5926.402277

5960.958752

5995.846166

6033.158441

6079.295916

6138.844262

6215.855740

6309.362588

6412.124027

6518.361584

6611.000486

6679.912966

6687.783748

6687.783748

6679.912966

6611.000486

6518.361584

6412.124027

6309.362588

6215.855740

6138.844262

6079.295916

6033.158441

5995.846166

5960.958752

5926.402277

5892.743398

5863.256251

5841.521527

5828.678370

5823.125773

5821.236967

5819.743880

5817.807081

5816.686081

5818.258649

5822.473586

5826.997364

5828.338154

5824.367787

5815.674193

5805.919331

5801.387619

5803.420193

5807.008956

5815.683985

5822.995072

5825.664388

5823.525459

5819.137426

5815.560731

5814.476196

5815.034868

5815.774162

5816.285490

5818.907205

5826.987614

5842.822560

5866.121023

5893.933109

5923.858585

5955.469931

5991.863351

6039.524714

6102.980024

6186.671254

6287.285358

6398.684202

6513.530788

6618.861233

6713.259893

6775.921413

6786.755034

6786.755034

6775.921413

6713.259893

6618.861233

6513.530788

6398.684202

6287.285358

6186.671254

6102.980024

6039.524714

5991.863351

5955.469931

5923.858585

5893.933109

5866.121023

5842.822560

5826.987614

5818.907205

5816.285490

5815.774162

5815.034868

5814.476196

5815.560731

5819.137426

5823.525459

5825.664388

5822.995072

5815.683985

5807.008956

5803.420193

5806.202796

5808.553209

5815.622168

5821.122169

5822.224965

5819.487979

5815.344961

5812.361605

5811.097071

5810.841076

5810.566890

5811.504930

5815.963291

5826.423959

5843.135180

5864.200743

5888.301491

5915.499956

5950.255029

5998.373954

6064.926207

6152.962533

6257.244633

6371.218853

6483.125201

6583.823621

6674.407762

6748.478421

6810.274771

6825.959630

6825.959630

6810.274771

6748.478421

6674.407762

6583.823621

6483.125201

6371.218853

6257.244633

6152.962533

6064.926207

5998.373954

5950.255029

5915.499956

5888.301491

5864.200743

5843.135180

5826.423959

5815.963291

5811.504930

5810.566890

5810.841076

5811.097071

5812.361605

5815.344961

5819.487979

5822.224965

5821.122169

5815.622168

5808.553209

5806.202796

5809.417917

5810.189141

5815.407620

5818.917861

5818.604586

5815.305875

5811.387820

5808.361860

5806.610880

5805.331326

5805.117844

5807.137104

5813.580850

5824.610311

5839.296893

5856.854657

5878.119054

5908.439363

5952.958756

6017.750624

6103.754236

6206.425903

6317.829594

6423.569703

6515.891051

6592.085142

6658.146793

6730.940236

6802.573145

6830.123835

6830.123835

6802.573145

6730.940236

6658.146793

6592.085142

6515.891051

6423.569703

6317.829594

6206.425903

6103.754236

6017.750624

5952.958756

5908.439363

5878.119054

5856.854657

5839.296893

5824.610311

5813.580850

5807.137104

5805.117844

5805.331326

5806.610880

5808.361860

5811.387820

5815.305875

5818.604586

5818.917861

5815.407620

5810.189141

5809.417917

5812.611386

5811.658637

5814.954792

5816.730340

5815.203079

5811.485269

5807.302285

5803.913252

5801.224008

5799.745141

5799.956088

5803.623110

5810.499008

5820.214278

5831.715338

5846.556034

5869.864692

5906.723364

5963.645187

6040.264519

6135.145165

6239.865670

6342.928219

6435.137047

6508.553604

6573.839246

6648.252029

6752.062879

6886.055399

7008.782038

7008.782038

6886.055399

6752.062879

6648.252029

6573.839246

6508.553604

6435.137047

6342.928219

6239.865670

6135.145165

6040.264519

5963.645187

5906.723364

5869.864692

5846.556034

5831.715338

5820.214278

5810.499008

5803.623110

5799.956088

5799.745141

5801.224008

5803.913252

5807.302285

5811.485269

5815.203079

5816.730340

5814.954792

5811.658637

5812.611386

5815.369541

5812.708791

5814.331321

5814.740919

5812.414545

5808.164617

5803.545900

5799.311660

5796.286499

5794.844344

5796.414874

5800.487809

5806.842967

5813.728300

5822.939593

5838.371408

5865.607567

5910.276313

5972.304823

6053.372360

6147.510705

6251.422816

6354.183500

6445.133425

6526.448106

6607.772731

6729.400635

6912.839993

7161.098903

7357.720923

7357.720923

7161.098903

6912.839993

6729.400635

6607.772731

6526.448106

6445.133425

6354.183500

6251.422816

6147.510705

6053.372360

5972.304823

5910.276313

5865.607567

5838.371408

5822.939593

5813.728300

5806.842967

5800.487809

5796.414874

5794.844344

5796.286499

5799.311660

5803.545900

5808.164617

5812.414545

5814.740919

5814.331321

5812.708791

5815.369541

5817.305590

5813.214691

5813.545827

5813.110985

5810.261863

5805.603892

5800.287056

5795.642864

5792.493708

5792.185287

5794.320905

5798.577296

5802.604548

5807.711574

5816.193314

5834.088078

5865.187439

5910.728669

5973.012510

6051.604257

6153.152326

6270.273104

6393.864734

6505.429933

6598.236762

6707.567303

6869.697192

7154.939113

7532.913912

7896.171654

7896.171654

7532.913912

7154.939113

6869.697192

6707.567303

6598.236762

6505.429933

6393.864734

6270.273104

6153.152326

6051.604257

5973.012510

5910.728669

5865.187439

5834.088078

5816.193314

5807.711574

5802.604548

5798.577296

5794.320905

5792.185287

5792.493708

5795.642864

5800.287056

5805.603892

5810.261863

5813.110985

5813.545827

5813.214691

5817.305590

5818.175564

5813.115448

5812.634403

5811.787357

5808.738838

5803.718377

5798.071571

5793.281054

5791.033209

5791.542086

5794.437459

5797.166354

5799.905541

5803.550805

5813.876110

5833.081794

5863.414469

5904.751970

5962.267956

6049.681314

6172.237179

6328.163943

6480.358051

6596.400854

6669.249379

6735.731078

6908.120476

7228.373131

7732.372472

8204.544879

8204.544879

7732.372472

7228.373131

6908.120476

6735.731078

6669.249379

6596.400854

6480.358051

6328.163943

6172.237179

6049.681314

5962.267956

5904.751970

5863.414469

5833.081794

5813.876110

5803.550805

5799.905541

5797.166354

5794.437459

5791.542086

5791.033209

5793.281054

5798.071571

5803.718377

5808.738838

5811.787357

5812.634403

5813.115448

5818.175564

5817.924730

5812.414789

5811.600986

5810.683345

5807.636277

5802.560445

5796.911177

5792.824556

5791.567506

5793.217217

5795.549697

5797.420636

5798.641266

5803.794869

5814.685820

5833.588360

5856.716906

5890.650245

5949.949869

6057.261189

6223.819635

6416.236579

6577.850508

6637.097503

6600.440015

6569.409340

6657.036397

7015.681401

7563.244426

8017.595851

8017.595851

7563.244426

7015.681401

6657.036397

6569.409340

6600.440015

6637.097503

6577.850508

6416.236579

6223.819635

6057.261189

5949.949869

5890.650245

5856.716906

5833.588360

5814.685820

5803.794869

5798.641266

5797.420636

5795.549697

5793.217217

5791.567506

5792.824556

5796.911177

5802.560445

5807.636277

5810.683345

5811.600986

5812.414789

5817.924730

5816.602026

5811.215590

5810.432108

5809.675275

5806.809523

5801.950026

5796.930864

5793.911807

5794.018173

5795.993262

5797.853080

5798.461549

5800.574517

5806.698229

5818.778999

5830.942810

5845.485489

5871.204442

5941.634878

6082.186403

6289.961968

6505.162786

6613.672614

6554.606618

6363.968473

6204.121701

6283.145771

6659.514094

7330.789776

7932.682875

7932.682875

7330.789776

6659.514094

6283.145771

6204.121701

6363.968473

6554.606618

6613.672614

6505.162786

6289.961968

6082.186403

5941.634878

5871.204442

5845.485489

5830.942810

5818.778999

5806.698229

5800.574517

5798.461549

5797.853080

5795.993262

5794.018173

5793.911807

5796.930864

5801.950026

5806.809523

5809.675275

5810.432108

5811.215590

5816.602026

5814.464863

5809.602760

5809.149803

5808.668235

5806.108673

5801.820664

5797.831787

5796.307901

5797.464361

5799.497080

5800.423083

5800.924001

5804.180022

5812.485354

5821.290868

5826.331979

5827.061533

5852.730433

5936.449393

6112.963032

6348.989068

6545.301436

6571.729784

6370.595785

6072.005245

5895.748940

6044.414614

6655.810869

7526.179324

7917.857502

7917.857502

7526.179324

6655.810869

6044.414614

5895.748940

6072.005245

6370.595785

6571.729784

6545.301436

6348.989068

6112.963032

5936.449393

5852.730433

5827.061533

5826.331979

5821.290868

5812.485354

5804.180022

5800.924001

5800.423083

5799.497080

5797.464361

5796.307901

5797.831787

5801.820664

5806.108673

5808.668235

5809.149803

5809.602760

5814.464863

5811.737992

5807.730365

5807.764609

5807.625160

5805.500895

5801.997806

5799.415299

5799.379374

5801.355217

5803.013582

5803.062935

5803.972303

5808.927112

5817.577225

5822.491301

5815.452768

5808.463888

5830.294527

5934.938476

6129.908051

6377.140230

6535.564691

6479.028675

6205.564070

5893.623220

5808.972973

6195.822833

7161.067796

8454.788203

9201.323872

9201.323872

8454.788203

7161.067796

6195.822833

5808.972973

5893.623220

6205.564070

6479.028675

6535.564691

6377.140230

6129.908051

5934.938476

5830.294527

5808.463888

5815.452768

5822.491301

5817.577225

5808.927112

5803.972303

5803.062935

5803.013582

5801.355217

5799.379374

5799.415299

5801.997806

5805.500895

5807.625160

5807.764609

5807.730365

5811.737992

5808.746380

5805.724206

5806.336989

5806.605356

5804.935451

5802.424538

5801.241038

5802.638122

5805.054140

5805.986461

5805.469018

5806.575221

5813.186268

5820.785358

5819.669169

5803.498508

5786.091431

5812.646680

5920.428554

6131.187463

6361.682862

6497.668339

6406.195290

6138.552258

5887.006878

5941.465883

6477.553909

7802.156241

9840.031992

10130.344132

10130.344132

9840.031992

7802.156241

6477.553909

5941.465883

5887.006878

6138.552258

6406.195290

6497.668339

6361.682862

6131.187463

5920.428554

5812.646680

5786.091431

5803.498508

5819.669169

5820.785358

5813.186268

5806.575221

5805.469018

5805.986461

5805.054140

5802.638122

5801.241038

5802.424538

5804.935451

5806.605356

5806.336989

5805.724206

5808.746380

5805.698491

5803.745976

5805.016749

5805.645464

5804.489752

5802.800027

5803.004254

5805.419932

5808.028398

5808.200227

5806.767406

5808.562929

5815.150081

5821.875043

5814.702706

5790.852039

5769.123807

5790.951620

5903.177098

6096.758241

6323.832828

6441.380482

6387.168228

6168.477860

5990.589951

6031.881965

6556.227450

7347.563632

9010.181267

10938.493459

10938.493459

9010.181267

7347.563632

6556.227450

6031.881965

5990.589951

6168.477860

6387.168228

6441.380482

6323.832828

6096.758241

5903.177098

5790.951620

5769.123807

5790.852039

5814.702706

5821.875043

5815.150081

5808.562929

5806.767406

5808.200227

5808.028398

5805.419932

5803.004254

5802.800027

5804.489752

5805.645464

5805.016749

5803.745976

5805.698491

5802.797989

5802.006695

5803.909408

5804.901302

5803.972853

5803.006913

5804.071936

5807.410122

5809.910346

5809.380135

5807.353408

5808.784397

5816.055052

5820.379175

5810.905156

5781.944255

5757.184057

5775.178028

5870.675953

6048.670932

6244.881104

6389.639501

6380.185109

6250.872666

6065.767455

6005.112010

6109.079755

6503.027284

6272.902105

6245.420130

6245.420130

6272.902105

6503.027284

6109.079755

6005.112010

6065.767455

6250.872666

6380.185109

6389.639501

6244.881104

6048.670932

5870.675953

5775.178028

5757.184057

5781.944255

5810.905156

5820.379175

5816.055052

5808.784397

5807.353408

5809.380135

5809.910346

5807.410122

5804.071936

5803.006913

5803.972853

5804.901302

5803.909408

5802.006695

5802.797989

5800.239227

5800.626360

5803.173498

5804.241629

5803.371200

5802.549357

5804.357963

5808.138593

5810.968655

5809.841508

5807.327908

5808.584174

5815.201296

5819.908715

5808.283163

5780.737875

5752.569593

5763.725839

5837.738034

5977.874987

6152.051184

6296.434821

6366.913068

6298.179304

6113.043994

5874.679933

5708.309895

5749.032083

5933.605004

8023.657782

8023.657782

5933.605004

5749.032083

5708.309895

5874.679933

6113.043994

6298.179304

6366.913068

6296.434821

6152.051184

5977.874987

5837.738034

5763.725839

5752.569593

5780.737875

5808.283163

5819.908715

5815.201296

5808.584174

5807.327908

5809.841508

5810.968655

5808.138593

5804.357963

5802.549357

5803.371200

5804.241629

5803.173498

5800.626360

5800.239227

5798.173741

5799.718454

5802.643452

5803.610748

5802.323594

5801.488039

5803.491196

5808.092991

5811.199201

5810.479023

5807.315739

5808.213932

5814.581120

5819.249884

5810.618934

5783.556435

5758.479124

5757.492151

5810.439264

5906.930853

6038.811956

6174.039282

6280.961767

6304.137394

6155.562056

5844.365160

5572.924363

5552.699251

6416.199423

7744.411101

7744.411101

6416.199423

5552.699251

5572.924363

5844.365160

6155.562056

6304.137394

6280.961767

6174.039282

6038.811956

5906.930853

5810.439264

5757.492151

5758.479124

5783.556435

5810.618934

5819.249884

5814.581120

5808.213932

5807.315739

5810.479023

5811.199201

5808.092991

5803.491196

5801.488039

5802.323594

5803.610748

5802.643452

5799.718454

5798.173741

5796.849752

5799.119817

5802.133015

5802.639816

5800.883051

5799.679394

5801.991066

5807.126668

5811.476471

5811.025577

5808.158871

5807.646873

5813.844736

5819.646403

5813.994037

5793.178428

5767.048021

5764.784631

5791.845285

5857.553919

5930.478979

6023.933951

6127.466884

6219.645552

6224.111525

5989.720660

5686.239185

5620.228025

6372.763893

7329.336321

7329.336321

6372.763893

5620.228025

5686.239185

5989.720660

6224.111525

6219.645552

6127.466884

6023.933951

5930.478979

5857.553919

5791.845285

5764.784631

5767.048021

5793.178428

5813.994037

5819.646403

5813.844736

5807.646873

5808.158871

5811.025577

5811.476471

5807.126668

5801.991066

5799.679394

5800.883051

5802.639816

5802.133015

5799.119817

5796.849752

5796.274448

5798.675574

5801.236513

5801.247688

5799.026595

5797.613262

5799.914275

5805.817889

5811.097862

5812.042836

5808.520427

5807.411672

5811.827714

5819.797405

5818.808386

5803.151054

5782.838652

5774.524801

5798.617793

5831.913047

5867.029120

5880.508611

5922.383292

6039.403211

6175.255558

6287.699397

5942.031307

5795.857063

6090.223576

6938.250388

6938.250388

6090.223576

5795.857063

5942.031307

6287.699397

6175.255558

6039.403211

5922.383292

5880.508611

5867.029120

5831.913047

5798.617793

5774.524801

5782.838652

5803.151054

5818.808386

5819.797405

5811.827714

5807.411672

5808.520427

5812.042836

5811.097862

5805.817889

5799.914275

5797.613262

5799.026595

5801.247688

5801.236513

5798.675574

5796.274448

5796.433788

5798.094081

5799.851920

5799.421153

5797.136742

5795.596299

5797.718361

5803.767572

5810.183890

5812.017285

5809.029613

5805.607532

5809.438093

5818.029554

5823.427204

5814.683981

5797.125432

5792.197294

5810.721655

5847.794164

5851.472316

5804.632383

5742.128923

5751.288006

5988.450599

6253.184723

6558.314081

5923.554277

5940.200649

6496.045452

6496.045452

5940.200649

5923.554277

6558.314081

6253.184723

5988.450599

5751.288006

5742.128923

5804.632383

5851.472316

5847.794164

5810.721655

5792.197294

5797.125432

5814.683981

5823.427204

5818.029554

5809.438093

5805.607532

5809.029613

5812.017285

5810.183890

5803.767572

5797.718361

5795.596299

5797.136742

5799.421153

5799.851920

5798.094081

5796.433788

5796.883713

5797.312486

5798.052600

5797.507495

5795.572124

5794.000702

5795.539443

5801.096836

5808.054506

5811.361225

5808.490550

5804.035951

5805.067980

5815.620274

5826.213730

5825.525275

5811.768155

5803.395885

5826.042773

5870.964471

5891.678166

5825.021172

5662.756892

5552.571598

5579.175777

6000.236825

6395.504256

6883.283198

5836.199161

6104.018213

6104.018213

5836.199161

6883.283198

6395.504256

6000.236825

5579.175777

5552.571598

5662.756892

5825.021172

5891.678166

5870.964471

5826.042773

5803.395885

5811.768155

5825.525275

5826.213730

5815.620274

5805.067980

5804.035951

5808.490550

5811.361225

5808.054506

5801.096836

5795.539443

5794.000702

5795.572124

5797.507495

5798.052600

5797.312486

5796.883713

5797.224967

5796.320019

5796.239720

5795.889089

5794.587593

5793.078857

5793.569552

5798.143162

5805.228421

5810.089797

5808.398181

5802.426101

5801.053062

5810.741582

5826.954419

5834.253055

5823.307739

5809.925176

5823.850057

5881.917350

5943.919785

5919.205150

5770.715640

5516.526114

5402.824285

5446.940714

5934.402415

6313.628426

6928.241508

6217.402651

6217.402651

6928.241508

6313.628426

5934.402415

5446.940714

5402.824285

5516.526114

5770.715640

5919.205150

5943.919785

5881.917350

5823.850057

5809.925176

5823.307739

5834.253055

5826.954419

5810.741582

5801.053062

5802.426101

5808.398181

5810.089797

5805.228421

5798.143162

5793.569552

5793.078857

5794.587593

5795.889089

5796.239720

5796.320019

5797.224967

5796.916168

5795.267814

5794.768903

5794.818387

5794.259596

5792.778730

5792.353363

5795.558021

5802.728267

5809.097934

5809.148960

5802.277851

5797.289409

5804.126134

5823.342068

5838.187353

5833.552619

5811.241070

5809.483541

5859.767775

5956.546606

6028.447120

5964.051357

5774.128285

5494.881919

5380.407239

5367.916013

5631.773178

5692.387802

5381.567251

5381.567251

5692.387802

5631.773178

5367.916013

5380.407239

5494.881919

5774.128285

5964.051357

6028.447120

5956.546606

5859.767775

5809.483541

5811.241070

5833.552619

5838.187353

5823.342068

5804.126134

5797.289409

5802.277851

5809.148960

5809.097934

5802.728267

5795.558021

5792.353363

5792.778730

5794.259596

5794.818387

5794.768903

5795.267814

5796.916168

5795.791244

5794.243233

5793.817058

5794.269510

5794.307889

5793.140917

5792.116521

5794.432215

5801.164864

5808.874783

5810.466889

5803.512213

5794.334979

5796.499723

5813.982994

5836.886921

5839.315496

5818.238421

5792.898018

5817.616831

5911.203371

6044.269023

6130.343295

6073.392424

5912.414278

5689.214781

5574.177527

5518.425822

5464.203389

5790.129809

5790.129809

5464.203389

5518.425822

5574.177527

5689.214781

5912.414278

6073.392424

6130.343295

6044.269023

5911.203371

5817.616831

5792.898018

5818.238421

5839.315496

5836.886921

5813.982994

5796.499723

5794.334979

5803.512213

5810.466889

5808.874783

5801.164864

5794.432215

5792.116521

5793.140917

5794.307889

5794.269510

5793.817058

5794.243233

5795.791244

5793.901665

5793.256634

5793.264280

5793.939950

5794.421494

5793.842056

5793.120278

5794.874828

5800.897530

5808.526016

5811.404856

5804.771576

5793.345994

5788.961693

5802.913456

5827.055549

5843.403628

5827.539978

5796.159054

5780.408285

5834.711404

5957.409480

6109.108921

6212.260911

6208.291290

6136.595076

6035.258384

5988.683479

5993.898406

5998.612017

5998.612017

5993.898406

5988.683479

6035.258384

6136.595076

6208.291290

6212.260911

6109.108921

5957.409480

5834.711404

5780.408285

5796.159054

5827.539978

5843.403628

5827.055549

5802.913456

5788.961693

5793.345994

5804.771576

5811.404856

5808.526016

5800.897530

5794.874828

5793.120278

5793.842056

5794.421494

5793.939950

5793.264280

5793.256634

5793.901665

5791.610258

5792.270630

5792.799328

5793.501490

5794.234580

5794.572708

5794.826703

5796.534066

5801.161081

5807.354006

5810.406517

5805.551428

5794.160067

5786.279009

5792.453129

5815.544904

5837.404548

5840.836029

5811.597707

5779.753438

5774.659876

5836.411025

5950.291343

6080.155718

6178.567991

6202.393653

6192.941937

6092.635972

6009.595038

5927.143916

5927.143916

6009.595038

6092.635972

6192.941937

6202.393653

6178.567991

6080.155718

5950.291343

5836.411025

5774.659876

5779.753438

5811.597707

5840.836029

5837.404548

5815.544904

5792.453129

5786.279009

5794.160067

5805.551428

5810.406517

5807.354006

5801.161081

5796.534066

5794.826703

5794.572708

5794.234580

5793.501490

5792.799328

5792.270630

5791.610258

5789.393467

5791.180834

5792.164402

5792.741102

5793.593335

5794.875492

5796.384909

5798.378748

5801.338874

5805.258309

5807.643979

5805.437942

5797.529017

5789.170361

5789.572340

5803.576545

5827.050751

5840.663625

5833.796773

5801.298059

5771.495202

5764.396900

5800.432132

5868.902723

5932.153031

5980.335768

5940.142154

5881.216008

5765.586477

5704.921117

5704.921117

5765.586477

5881.216008

5940.142154

5980.335768

5932.153031

5868.902723

5800.432132

5764.396900

5771.495202

5801.298059

5833.796773

5840.663625

5827.050751

5803.576545

5789.572340

5789.170361

5797.529017

5805.437942

5807.643979

5805.258309

5801.338874

5798.378748

5796.384909

5794.875492

5793.593335

5792.741102

5792.164402

5791.180834

5789.393467

5787.609396

5790.016152

5791.206975

5791.697416

5792.560637

5794.409059

5796.959987

5799.356896

5801.421046

5803.222181

5804.974745

5804.920504

5802.003558

5796.484684

5793.448171

5798.529225

5812.911346

5830.906266

5838.176101

5828.806822

5801.514262

5773.294703

5758.111587

5758.247603

5776.947371

5769.514336

5757.016070

5690.643477

5636.257473

5587.974756

5587.974756

5636.257473

5690.643477

5757.016070

5769.514336

5776.947371

5758.247603

5758.111587

5773.294703

5801.514262

5828.806822

5838.176101

5830.906266

5812.911346

5798.529225

5793.448171

5796.484684

5802.003558

5804.920504

5804.974745

5803.222181

5801.421046

5799.356896

5796.959987

5794.409059

5792.560637

5791.697416

5791.206975

5790.016152

5787.609396

5786.521855

5788.787755

5789.999405

5790.559007

5791.373814

5793.213273

5796.020255

5799.048928

5801.332113

5802.906042

5803.957035

5804.973202

5804.700567

5803.033481

5800.263133

5800.224945

5805.721576

5816.943538

5829.477228

5835.113529

5830.380795

5816.090099

5798.272324

5787.948598

5776.186659

5774.468308

5752.541181

5733.977153

5701.701715

5685.447011

5685.447011

5701.701715

5733.977153

5752.541181

5774.468308

5776.186659

5787.948598

5798.272324

5816.090099

5830.380795

5835.113529

5829.477228

5816.943538

5805.721576

5800.224945

5800.263133

5803.033481

5804.700567

5804.973202

5803.957035

5802.906042

5801.332113

5799.048928

5796.020255

5793.213273

5791.373814

5790.559007

5789.999405

5788.787755

5786.521855

5786.094137

5787.637986

5788.712691

5789.547784

5790.382119

5791.586123

5793.806977

5797.171055

5800.994756

5803.951202

5805.336532

5805.031078

5804.288263

5803.681205

5804.424304

5806.094587

5809.489836

5814.234472

5820.229219

5826.898674

5832.711304

5838.133093

5843.978927

5850.058873

5860.286009

5866.819729

5875.459759

5876.040525

5876.606964

5874.629650

5874.629650

5876.606964

5876.040525

5875.459759

5866.819729

5860.286009

5850.058873

5843.978927

5838.133093

5832.711304

5826.898674

5820.229219

5814.234472

5809.489836

5806.094587

5804.424304

5803.681205

5804.288263

5805.031078

5805.336532

5803.951202

5800.994756

5797.171055

5793.806977

5791.586123

5790.382119

5789.547784

5788.712691

5787.637986

5786.094137

5786.266945

5786.804851

5787.493732

5788.893421

5789.751136

5789.967655

5790.917199

5794.051641

5799.313980

5804.557674

5806.802533

5804.988682

5801.126504

5799.701016

5803.456143

5812.106939

5821.048049

5825.934489

5825.560745

5822.394453

5823.524461

5831.586351

5850.644005

5875.540301

5905.246443

5933.008611

5958.796437

5978.105118

5992.819698

5999.611688

5999.611688

5992.819698

5978.105118

5958.796437

5933.008611

5905.246443

5875.540301

5850.644005

5831.586351

5823.524461

5822.394453

5825.560745

5825.934489

5821.048049

5812.106939

5803.456143

5799.701016

5801.126504

5804.988682

5806.802533

5804.557674

5799.313980

5794.051641

5790.917199

5789.967655

5789.751136

5788.893421

5787.493732

5786.804851

5786.266945

5786.856911

5786.059392

5786.889526

5788.489724

5789.098253

5788.626966

5788.360090

5790.441221

5795.664152

5801.979358

5805.527719

5803.966212

5799.277057

5796.918080

5802.174060

5815.153387

5830.420187

5840.484594

5840.449081

5834.504682

5827.907896

5832.751024

5847.489688

5877.177938

5908.715140

5945.403881

5974.015176

6001.430467

6017.846788

6028.243424

6028.243424

6017.846788

6001.430467

5974.015176

5945.403881

5908.715140

5877.177938

5847.489688

5832.751024

5827.907896

5834.504682

5840.449081

5840.484594

5830.420187

5815.153387

5802.174060

5796.918080

5799.277057

5803.966212

5805.527719

5801.979358

5795.664152

5790.441221

5788.360090

5788.626966

5789.098253

5788.489724

5786.889526

5786.059392

5786.856911

5787.493223

5786.003129

5786.813156

5787.619615

5788.090567

5787.783223

5787.250739

5787.922089

5790.879881

5795.552297

5799.849332

5801.902710

5801.814090

5802.338084

5806.554427

5815.789239

5828.093856

5839.087779

5847.087966

5850.412921

5856.220791

5863.723708

5882.540874

5903.625741

5935.043884

5962.170599

5994.205027

6016.904652

6037.841252

6047.034259

6047.034259

6037.841252

6016.904652

5994.205027

5962.170599

5935.043884

5903.625741

5882.540874

5863.723708

5856.220791

5850.412921

5847.087966

5839.087779

5828.093856

5815.789239

5806.554427

5802.338084

5801.814090

5801.902710

5799.849332

5795.552297

5790.879881

5787.922089

5787.250739

5787.783223

5788.090567

5787.619615

5786.813156

5786.003129

5787.493223

5789.003043

5787.720267

5787.252704

5786.929931

5787.060210

5787.788110

5788.346566

5788.151935

5787.555170

5788.088209

5791.888173

5799.274015

5808.569240

5815.625068

5817.835472

5815.460845

5812.780677

5816.664843

5829.833042

5855.101142

5884.560085

5918.400904

5946.309385

5975.714150

6000.040373

6030.125004

6057.565150

6087.505276

6109.139257

6122.559551

6122.559551

6109.139257

6087.505276

6057.565150

6030.125004

6000.040373

5975.714150

5946.309385

5918.400904

5884.560085

5855.101142

5829.833042

5816.664843

5812.780677

5815.460845

5817.835472

5815.625068

5808.569240

5799.274015

5791.888173

5788.088209

5787.555170

5788.151935

5788.346566

5787.788110

5787.060210

5786.929931

5787.252704

5787.720267

5789.003043

