AXIS X

0.000000 0.000500 0.001000 0.001500 0.002000 0.002500 0.003000 0.003500 0.004000 0.004500 0.005000 0.005500 0.006000 0.006500 0.007000 0.007500 0.008000 0.008500 0.009000 0.009500 0.010000 0.010500 0.011000 0.011500 0.012000 0.012500 0.013000 0.013500 0.014000 0.014500 0.015000 0.015500 0.016000 0.016500 0.017000 0.017500 0.018000 0.018500 0.019000 0.019500 0.020000 0.020500 0.021000 0.021500 0.022000 0.022500 0.023000 0.023500 0.024000 0.024500 0.025000 0.025500 0.026000 0.026500 0.027000 0.027500 0.028000 0.028500 0.029000 0.029500 

AXIS Y

0.000000 0.000500 0.001000 0.001500 0.002000 0.002500 0.003000 0.003500 0.004000 0.004500 0.005000 0.005500 0.006000 0.006500 0.007000 0.007500 0.008000 0.008500 0.009000 0.009500 0.010000 0.010500 0.011000 0.011500 0.012000 0.012500 0.013000 0.013500 0.014000 0.014500 0.015000 0.015500 0.016000 0.016500 0.017000 0.017500 0.018000 0.018500 0.019000 0.019500 0.020000 0.020500 0.021000 0.021500 0.022000 0.022500 0.023000 0.023500 0.024000 0.024500 0.025000 0.025500 0.026000 0.026500 0.027000 0.027500 0.028000 0.028500 0.029000 0.029500 



DATA
14688.855302

14821.930287

14856.231059

14884.212875

14858.457226

14770.826264

14633.420023

14487.613729

14397.483483

14415.931503

14615.010330

14852.062859

15290.520272

14945.995422

15040.300068

15474.327239

14798.451887

14326.180313

13730.079189

13314.975648

13009.685507

12819.061130

12670.402744

12495.195534

12261.567311

11913.502398

11565.618520

11275.567421

10417.691946

11154.857017

11852.668192

12317.633830

14822.948136

16677.660251

18382.196964

19810.208369

20529.480997

20662.174147

20240.768598

19532.947398

18655.541125

17788.985539

16987.674791

16322.483063

15794.386020

15410.711464

15150.777904

14995.571301

14920.960027

14901.391063

14917.330498

14946.453870

14977.515825

14996.285794

15001.450100

14988.812178

14965.373697

14935.590500

14922.922850

14870.246892

14837.224471

14968.943416

14823.854731

14680.437339

14541.018473

14394.038797

14260.318314

14153.746259

14101.282683

14115.624235

14239.148235

14576.148447

15519.204309

14937.438523

14610.059108

15061.491819

13853.932453

13136.214198

12854.930180

12708.703181

12676.898701

12690.065570

12738.571312

12789.356363

12828.691134

12790.240107

12591.233742

11887.709956

11179.075282

12943.382545

13095.710606

11814.075155

13367.059658

15395.903731

16813.818084

17773.960005

18292.631008

18451.996665

18333.943367

18019.324637

17598.624549

17127.998694

16661.617480

16226.526704

15844.463542

15526.048469

15273.769144

15089.252808

14962.485440

14888.924675

14851.822005

14844.792645

14851.277041

14868.163156

14884.431897

14903.106891

14920.559717

14953.293167

15000.819215

14947.665934

14815.132514

14893.789454

14732.433120

14460.801447

14194.130669

13977.128246

13819.638464

13750.685375

13757.870205

13878.925863

14099.403834

14656.606731

15075.924608

14637.775864

13850.803717

13379.425080

13019.595433

12558.350884

12429.256987

12520.663260

12740.902301

13042.844479

13406.286376

13787.840445

14132.622102

14282.630508

14052.522865

13340.714403

12795.939372

13060.827372

13131.269747

13184.487994

14196.910359

15538.702074

16549.230044

17021.771085

17165.649088

17127.670939

17026.570701

16879.085886

16712.001813

16517.985279

16309.519373

16083.876825

15854.004038

15622.751373

15405.609365

15206.873312

15040.764133

14906.592183

14812.654677

14751.334929

14725.804331

14725.583110

14753.184813

14799.437127

14870.124317

14946.991292

14985.522522

14950.776851

14748.699455

14740.576891

14568.046021

14246.227557

13899.871300

13603.592554

13412.198898

13327.234552

13385.792687

13561.901094

13945.130042

14408.685732

14758.456823

14469.914425

13414.364890

12598.033219

12397.922739

12404.666724

12499.970067

12765.948182

13149.082365

13656.244447

14246.645692

14920.262978

15533.440226

15942.178316

15836.468358

15222.582066

14093.374665

13837.288118

13881.207183

14417.716151

15914.133929

16764.154343

17085.784845

17021.075945

16740.043549

16453.876029

16226.348253

16103.425718

16030.620181

15999.828988

15956.530143

15898.842251

15798.716383

15667.960084

15501.416997

15321.068865

15134.035899

14964.246320

14818.529696

14714.435150

14651.644466

14639.257382

14669.967863

14744.994711

14842.756490

14929.812933

14956.996244

14936.881156

14609.546332

14524.272771

14329.128738

14003.806801

13626.484951

13293.700306

13047.189844

12937.348563

12956.756354

13157.547044

13501.988942

13970.828529

14326.386570

14405.628025

13578.450021

12608.567055

12499.488219

12652.052873

12928.926813

13282.204880

13750.375091

14318.985528

15040.148132

15840.335418

16694.224275

17336.040165

17648.276016

17270.977196

16332.845608

15018.962705

15066.932628

16537.816529

17615.134747

17975.062945

17672.437758

17126.745244

16555.259558

16068.835046

15753.386341

15576.915732

15540.005375

15559.845162

15622.504214

15660.031547

15672.111115

15622.868434

15528.881418

15383.345943

15214.944438

15033.811106

14870.523914

14736.654353

14654.015028

14624.853809

14655.477181

14730.337902

14824.817303

14896.041054

14902.658378

14890.625905

14406.403563

14261.024305

14043.040213

13728.270688

13365.741660

13012.136674

12736.687384

12555.360221

12515.232139

12610.209001

12880.270555

13280.686449

13757.580492

14256.224677

13984.330175

13229.984362

13090.422230

13251.846014

13535.860963

13900.414095

14344.544533

14917.076553

15606.298710

16460.805524

17357.042838

18285.644130

18976.318606

19326.457476

18799.152020

16625.642603

16564.288536

18656.243574

19073.590777

18610.673659

17871.851630

17067.661686

16364.760859

15828.606162

15456.100812

15266.797030

15196.355826

15239.524877

15314.703112

15415.890789

15477.474033

15506.517236

15467.780136

15384.231593

15249.996579

15098.642361

14941.277541

14810.271959

14716.601896

14678.112136

14690.613486

14743.418238

14806.962773

14840.297594

14830.176314

14819.920470

14147.610528

13969.396181

13742.097412

13449.194885

13104.877767

12758.941890

12438.364693

12195.052465

12035.346477

12007.070941

12125.106290

12450.524324

13024.027091

13979.302648

14393.612476

13994.512514

13860.323763

13944.298566

14141.272345

14429.259501

14810.282370

15304.637558

15951.772391

16724.242334

17659.434186

18661.432445

19756.159213

20661.575528

20786.193513

17663.270145

17481.351348

20178.728247

19845.783441

18866.985101

17841.836577

16975.927239

16279.473558

15747.060519

15386.677505

15156.677137

15067.478662

15055.341845

15123.988298

15202.158993

15294.650279

15343.251464

15363.100337

15322.196089

15248.482737

15135.898119

15018.746778

14904.471514

14820.519324

14770.334919

14759.428224

14773.253164

14787.681831

14780.035559

14744.374335

14731.583213

13844.647260

13668.791275

13448.849929

13176.185749

12857.106735

12501.406818

12150.090657

11816.257229

11548.922068

11366.922063

11343.315526

11557.463603

12181.606055

13488.459824

14548.340518

14523.614461

14456.351320

14461.183965

14567.958480

14756.002851

15059.318407

15488.532733

16065.384724

16805.887492

17702.238812

18779.622033

20000.112935

21231.000177

21580.068300

18394.599388

18134.337674

20767.702241

20236.765878

19073.880383

18010.164188

17154.679681

16483.040072

15977.222833

15590.766707

15335.867522

15165.847567

15099.110405

15079.379668

15121.032810

15163.399339

15220.806398

15242.451947

15249.490622

15211.844431

15158.607863

15079.757481

15004.874098

14932.674173

14880.591610

14842.219929

14812.778272

14776.947704

14721.611612

14658.951532

14632.631817

13523.203199

13372.539203

13169.381623

12913.215652

12597.360555

12234.119250

11828.929127

11424.441749

11039.933197

10739.726159

10580.538423

10700.165228

11316.249063

12932.325411

14465.058509

14667.283174

14663.324972

14663.231804

14715.732886

14869.460393

15124.083438

15524.262612

16072.554367

16805.258590

17708.958243

18811.662088

20033.991524

21195.138812

21437.342836

18227.913517

18019.136328

20813.515073

20522.697342

19548.115529

18589.922529

17761.034956

17104.473576

16556.451823

16133.922876

15785.348504

15538.835090

15349.110241

15244.240886

15174.639135

15163.203233

15157.353376

15177.764794

15178.434875

15182.522662

15158.508170

15131.833356

15084.877845

15038.909663

14982.960166

14926.088269

14857.678221

14774.593318

14676.434507

14578.972468

14535.500567

13197.293322

13098.616605

12900.968059

12639.873893

12312.126555

11914.917384

11469.833936

10990.287136

10531.426576

10133.717859

9894.101569

9938.141780

10551.207620

12341.543205

14203.334252

14500.292931

14536.370434

14552.730781

14647.994068

14822.941269

15114.718303

15520.576363

16098.156306

16835.386159

17791.555350

18868.104683

20037.306125

20862.031688

20681.300613

17830.592980

17760.908011

20492.702190

20808.026967

20315.118467

19530.153810

18789.550777

18073.057398

17476.262619

16931.285547

16489.687691

16098.504283

15800.054382

15550.508532

15385.275566

15258.925579

15199.042589

15157.501519

15156.728996

15151.957332

15163.708694

15156.274385

15148.343825

15114.656103

15069.296983

14996.070536

14902.160931

14781.493258

14643.973885

14515.298370

14446.837199

12910.431671

12845.884689

12640.938013

12342.999730

11973.168097

11538.312443

11045.051223

10528.593832

10017.938209

9585.348120

9304.054505

9333.558721

9954.921686

11924.919401

13968.489901

14229.363193

14241.338872

14303.145237

14466.858497

14744.864140

15108.973695

15599.883735

16208.851947

17018.760726

17961.040155

19068.701803

20003.251251

20513.691661

19717.361141

17259.111695

17295.505715

19926.824759

21082.967900

21098.357595

20699.843940

19984.436851

19284.842359

18543.698002

17905.001295

17293.868975

16785.375239

16324.565737

15963.416155

15658.179782

15447.488052

15286.944464

15204.080559

15151.767726

15149.578078

15151.621560

15172.746434

15173.364571

15165.839456

15121.231088

15050.341488

14937.542547

14794.006888

14626.585215

14468.556608

14380.690661

12667.632157

12632.314108

12376.774809

12017.562655

11584.537245

11099.826843

10579.687739

10041.781701

9534.280876

9103.968300

8847.757126

8901.822222

9584.981972

11652.699252

13794.664941

13986.890057

13960.354833

14050.398397

14310.926452

14691.654523

15189.209334

15766.943969

16494.690186

17328.306570

18354.982308

19333.630925

20162.715935

20143.753448

19112.744386

17078.988731

17145.756528

19499.416400

21058.489984

21814.208084

21652.637186

21181.750200

20388.120461

19627.741680

18811.872228

18106.171513

17427.554495

16863.013082

16355.986750

15962.290727

15636.622386

15416.287051

15255.690092

15178.374404

15136.690094

15144.653881

15155.628047

15178.627706

15173.426836

15148.486272

15075.635216

14965.043022

14806.579184

14622.293830

14443.997052

14339.564177

12508.145034

12445.045930

12121.076633

11667.888151

11166.554848

10639.059863

10103.603488

9581.572121

9102.897161

8728.120172

8529.758093

8661.538225

9421.268574

11647.011022

13763.224838

13795.339418

13737.561405

13878.540242

14212.534594

14714.051698

15313.445928

16043.481882

16849.974748

17832.808967

18824.682918

19850.725424

20359.140292

20201.809256

18813.889484

17006.172957

17007.557377

19060.344569

21052.114736

22020.678518

22343.083925

21894.585195

21265.277366

20375.383334

19560.242692

18705.004448

17972.157542

17276.054681

16705.156423

16202.441341

15822.346857

15517.696392

15321.453281

15187.002808

15132.171983

15109.834451

15128.291487

15142.669807

15157.756370

15136.023215

15083.289586

14974.533941

14821.701822

14628.721870

14441.514061

14331.575797

12412.119365

12305.316316

11870.547597

11328.017334

10756.152287

10204.667268

9679.092948

9193.746599

8777.366713

8475.565370

8368.480856

8584.363279

9437.953655

11723.556324

13718.061360

13577.958276

13543.817604

13754.834811

14188.882727

14760.391347

15482.956043

16288.148067

17261.464459

18274.667285

19424.045300

20295.528882

20855.286625

20387.754995

19202.865546

17449.936883

17275.574802

19050.521952

20756.106904

22034.517780

22332.728079

22196.009862

21510.503496

20783.653876

19883.245530

19086.008252

18269.476087

17576.900322

16927.084974

16403.174179

15949.820258

15617.515932

15359.323874

15203.122758

15103.632759

15073.246492

15067.795944

15091.186716

15102.746553

15104.037796

15061.061226

14976.633943

14831.956137

14648.893111

14461.512168

14354.254778

12398.972080

12197.540946

11661.881996

11023.417416

10409.904814

9850.044704

9359.892717

8933.222496

8590.904042

8374.435039

8351.118404

8646.278050

9540.623259

11927.462186

13656.172267

13251.744348

13290.705072

13649.380517

14172.663983

14847.515318

15598.328612

16510.329973

17486.251543

18649.688873

19714.491896

20762.518112

21145.195521

20979.168081

19703.957325

17566.901019

17226.216573

19045.305169

20644.869950

21559.862534

22018.000081

21774.293921

21350.545811

20602.148359

19901.339524

19098.240327

18398.289729

17688.816772

17088.490921

16525.567314

16076.162921

15690.223574

15414.249000

15205.159591

15086.284396

15016.518365

15003.946145

15009.390362

15033.497667

15040.063874

15026.462209

14961.166992

14846.014737

14678.119135

14505.560558

14409.028056

12428.262720

12144.897897

11504.300230

10810.272009

10168.331775

9631.567292

9187.572682

8834.121361

8568.077496

8426.693035

8468.800090

8798.684236

9682.243917

11989.180748

13398.262812

12769.132191

12954.171717

13476.700664

14168.180560

14891.302426

15718.109194

16573.371141

17603.042956

18632.208745

19815.374308

20701.383991

21427.737240

21293.149221

20391.950365

18091.818516

17582.623122

19284.023921

20404.848068

21106.135222

21224.379911

21121.193122

20640.239007

20153.487651

19502.795131

18926.479737

18287.900068

17727.941214

17151.534137

16655.824803

16182.370266

15801.921675

15473.980684

15241.758582

15069.217202

14975.749547

14926.264810

14925.531747

14939.642138

14965.591611

14969.107563

14941.690408

14855.815717

14722.126750

14570.979239

14491.207142

12508.560882

12135.113375

11439.681945

10712.647388

10085.688965

9579.696259

9198.830260

8910.732989

8715.972710

8627.622220

8704.993795

9036.249856

9839.255037

12081.123768

13064.923349

12202.165034

12511.452459

13255.849266

14074.700222

14934.769229

15727.955467

16599.202959

17445.646291

18461.805983

19395.463991

20452.368201

21117.281462

21476.218198

20698.049685

17797.801464

17309.087114

19543.843650

20323.997226

20530.576838

20502.241045

20191.197192

19870.641949

19401.068253

18998.340520

18524.899507

18112.617171

17648.291070

17223.041230

16761.309069

16345.643439

15934.786028

15596.443279

15302.987453

15094.504653

14943.489234

14865.701059

14832.246317

14844.732186

14872.248774

14905.787470

14909.468946

14870.625156

14775.021820

14659.036511

14600.279601

12596.166755

12192.675712

11474.534496

10770.106429

10176.736484

9728.910670

9401.873119

9178.770941

9029.792393

8979.342402

9071.564700

9399.210241

10143.952960

12087.001087

12629.082202

11659.357476

12078.905897

12936.722111

13940.839648

14844.421394

15710.345146

16441.560501

17238.925593

17978.784689

18898.345469

19722.950293

20624.192235

21047.957149

20564.201870

18007.731436

17610.737881

19720.979666

20284.566878

20164.844998

19823.140318

19465.151286

19046.444746

18720.190391

18378.326311

18117.648421

17830.867287

17571.668686

17247.705898

16916.363061

16523.419652

16144.214930

15758.252857

15431.553878

15150.508685

14951.552143

14815.246955

14753.749062

14742.548996

14778.662830

14829.401139

14876.845291

14883.342404

14841.347078

14766.086701

14731.194254

12708.447114

12309.381415

11635.531340

10981.672986

10459.085552

10071.920719

9809.367264

9629.721579

9523.536915

9493.872755

9619.933231

10001.104934

10771.747824

12413.390428

12366.948292

11334.084101

11700.172583

12637.104128

13681.454652

14704.885446

15515.179562

16250.622135

16840.138309

17520.449769

18177.366886

19013.621034

19749.229824

20284.557327

19962.222270

17156.663521

17013.146976

19812.931973

20223.208317

19971.892014

19458.037898

18921.051679

18478.481881

18105.324855

17862.995298

17681.088271

17568.236546

17438.115124

17290.040187

17049.413496

16755.098966

16377.922765

15992.156843

15599.831288

15265.213656

14987.199253

14797.822714

14683.473518

14652.166511

14679.610689

14754.827577

14837.845999

14901.989531

14915.509190

14891.266808

14884.775532

12816.345941

12508.525761

11913.278933

11352.547705

10909.333726

10599.971779

10392.937491

10265.233607

10189.551831

10210.420143

10410.497163

10951.736553

11930.583708

12961.042062

12270.182142

11287.037507

11511.991123

12343.451985

13435.522717

14425.347150

15287.767226

15905.435136

16470.490242

16959.351265

17572.733690

18200.886787

18858.491782

19252.771133

18852.685000

17056.106728

17085.497027

19329.432893

20116.700973

19874.021676

19330.408714

18685.338999

18116.657926

17696.473814

17432.670480

17311.843290

17286.099133

17299.514534

17275.635564

17181.003240

16960.282318

16647.659063

16242.881130

15823.046062

15411.019519

15068.101124

14801.794628

14639.106919

14568.334097

14591.422910

14677.860727

14804.307473

14921.269037

15000.505761

15030.916957

15054.454331

12960.264357

12776.148097

12311.484782

11852.686202

11504.850663

11267.358085

11124.183541

11042.990421

11029.033419

11120.990160

11477.654666

12269.657355

13515.501261

13780.043018

12371.905055

11502.054678

11476.920211

12198.387136

13173.185911

14183.734231

14969.891385

15596.980924

16048.317610

16501.956053

16965.676219

17492.203660

17951.477492

18099.772708

17741.794066

16058.330616

16236.215298

18617.470163

19598.720015

19775.928137

19298.004034

18635.568960

17959.929212

17445.242925

17114.605328

16994.432148

17009.314667

17114.667299

17213.538995

17234.648011

17132.144453

16875.085472

16504.575515

16050.148041

15592.764323

15170.440087

14839.843914

14611.637176

14506.963438

14510.296585

14613.412003

14772.331932

14949.300996

15091.191944

15182.012879

15241.343980

13133.113186

13124.134300

12796.959481

12458.075036

12195.681441

12030.201652

11942.796435

11923.753619

11979.634541

12201.560099

12729.489405

13783.270398

15114.674510

14369.447784

12483.992409

11798.669831

11639.583224

12154.570155

13060.087648

13959.388948

14745.665232

15301.788785

15726.710405

16086.464953

16450.576920

16821.219994

17062.571717

17076.509086

16590.667032

15991.518697

16145.249740

17499.207670

18865.571842

19340.463338

19198.527030

18587.439408

17899.801303

17277.940966

16889.869460

16702.640057

16737.471547

16878.137197

17070.672817

17200.498370

17203.537438

17040.385110

16709.694262

16267.360423

15768.184635

15295.327299

14893.409332

14612.922189

14461.456961

14452.145868

14558.042674

14754.944715

14981.314837

15190.282184

15340.038245

15435.079523

13384.022595

13525.231651

13350.284277

13117.613271

12937.745953

12830.218857

12795.580773

12836.661077

12988.878226

13329.817576

14034.843898

15145.068229

16146.343792

14555.763923

12539.388183

12096.999723

11883.963965

12312.350529

13047.118187

13898.962094

14606.165145

15131.729695

15499.768390

15752.892622

15995.318168

16157.793039

16250.764161

16112.274327

15829.479646

15489.714614

15650.848654

16569.358694

17765.080330

18615.032973

18739.129665

18393.273462

17743.882967

17137.056530

16658.949557

16448.486562

16431.343656

16604.972456

16837.001943

17059.378572

17161.288780

17092.524791

16836.209230

16421.974380

15923.200031

15410.067604

14964.543726

14628.595608

14444.887766

14411.049584

14527.451097

14747.336337

15026.575285

15291.524024

15500.532233

15634.982017

13708.276080

13975.912813

13923.788820

13791.331198

13677.096438

13617.662844

13631.290702

13733.326389

13972.493203

14436.754760

15189.964877

16176.246925

16501.882053

14531.965136

12633.553100

12344.056392

12282.493253

12570.446692

13229.929308

13952.106218

14607.934558

15089.060938

15348.642919

15512.540146

15528.420294

15526.669110

15418.706020

15302.624510

15221.925853

15651.051727

15655.949604

15710.593095

16627.044253

17466.868112

17925.652687

17820.870913

17412.910749

16847.418759

16411.741610

16140.044460

16121.637734

16266.922803

16539.081085

16810.118347

17000.917711

17023.658023

16850.057675

16496.611620

16018.904953

15504.982720

15027.680008

14663.811228

14444.394056

14401.279512

14514.095449

14763.316759

15077.657667

15398.143347

15656.730348

15826.414157

14115.724883

14447.345571

14487.557735

14430.606458

14369.326859

14358.786452

14415.658261

14587.338813

14909.064012

15442.117594

16201.113334

16884.369448

16717.267430

14595.012452

12926.481344

12805.440943

12745.556902

13021.568683

13500.152034

14138.866443

14715.599461

15089.801641

15293.176446

15223.775717

15085.354549

14811.354806

14590.433186

14482.960269

14672.454879

15487.694106

15541.521660

14948.889668

15387.070649

16132.980751

16694.227740

16923.367606

16738.597397

16397.268527

16013.380058

15794.141915

15747.417054

15901.390022

16171.665685

16485.455415

16734.988385

16840.115918

16752.186545

16469.881139

16045.845861

15550.421969

15079.382898

14696.151915

14468.286008

14408.549760

14532.109042

14792.093994

15144.319212

15500.470402

15803.977867

16007.016598

14578.849543

14917.387564

15010.671137

14999.065398

14993.560834

15027.235787

15161.514377

15400.404597

15809.767687

16391.992297

17089.838789

17594.642005

17158.078803

15075.883188

13480.622394

13446.821144

13442.023899

13517.259567

13896.289391

14370.264803

14821.746244

15136.080658

15119.736545

14935.614253

14485.261974

14053.955026

13671.448043

13556.971801

13983.942259

15233.899875

15141.963048

14126.469447

14143.824345

14676.932461

15302.457382

15695.492734

15827.027211

15685.604579

15490.638827

15335.062126

15333.672791

15490.102414

15770.084533

16105.526893

16395.934534

16567.549257

16552.739799

16351.777539

15988.485441

15545.485386

15093.744919

14728.178161

14493.599291

14443.186899

14563.876610

14845.956001

15212.665185

15602.516871

15932.924642

16160.191460

15039.937013

15366.579144

15463.006732

15497.157587

15529.775710

15660.100421

15871.760574

16233.171851

16703.748307

17330.407094

17995.575721

18417.912244

17983.667599

15741.932883

14253.569051

14402.135367

14180.184704

14147.910353

14263.839376

14581.999302

14900.780371

15001.171591

14898.266057

14403.437384

13825.042240

13147.868397

12680.790784

12561.554402

13031.690305

14635.467204

14726.242450

13188.913705

12961.410137

13305.084758

13864.935624

14401.080756

14707.301543

14831.757070

14812.048503

14796.361879

14868.243803

15052.009907

15357.241655

15696.468160

16024.922858

16231.281205

16287.386467

16149.008350

15864.721071

15474.232168

15077.505314

14733.391956

14527.585214

14479.490588

14620.370029

14903.988282

15291.915978

15689.795600

16040.903421

16284.761923

15471.535987

15740.479730

15859.977875

15908.625575

16043.198317

16256.881589

16635.479790

17077.459032

17655.963078

18270.778810

18943.199549

19358.174106

18983.656336

16537.712637

15045.712868

15353.094199

15052.416375

14675.844124

14611.986349

14692.408883

14791.792755

14773.287168

14377.910653

13802.793853

12954.561308

12231.128402

11666.299660

11521.690732

12025.139119

13617.414713

13665.125269

12287.775447

11909.158345

12112.048062

12598.138768

13129.315512

13597.965674

13886.726987

14067.238703

14206.611483

14366.300910

14626.828832

14935.693081

15311.934668

15633.521804

15886.614943

15969.268623

15904.147834

15672.978508

15360.974727

15010.555680

14724.600380

14540.987696

14527.961191

14673.036455

14976.954881

15360.278020

15768.113086

16117.385822

16366.274061

15788.401045

16045.855580

16162.252898

16315.881647

16528.008512

16938.734921

17413.777705

18023.765675

18585.381038

19254.079730

19863.219332

20310.318397

19817.051062

17020.761372

15716.539892

16287.904280

15721.736914

15181.455226

14783.600748

14644.040675

14553.831079

14269.780230

13795.317873

12958.149448

12131.284288

11267.014320

10749.610714

10600.469228

11091.897327

12747.079202

12988.709853

11508.468312

11069.625825

11144.285367

11514.944704

12053.004048

12548.248096

12988.112616

13324.420572

13599.190372

13897.671060

14197.300939

14578.363121

14933.074615

15293.671778

15528.448660

15661.707725

15616.440173

15460.419724

15194.452152

14922.083809

14676.569545

14551.077718

14556.614243

14734.688661

15035.504723

15428.240900

15819.137206

16164.444644

16408.234698

16006.742749

16221.985763

16439.711248

16683.149124

17121.442931

17641.303089

18335.720955

18926.547883

19594.054277

20138.501806

20795.466042

21123.249911

20469.383681

17467.305658

16276.618427

16938.751845

16360.646690

15442.402177

14839.918784

14433.151095

14112.357925

13707.071254

13004.463417

12203.759955

11218.934241

10493.670664

9905.882621

9829.869816

10273.575648

11605.026428

11825.665433

10810.904962

10364.218142

10341.824298

10669.670229

11112.763403

11670.432645

12171.210684

12630.033935

13058.469025

13434.618231

13856.633817

14234.144624

14649.332328

14966.323581

15236.948467

15344.641449

15352.878147

15214.015478

15024.539641

14792.568388

14621.803501

14528.642539

14585.973150

14772.426127

15094.518147

15469.366639

15853.200925

16172.152536

16401.631122

16070.155422

16321.591358

16637.044753

17129.033585

17715.299289

18509.020631

19201.389933

19954.692658

20454.413207

21121.294316

21609.559765

21878.702407

20982.095178

17594.447597

16655.840598

17670.299568

16714.946496

15667.720658

14729.585971

14107.625943

13602.205844

13023.302331

12309.432819

11373.568121

10551.947425

9696.317624

9292.064497

9091.326915

9525.795973

10679.667849

10934.648848

10086.692852

9679.103580

9692.510640

9894.190617

10387.872184

10896.547445

11476.354536

12037.601068

12550.534244

13077.362328

13527.144914

14006.917775

14383.672254

14745.599037

14958.721271

15099.609580

15082.854381

15001.175854

14829.618426

14672.656290

14535.454146

14508.061147

14585.147597

14809.343527

15123.089393

15500.529517

15850.787295

16149.254714

16355.038419

16028.164036

16317.821667

16846.612270

17529.140274

18431.538728

19280.290442

20199.137293

20776.175653

21465.608507

21905.502205

22580.453144

22638.813526

21268.435942

18166.005486

17295.466001

18009.686769

17244.644117

15763.226051

14603.212248

13731.756979

13074.407642

12404.539776

11617.612051

10778.213938

9847.166952

9220.740297

8566.131682

8494.237661

8670.704044

9538.477869

9756.951712

9213.636824

8999.994553

8950.794124

9314.491290

9694.037641

10282.657864

10889.817037

11514.710167

12163.170669

12732.526305

13321.918384

13787.122968

14241.132982

14540.588412

14784.680977

14866.589466

14884.559814

14786.099278

14674.496764

14536.367828

14466.896351

14462.375838

14589.238550

14815.459918

15146.399205

15495.804840

15829.738152

16086.491512

16265.369888

15881.794561

16267.466343

16993.853977

17974.495258

19005.954217

20122.375915

20908.692154

21717.413371

22119.567307

22878.602311

23290.166978

23440.866476

22221.167782

18494.425354

17777.685149

19056.864973

17586.540497

15933.818848

14459.618864

13416.178198

12603.132854

11896.553343

11095.055558

10235.274792

9446.650999

8605.081415

8216.952774

7704.047931

7847.855388

8471.009623

8594.493385

8265.378114

8116.543811

8411.456924

8618.193681

9169.914632

9739.684482

10404.127900

11123.786497

11801.147151

12521.083360

13111.480318

13692.310890

14099.189470

14449.397597

14622.105205

14728.039984

14698.613493

14639.868869

14523.025512

14442.954095

14389.449132

14437.872171

14571.820568

14825.696325

15137.506112

15481.451535

15771.274464

15999.409094

16142.866564

15676.817973

16181.228275

17122.315225

18283.786763

19564.691763

20636.935459

21655.734343

22174.505138

22896.657921

23229.811678

24017.565439

23999.379703

22515.746066

19821.114582

18920.180023

19281.803316

18058.735258

15984.953557

14344.102555

13164.020402

12313.404912

11502.009544

10757.539980

9907.065042

9049.814126

8338.482082

7530.095926

7454.493400

7183.778552

7761.349035

7803.577952

7420.505305

7637.137047

7588.155188

8130.138470

8654.918217

9324.271398

10054.819568

10778.456542

11596.107382

12304.427313

13033.770419

13580.568487

14067.991636

14353.022402

14556.046721

14599.179216

14595.431102

14509.258640

14435.924822

14359.429845

14354.338730

14409.630991

14574.808288

14815.742913

15130.242535

15434.876811

15700.642080

15878.389940

15989.224904

15464.236467

16061.854113

17169.527639

18501.140620

19833.331071

21085.676710

21910.449224

22725.569619

22986.612323

23634.503902

23755.939302

24151.248932

23550.507675

20307.373971

19701.107893

20333.938349

17991.383619

15841.514982

14217.975525

13045.185201

12121.496445

11379.560192

10518.281449

9762.086669

8883.591340

7982.859511

7328.296183

6559.631263

7243.853612

7338.919612

7311.588856

7473.122647

6667.655768

7148.486301

7628.276062

8324.180435

9053.797121

9766.973475

10629.571931

11397.932710

12249.840641

12935.696773

13583.562020

14014.005454

14344.259440

14483.242056

14548.408622

14504.579977

14449.990792

14369.320613

14333.660928

14333.597587

14419.413720

14576.108672

14822.532302

15102.966106

15387.708638

15600.564746

15744.172160

15813.416084

15262.827106

15949.984119

17105.408109

18511.206158

19922.056492

21115.187082

22146.972207

22691.129165

23393.537444

23312.583435

23548.150969

23318.285318

23450.732280

21726.546828

20654.572890

20165.475376

17569.950988

15507.812283

14079.798021

13030.040721

12153.743686

11305.964274

10582.331328

9627.259793

8849.250057

7917.255973

6966.439735

6559.677968

5761.910355

6664.608530

6768.620715

6032.836266

6555.119390

6782.283223

7460.812368

8183.984706

8847.248355

9730.326989

10494.726144

11411.427287

12188.137606

12976.592368

13561.478481

14044.623738

14312.601834

14474.179640

14495.392256

14475.940107

14408.740257

14362.385762

14332.021956

14361.092849

14444.569638

14607.969663

14826.726973

15087.717788

15321.190730

15499.165899

15586.959414

15620.972448

15134.190163

15795.020069

16952.494615

18291.718727

19698.803098

20943.162512

21904.138678

22827.652276

23224.254973

23933.566188

23223.344809

22775.175727

22715.410825

22083.487632

21905.050557

19802.809495

16799.960750

15184.280449

14118.598059

13093.003537

12272.867669

11480.342882

10579.238732

9772.788607

8688.599505

7916.289946

7028.726223

6147.413179

6837.847387

6097.237796

6208.276182

7674.631581

6504.437194

6961.543690

7563.094605

8069.688517

8952.373441

9685.579848

10622.728204

11434.221057

12303.685967

13010.009689

13636.331047

14050.828992

14333.919597

14449.091551

14487.110403

14454.205204

14415.855455

14378.436179

14376.584603

14412.574783

14505.660345

14652.293705

14852.513523

15067.454934

15263.153012

15381.534208

15429.574390

15419.738516

15057.133881

15665.314969

16643.607686

17906.220178

19172.551457

20434.833933

21522.992512

22420.603774

23489.432874

23818.991572

24938.022667

23411.891714

23229.718483

22952.433208

21964.844943

19311.763536

16363.572938

15261.266451

14045.116303

13334.519071

12494.405455

11679.075183

10764.979404

9741.694001

8751.175348

7696.146307

7088.348246

6346.116645

5038.887716

5882.594434

6370.061823

5870.310332

6766.200790

7304.974821

7506.067666

8261.662691

8966.305568

9908.092234

10759.582711

11657.604144

12440.272663

13159.676629

13704.563858

14108.982115

14337.519639

14452.638783

14475.924017

14463.023731

14438.914409

14428.393883

14444.776642

14494.413644

14586.025485

14719.003342

14885.268615

15060.967049

15198.910674

15272.110274

15263.458325

15217.929610

15072.107583

15490.002224

16311.422963

17287.096501

18493.304089

19624.226288

20839.478513

21907.193470

22784.398802

23910.444399

24102.697861

26718.178891

23829.419033

22732.914558

22217.153465

18010.792651

16644.508994

14736.896914

14228.271529

13533.470695

12866.896750

11923.903017

10987.467157

9755.656720

8734.266128

7658.830850

7176.134837

6651.766699

6367.831278

5819.258280

6330.439161

6879.740620

7209.268517

7303.155407

7588.418884

8243.520380

9115.806327

10110.827891

11047.689103

11928.752553

12690.730226

13333.839607

13825.390332

14163.231280

14358.509309

14452.978958

14477.844162

14483.104311

14479.311691

14498.210421

14530.143120

14594.968708

14679.886537

14797.167897

14928.498650

15056.397578

15144.843791

15159.584038

15109.567695

15023.262127

15103.758714

15354.476267

15879.110432

16683.495652

17564.227999

18771.652768

19875.707632

21069.027430

21719.709194

21941.054685

22384.630678

22247.159189

25708.315919

24857.674018

20324.075958

17852.053418

15330.442819

14623.459697

14248.175940

13953.805606

13260.205229

12393.860782

11076.962656

10086.008901

8561.863952

8118.245956

7111.751743

7455.294222

6284.697855

5980.327263

6446.217862

6313.389159

7532.960337

7192.199768

7687.138289

8101.304549

9285.307009

10273.414897

11415.496828

12241.250172

13002.867051

13539.715010

13966.808469

14221.555273

14387.339574

14451.021325

14494.687792

14504.632981

14539.537358

14569.947866

14632.224636

14694.692346

14783.710444

14874.045616

14975.561505

15055.508969

15091.751510

15059.956285

14961.647639

14844.493508

15170.343594

15175.451202

15528.632707

15985.151581

16766.977688

17674.475303

19034.159231

19942.300220

20390.771849

19691.930732

19140.000827

19205.803528

17451.005606

20027.196292

18433.082309

15329.152441

15184.008377

14712.507542

14543.373484

14531.132703

13931.323448

12752.181645

11704.442194

9997.440602

9434.007739

7928.360876

8678.731797

6587.568095

6431.616549

6172.119090

6647.707098

6132.030923

6619.496084

8028.084977

7390.292909

8439.127550

9133.457321

10659.642676

11639.342123

12672.001730

13271.125512

13794.556552

14080.018899

14305.376653

14395.145799

14476.986249

14498.560652

14554.366551

14588.088320

14661.355465

14718.930618

14802.874601

14870.720034

14952.041318

15012.370770

15054.899103

15043.199382

14966.758774

14835.240297

14688.541815

15166.030022

15038.630170

15155.880032

15481.099199

15898.447956

16827.819680

17937.168947

19184.809990

19127.997825

18117.932187

17254.276925

18414.974219

21335.249256

18924.261120

19167.167826

19182.066635

16110.864227

14994.019684

15307.389997

15347.442161

14694.299403

13578.743032

11956.898523

11031.399176

9404.670152

9941.163119

8430.074445

9406.410068

7198.774482

7920.495053

8141.467362

8482.737705

9554.495078

8093.219477

8627.204366

8224.343237

9651.804539

10677.485600

12126.919615

12917.215831

13623.040747

13950.044980

14233.995358

14334.905513

14449.218723

14473.354153

14548.251008

14580.804075

14668.025549

14725.510325

14818.333483

14879.910362

14957.136448

15003.278566

15045.464871

15043.619401

14997.926121

14886.559002

14726.410851

14561.883856

15108.045362

14865.586058

14915.181290

15009.668842

15329.051580

15899.790992

17130.796676

18320.877949

18608.699317

17653.577586

16744.395692

20218.997715

18989.877131

20264.722507

18977.079174

17272.032811

17470.559167

15703.296994

16300.867072

16439.930200

15699.567600

14259.134497

12971.280767

11423.711727

10899.505409

10275.159161

11084.473840

8912.455496

8989.377270

7798.598372

8238.175750

9776.244570

9965.755694

10778.369236

9082.673463

9177.106142

9724.399075

11230.494537

12320.122141

13307.071980

13770.474028

14149.035550

14274.362850

14426.022714

14448.127385

14539.759732

14562.411103

14659.780898

14711.336814

14815.389423

14875.705394

14960.733981

15002.483965

15048.542751

15050.797266

15030.363299

14950.167312

14818.639298

14643.384575

14468.568265

14948.848447

14710.270168

14704.588112

14761.762425

14846.926776

15282.805551

16213.296248

17645.333694

18528.907173

17646.565491

17899.933699

18137.208895

20007.499298

18280.697716

18018.852246

17247.398690

16382.234029

17077.411493

17312.634443

17781.749747

16483.405284

15228.815805

13785.395586

12489.008090

11476.891738

11412.989461

11276.198493

9994.556326

9021.634728

8389.710787

8779.064797

9585.716419

10734.129310

11085.135786

10292.374278

9645.058694

10425.566573

11584.224394

12740.160304

13428.614711

13946.969775

14153.182921

14377.729234

14421.190700

14542.321248

14553.636089

14657.854323

14692.924150

14802.393118

14855.101777

14949.610933

14990.184369

15045.727864

15051.748116

15051.159186

14997.490008

14908.261640

14761.776375

14584.102513

14410.452841

14703.294783

14554.533482

14578.069194

14613.502455

14626.225971

14808.499895

15477.875018

16820.558242

18231.868419

18613.734034

17677.335540

18256.337215

18337.666760

18174.146073

16624.768636

16657.087643

16641.541626

17664.782465

19522.002953

18377.083815

17274.582029

15754.923660

14736.993498

13386.646296

11913.258730

11296.892079

10748.347018

11403.856031

8519.273898

9586.057637

9230.725059

9100.989179

11324.431271

10522.054537

10130.907346

10248.873935

11089.539782

12169.130278

12938.596413

13557.863906

13859.487077

14206.585855

14331.529206

14531.913366

14558.724011

14681.356066

14695.119907

14802.859878

14835.293427

14931.953359

14964.657124

15029.037707

15037.013592

15052.954105

15017.768492

14966.713836

14860.864719

14721.110928

14549.418252

14387.281754

14448.284558

14377.900124

14510.452559

14563.852676

14584.132841

14570.888518

14953.997940

15888.077788

17521.337176

18889.554097

18646.669805

17945.725719

17603.940858

16818.915526

16624.700667

15394.406921

17709.938059

20890.508088

20202.384151

19171.194679

16957.148190

16222.224295

15063.176005

14010.684243

12348.056695

10542.001298

10468.888353

9012.202827

11442.421125

9172.561282

9835.579414

10733.796888

8554.910436

9871.208273

9712.810759

10726.070717

11897.849042

12521.684110

13136.430864

13373.105050

13825.669405

14062.698072

14422.483091

14533.585046

14722.071033

14732.777607

14841.731016

14843.477058

14931.249722

14942.292837

15006.994371

15008.912530

15036.074006

15010.860276

14988.411968

14916.847127

14825.266674

14689.554718

14538.947201

14395.508531

14152.387031

14258.401795

14419.813513

14609.818036

14600.959853

14617.688795

14616.967846

15224.161232

16314.459356

18097.626183

19266.926142

18942.584506

18207.938843

16429.430657

14193.654878

17972.485282

22690.375173

21502.303278

20935.318385

17948.111866

17020.854740

15518.868105

15201.385406

13920.179759

12588.581680

10765.881699

9444.425404

8481.386565

8114.712233

15512.286792

13521.930100

6999.684589

7889.527398

9053.624845

9942.602857

11529.411592

12211.401666

12914.706908

12873.093256

13321.095293

13567.074651

14118.036604

14382.806300

14722.605008

14787.005166

14926.476487

14902.066802

14974.499949

14949.389959

15001.071270

14982.957485

15011.258757

14985.241321

14980.688254

14930.891830

14879.860456

14786.178819

14677.164364

14547.226864

14431.255976

13973.326884

14104.333840

14387.935809

14572.942268

14735.832909

14658.771715

14692.134304

14726.854345

15473.566363

16389.573436

18201.917548

18177.562473

20223.822132

18864.749704

21108.655783

24570.458405

20273.988120

21325.136073

18352.350654

17619.649563

15768.346506

15380.309371

14185.385853

13874.120018

12343.216770

11470.807173

9248.819377

10501.866320

7210.917101

18663.567026

15352.432525

6417.647915

10790.309193

8801.668907

11387.205993

11687.734548

12795.885622

12514.747175

12926.647348

13008.114760

13662.653843

14055.154411

14606.931168

14799.760722

15030.969340

15012.108242

15077.953562

15010.158763

15036.332140

14982.260847

14997.590124

14956.773295

14957.862788

14916.171714

14892.445725

14831.156798

14766.848535

14672.167254

14575.750681

14486.600853

13816.030710

14049.651613

14279.586322

14558.738603

14703.838029

14809.268972

14715.572886

14749.836555

14826.040815

15449.025982

15753.720532

16478.257255

14142.256223

11028.240188

11805.350998

15398.341690

18158.220476

17369.914145

17425.619484

16098.919570

15659.222017

14417.566283

14041.681319

12823.672669

12752.936523

11015.821476

12361.723074

8449.282826

25795.970286

10315.287753

12319.062310

27850.511047

8562.696811

13315.305064

11064.066883

12863.124203

12227.543562

12769.018927

12656.901449

13297.690607

13688.821998

14397.852760

14735.882287

15112.144709

15149.045654

15236.574584

15135.120867

15130.618194

15028.470173

15016.131478

14945.039474

14937.560904

14889.725085

14879.394838

14836.633186

14807.274236

14748.028658

14687.712202

14614.411635

14556.702347

13824.347300

13989.248123

14220.382048

14419.991263

14620.103581

14736.158735

14763.696982

14733.051879

14680.932603

14823.138042

14789.074324

14769.059269

12932.421825

15095.987827

15186.563883

13450.493113

15733.101762

16140.509388

16203.630400

15935.298394

15145.905607

14612.640097

13478.542102

13080.528998

11852.066822

12616.779431

11031.056758

16118.655633

18723.681777

12458.153640

12575.041310

18634.885400

16937.381847

11579.428033

13572.130598

12064.170677

12909.759567

12658.070307

13279.361085

13576.376683

14297.699038

14693.991225

15185.211651

15298.276479

15433.636661

15318.703742

15287.839413

15133.619930

15082.451283

14967.741187

14937.073701

14868.591336

14857.450130

14819.243622

14812.017166

14779.223072

14754.476198

14708.148752

14666.908005

14631.605850

13881.311631

14026.036742

14140.546979

14266.992487

14407.547632

14496.735003

14617.745135

14541.835846

14625.340555

14366.180628

14624.089250

13896.106618

14647.617075

15634.622590

16039.967348

15506.685170

15129.486862

16086.249356

15977.400236

15937.365073

15493.079078

14743.016859

14106.816586

13056.270912

12825.303952

11955.062069

12730.920918

14524.278465

14649.957827

13598.126069

13402.683227

14773.419367

15091.602334

13643.021892

12577.274975

13392.179563

13032.387053

13707.828298

13918.190327

14552.290457

14898.543843

15383.038530

15520.164397

15681.480863

15558.411283

15503.880325

15298.767307

15202.361623

15035.622382

14969.572315

14867.691694

14841.561101

14794.022531

14795.307609

14777.650324

14781.492217

14762.827928

14747.399326

14720.555573

14708.750217

14056.757284

14092.754647

14105.622540

14126.025092

14119.860597

14207.245023

14179.136864

14317.014958

14139.012846

14312.578310

13973.182021

14345.007119

14928.254917

15621.442828

16059.497467

16207.022266

15983.806902

15971.739575

16356.971721

16154.603661

15959.743690

15433.527156

14746.755069

14165.714029

13492.176797

13267.311173

13753.251769

14563.427576

14602.390056

13593.712041

13959.207678

14840.774514

15066.510676

14442.061059

13993.006829

13958.433566

14485.287552

14675.566192

15214.549275

15487.678014

15855.894637

15940.420729

16047.510578

15884.912066

15786.161509

15523.983729

15375.256377

15151.386150

15041.625599

14897.784607

14844.775545

14775.234268

14770.464185

14754.588283

14776.218056

14780.992773

14794.974486

14787.045354

14781.199022

14778.652817

14259.316868

14213.989691

14131.968850

14002.748930

13934.078866

13807.238953

13851.254757

13740.050456

13880.768199

13728.680455

13937.769506

14217.815230

14693.331170

15375.521055

15862.915427

15938.575289

16211.726886

16253.090913

16348.928226

16525.548251

16316.190514

16104.824691

15637.274551

15229.784058

14822.065052

14844.798061

15093.542433

15313.835211

14736.246614

14804.838759

14777.870472

15302.197454

15990.487409

15857.682653

15576.769254

15543.714797

15758.702127

16108.167362

16348.552506

16576.883929

16599.095778

16582.012169

16345.036914

16157.657992

15819.456405

15602.454057

15314.120930

15154.015669

14963.801794

14876.715742

14776.858296

14753.245368

14724.757291

14748.442392

14765.400715

14805.473465

14824.647055

14839.578293

14835.606729

14843.123979

14484.212424

14372.550780

14193.592183

14011.361644

13763.297670

13626.151378

13429.599183

13446.305501

13358.366906

13499.209701

13657.850626

13944.149855

14466.498958

14929.023463

15336.248428

15761.876835

15842.539362

16176.393632

16335.330279

16462.871809

16595.097798

16455.665255

16390.731838

16131.117683

16104.878870

16051.454246

16118.011283

15765.104736

15648.619939

15357.504070

15670.292218

16148.854982

16608.143917

17069.766040

17050.301932

17049.924967

17125.014663

17280.545424

17360.602909

17347.449662

17207.327616

16911.502845

16609.213156

16187.891440

15882.873984

15521.790153

15303.797327

15064.705334

14940.876369

14808.578815

14759.644419

14708.799829

14718.472386

14729.503508

14779.426090

14821.228765

14868.117648

14885.565737

14891.025197

14894.411091

14690.397980

14533.004488

14342.019300

14056.817929

13793.413442

13480.346124

13313.245985

13137.478284

13151.134113

13220.409627

13394.971941

13747.235887

14071.756290

14518.405345

14927.330398

15167.218178

15566.280745

15709.585937

16039.280317

16256.598122

16435.544390

16639.026202

16678.535559

16817.855705

16819.203082

16861.578005

16658.471172

16462.987663

16147.970166

16155.653912

16319.257893

16799.930376

17374.460282

17803.031654

18091.005789

18161.231150

18157.706100

18110.387781

18010.006005

17779.787152

17451.126346

17055.725933

16578.682404

16184.870759

15757.759829

15478.348339

15191.822001

15032.042680

14870.394519

14797.248299

14723.603462

14712.164794

14703.728031

14741.267593

14782.543644

14848.708424

14899.294676

14934.299232

14935.029180

14938.804633

14843.667941

14710.160377

14496.115707

14223.074393

13866.683215

13572.976053

13281.318007

13119.714967

13031.280279

13052.363229

13230.581113

13412.755035

13758.701873

14052.144221

14349.001226

14699.600788

14876.332123

15242.090235

15444.917323

15797.272021

16103.563333

16421.235605

16760.201384

17019.851713

17243.965718

17323.723473

17283.885932

17157.492687

17059.058021

17081.443826

17322.853951

17688.691524

18187.040823

18560.249906

18837.068402

18850.791754

18786.315507

18552.283182

18257.428702

17861.309482

17405.229788

16895.567421

16436.340009

15970.518311

15639.969892

15319.968487

15131.008257

14948.827009

14858.553565

14769.789260

14741.657307

14714.595785

14731.087315

14751.708334

14805.133535

14861.656267

14928.549855

14966.988584

14974.623069

14969.590771

14956.740441

14848.139003

14681.480313

14381.783400

14073.048019

13747.537546

13472.767222

13236.176576

13067.804374

13022.750322

13007.556104

13160.237390

13283.468064

13509.409761

13736.633702

13921.565124

14228.210513

14414.638927

14796.421194

15105.442291

15576.832636

16038.208008

16571.216342

17063.849083

17549.716506

17901.378543

18242.147855

18428.724672

18674.643852

18865.638301

19093.538078

19364.013863

19497.196888

19678.905996

19554.597896

19444.761984

19059.809983

18693.199279

18171.683011

17654.038743

17088.162082

16578.692213

16091.909704

15728.298624

15399.956112

15197.373674

15012.812912

14918.471839

14828.298532

14795.387590

14761.453613

14765.188692

14768.006826

14798.301847

14830.310064

14882.960597

14936.915715

14988.273081

14998.044892

14995.931561

15004.335196

14962.593216

14793.710863

14569.655914

14323.152184

14057.634798

13775.957671

13487.190694

13249.282656

13007.856766

12893.072649

12767.470988

12786.288144

12809.349243

12905.035655

13080.621790

13237.194767

13566.629033

13857.559489

14367.198821

14877.713302

15589.725557

16306.647101

17178.669469

17997.099966

18955.639672

19761.606104

20663.027180

21282.098851

21810.827832

22040.340716

21954.743869

21758.921914

21176.259649

20689.870404

19919.016829

19305.640153

18541.435511

17889.323463

17202.337900

16619.549097

16093.847328

15699.642951

15377.629122

15176.989796

15013.951728

14934.330591

14862.890491

14842.084211

14817.936215

14824.744841

14825.313603

14845.724068

14860.164687

14887.951836

14912.362902

14946.999701

14982.950203

15009.720992

15010.375464

15035.266505

14981.416953

14882.149531

14782.958585

14628.569509

14419.071220

14136.925367

13825.277965

13433.874066

13079.055458

12670.769602

12377.491258

12091.803602

11946.062342

11885.263816

11921.568437

12123.109526

12378.229004

12861.592823

13399.178251

14198.649253

15067.660621

16209.121224

17398.957168

18873.425711

20293.488407

21928.341650

23228.841869

24433.463619

25074.760825

25295.143606

25070.120782

24231.553780

23265.584186

21870.027001

20697.451478

19410.731693

18396.841710

17426.631844

16667.111912

16032.557273

15572.316061

15239.264680

15037.502100

14907.529932

14857.762413

14826.653159

14838.249889

14843.471781

14871.782207

14887.128139

14915.320890

14929.728055

14950.633620

14959.425010

14971.590481

14976.392390

14984.521755

14993.666225

15019.065677

15030.746648

15016.044429

15003.956466

14971.346802

14885.307370

14713.273816

14454.676514

14050.988866

13576.923336

12960.699871

12359.260008

11708.755264

11179.992325

10744.865026

10485.373032

10441.766117

10561.833260

10969.524711

11508.875740

12374.611111

13354.575136

14703.081070

16146.649694

17989.909423

19795.143066

21866.403432

23548.410903

25141.731464

26121.302710

26805.106963

27028.640440

26792.594326

26196.253547

24887.544600

23433.016070

21515.251100

19890.730730

18285.814904

17113.035456

16152.380288

15517.435212

15075.843945

14832.654928

14699.669048

14675.828632

14683.585448

14745.076310

14792.503770

14864.326991

14907.927759

14962.279152

14988.627695

15018.421720

15024.222487

15030.735199

15020.989859

15015.568411

15008.065970

15010.322390

15032.789658

