AXIS X

0.000000 0.000500 0.001000 0.001500 0.002000 0.002500 0.003000 0.003500 0.004000 0.004500 0.005000 0.005500 0.006000 0.006500 0.007000 0.007500 0.008000 0.008500 0.009000 0.009500 0.010000 0.010500 0.011000 0.011500 0.012000 0.012500 0.013000 0.013500 0.014000 0.014500 0.015000 0.015500 0.016000 0.016500 0.017000 0.017500 0.018000 0.018500 0.019000 0.019500 0.020000 0.020500 0.021000 0.021500 0.022000 0.022500 0.023000 0.023500 0.024000 0.024500 0.025000 0.025500 0.026000 0.026500 0.027000 0.027500 0.028000 0.028500 0.029000 0.029500 

AXIS Y

0.000000 0.000500 0.001000 0.001500 0.002000 0.002500 0.003000 0.003500 0.004000 0.004500 0.005000 0.005500 0.006000 0.006500 0.007000 0.007500 0.008000 0.008500 0.009000 0.009500 0.010000 0.010500 0.011000 0.011500 0.012000 0.012500 0.013000 0.013500 0.014000 0.014500 0.015000 0.015500 0.016000 0.016500 0.017000 0.017500 0.018000 0.018500 0.019000 0.019500 0.020000 0.020500 0.021000 0.021500 0.022000 0.022500 0.023000 0.023500 0.024000 0.024500 0.025000 0.025500 0.026000 0.026500 0.027000 0.027500 0.028000 0.028500 0.029000 0.029500 



DATA
16964.598600

16964.599341

16964.599483

16964.599678

16964.599760

16964.599848

16964.599921

16964.600027

16964.600146

16964.600304

16964.600485

16964.600709

16964.600966

16964.601274

16964.601632

16964.602051

16964.602541

16964.603102

16964.603748

16964.604460

16964.605256

16964.606083

16964.606961

16964.607789

16964.608595

16964.609210

16964.609694

16964.609751

16964.609672

16964.608423

16964.608423

16964.609672

16964.609751

16964.609694

16964.609210

16964.608595

16964.607789

16964.606961

16964.606083

16964.605256

16964.604460

16964.603748

16964.603102

16964.602541

16964.602051

16964.601632

16964.601274

16964.600966

16964.600709

16964.600485

16964.600304

16964.600146

16964.600027

16964.599921

16964.599848

16964.599760

16964.599678

16964.599483

16964.599341

16964.598600

16964.599284

16964.600002

16964.599854

16964.599895

16964.599945

16964.599987

16964.600041

16964.600084

16964.600157

16964.600230

16964.600346

16964.600471

16964.600648

16964.600844

16964.601102

16964.601391

16964.601753

16964.602161

16964.602644

16964.603185

16964.603793

16964.604457

16964.605157

16964.605896

16964.606620

16964.607351

16964.608017

16964.608681

16964.609286

16964.608442

16964.608442

16964.609286

16964.608681

16964.608017

16964.607351

16964.606620

16964.605896

16964.605157

16964.604457

16964.603793

16964.603185

16964.602644

16964.602161

16964.601753

16964.601391

16964.601102

16964.600844

16964.600648

16964.600471

16964.600346

16964.600230

16964.600157

16964.600084

16964.600041

16964.599987

16964.599945

16964.599895

16964.599854

16964.600002

16964.599284

16964.599295

16964.599885

16964.600005

16964.600025

16964.600090

16964.600156

16964.600195

16964.600240

16964.600258

16964.600307

16964.600339

16964.600419

16964.600490

16964.600619

16964.600746

16964.600940

16964.601139

16964.601410

16964.601698

16964.602060

16964.602452

16964.602913

16964.603420

16964.603986

16964.604610

16964.605282

16964.605996

16964.606691

16964.606922

16964.605835

16964.605835

16964.606922

16964.606691

16964.605996

16964.605282

16964.604610

16964.603986

16964.603420

16964.602913

16964.602452

16964.602060

16964.601698

16964.601410

16964.601139

16964.600940

16964.600746

16964.600619

16964.600490

16964.600419

16964.600339

16964.600307

16964.600258

16964.600240

16964.600195

16964.600156

16964.600090

16964.600025

16964.600005

16964.599885

16964.599295

16964.599431

16964.599847

16964.599997

16964.600070

16964.600163

16964.600245

16964.600323

16964.600354

16964.600394

16964.600393

16964.600429

16964.600432

16964.600490

16964.600518

16964.600610

16964.600675

16964.600807

16964.600918

16964.601097

16964.601269

16964.601513

16964.601775

16964.602115

16964.602511

16964.602990

16964.603545

16964.604133

16964.604622

16964.604689

16964.604279

16964.604279

16964.604689

16964.604622

16964.604133

16964.603545

16964.602990

16964.602511

16964.602115

16964.601775

16964.601513

16964.601269

16964.601097

16964.600918

16964.600807

16964.600675

16964.600610

16964.600518

16964.600490

16964.600432

16964.600429

16964.600393

16964.600394

16964.600354

16964.600323

16964.600245

16964.600163

16964.600070

16964.599997

16964.599847

16964.599431

16964.599456

16964.599858

16964.599995

16964.600078

16964.600162

16964.600275

16964.600349

16964.600427

16964.600444

16964.600484

16964.600471

16964.600507

16964.600493

16964.600544

16964.600544

16964.600612

16964.600628

16964.600713

16964.600751

16964.600858

16964.600940

16964.601097

16964.601271

16964.601533

16964.601860

16964.602257

16964.602691

16964.603014

16964.603129

16964.602639

16964.602639

16964.603129

16964.603014

16964.602691

16964.602257

16964.601860

16964.601533

16964.601271

16964.601097

16964.600940

16964.600858

16964.600751

16964.600713

16964.600628

16964.600612

16964.600544

16964.600544

16964.600493

16964.600507

16964.600471

16964.600484

16964.600444

16964.600427

16964.600349

16964.600275

16964.600162

16964.600078

16964.599995

16964.599858

16964.599456

16964.599518

16964.599872

16964.600023

16964.600073

16964.600155

16964.600231

16964.600339

16964.600391

16964.600462

16964.600466

16964.600512

16964.600494

16964.600540

16964.600520

16964.600575

16964.600558

16964.600616

16964.600597

16964.600651

16964.600637

16964.600695

16964.600717

16964.600818

16964.600936

16964.601133

16964.601388

16964.601655

16964.601923

16964.602020

16964.602119

16964.602119

16964.602020

16964.601923

16964.601655

16964.601388

16964.601133

16964.600936

16964.600818

16964.600717

16964.600695

16964.600637

16964.600651

16964.600597

16964.600616

16964.600558

16964.600575

16964.600520

16964.600540

16964.600494

16964.600512

16964.600466

16964.600462

16964.600391

16964.600339

16964.600231

16964.600155

16964.600073

16964.600023

16964.599872

16964.599518

16964.599544

16964.599924

16964.600043

16964.600095

16964.600117

16964.600196

16964.600250

16964.600343

16964.600369

16964.600437

16964.600430

16964.600488

16964.600469

16964.600532

16964.600511

16964.600578

16964.600550

16964.600606

16964.600564

16964.600599

16964.600550

16964.600574

16964.600556

16964.600610

16964.600680

16964.600801

16964.600977

16964.601135

16964.601349

16964.601384

16964.601384

16964.601349

16964.601135

16964.600977

16964.600801

16964.600680

16964.600610

16964.600556

16964.600574

16964.600550

16964.600599

16964.600564

16964.600606

16964.600550

16964.600578

16964.600511

16964.600532

16964.600469

16964.600488

16964.600430

16964.600437

16964.600369

16964.600343

16964.600250

16964.600196

16964.600117

16964.600095

16964.600043

16964.599924

16964.599544

16964.599608

16964.599954

16964.600093

16964.600091

16964.600111

16964.600114

16964.600185

16964.600210

16964.600289

16964.600292

16964.600361

16964.600346

16964.600419

16964.600400

16964.600483

16964.600461

16964.600542

16964.600505

16964.600564

16964.600502

16964.600525

16964.600448

16964.600446

16964.600393

16964.600401

16964.600427

16964.600488

16964.600639

16964.600814

16964.601258

16964.601258

16964.600814

16964.600639

16964.600488

16964.600427

16964.600401

16964.600393

16964.600446

16964.600448

16964.600525

16964.600502

16964.600564

16964.600505

16964.600542

16964.600461

16964.600483

16964.600400

16964.600419

16964.600346

16964.600361

16964.600292

16964.600289

16964.600210

16964.600185

16964.600114

16964.600111

16964.600091

16964.600093

16964.599954

16964.599608

16964.599644

16964.600017

16964.600109

16964.600117

16964.600062

16964.600074

16964.600059

16964.600120

16964.600115

16964.600185

16964.600167

16964.600242

16964.600219

16964.600309

16964.600287

16964.600389

16964.600362

16964.600455

16964.600407

16964.600468

16964.600388

16964.600401

16964.600301

16964.600275

16964.600197

16964.600175

16964.600191

16964.600267

16964.600510

16964.600804

16964.600804

16964.600510

16964.600267

16964.600191

16964.600175

16964.600197

16964.600275

16964.600301

16964.600401

16964.600388

16964.600468

16964.600407

16964.600455

16964.600362

16964.600389

16964.600287

16964.600309

16964.600219

16964.600242

16964.600167

16964.600185

16964.600115

16964.600120

16964.600059

16964.600074

16964.600062

16964.600117

16964.600109

16964.600017

16964.599644

16964.599714

16964.600045

16964.600155

16964.600096

16964.600054

16964.599976

16964.599989

16964.599953

16964.600005

16964.599974

16964.600040

16964.600002

16964.600085

16964.600051

16964.600156

16964.600126

16964.600242

16964.600203

16964.600308

16964.600243

16964.600308

16964.600211

16964.600221

16964.600108

16964.600078

16964.600001

16964.600001

16964.600073

16964.600261

16964.600755

16964.600755

16964.600261

16964.600073

16964.600001

16964.600001

16964.600078

16964.600108

16964.600221

16964.600211

16964.600308

16964.600243

16964.600308

16964.600203

16964.600242

16964.600126

16964.600156

16964.600051

16964.600085

16964.600002

16964.600040

16964.599974

16964.600005

16964.599953

16964.599989

16964.599976

16964.600054

16964.600096

16964.600155

16964.600045

16964.599714

16964.599753

16964.600106

16964.600153

16964.600113

16964.599986

16964.599936

16964.599847

16964.599862

16964.599803

16964.599850

16964.599792

16964.599858

16964.599800

16964.599892

16964.599841

16964.599958

16964.599911

16964.600040

16964.599982

16964.600097

16964.600017

16964.600093

16964.599988

16964.600015

16964.599913

16964.599922

16964.599894

16964.599984

16964.600165

16964.600420

16964.600420

16964.600165

16964.599984

16964.599894

16964.599922

16964.599913

16964.600015

16964.599988

16964.600093

16964.600017

16964.600097

16964.599982

16964.600040

16964.599911

16964.599958

16964.599841

16964.599892

16964.599800

16964.599858

16964.599792

16964.599850

16964.599803

16964.599862

16964.599847

16964.599936

16964.599986

16964.600113

16964.600153

16964.600106

16964.599753

16964.599824

16964.600120

16964.600186

16964.600066

16964.599970

16964.599822

16964.599783

16964.599683

16964.599701

16964.599616

16964.599660

16964.599575

16964.599644

16964.599562

16964.599662

16964.599587

16964.599715

16964.599642

16964.599783

16964.599704

16964.599836

16964.599746

16964.599853

16964.599764

16964.599848

16964.599797

16964.599901

16964.599959

16964.600163

16964.600503

16964.600503

16964.600163

16964.599959

16964.599901

16964.599797

16964.599848

16964.599764

16964.599853

16964.599746

16964.599836

16964.599704

16964.599783

16964.599642

16964.599715

16964.599587

16964.599662

16964.599562

16964.599644

16964.599575

16964.599660

16964.599616

16964.599701

16964.599683

16964.599783

16964.599822

16964.599970

16964.600066

16964.600186

16964.600120

16964.599824

16964.599853

16964.600168

16964.600159

16964.600068

16964.599878

16964.599780

16964.599629

16964.599606

16964.599490

16964.599510

16964.599398

16964.599442

16964.599328

16964.599401

16964.599289

16964.599396

16964.599290

16964.599427

16964.599324

16964.599482

16964.599384

16964.599552

16964.599472

16964.599646

16964.599609

16964.599802

16964.599841

16964.600077

16964.600209

16964.600325

16964.600325

16964.600209

16964.600077

16964.599841

16964.599802

16964.599609

16964.599646

16964.599472

16964.599552

16964.599384

16964.599482

16964.599324

16964.599427

16964.599290

16964.599396

16964.599289

16964.599401

16964.599328

16964.599442

16964.599398

16964.599510

16964.599490

16964.599606

16964.599629

16964.599780

16964.599878

16964.600068

16964.600159

16964.600168

16964.599853

16964.599912

16964.600159

16964.600174

16964.599994

16964.599853

16964.599648

16964.599574

16964.599420

16964.599411

16964.599274

16964.599297

16964.599155

16964.599203

16964.599055

16964.599134

16964.598985

16964.599098

16964.598951

16964.599102

16964.598966

16964.599156

16964.599054

16964.599291

16964.599255

16964.599549

16964.599610

16964.599961

16964.600102

16964.600437

16964.600687

16964.600687

16964.600437

16964.600102

16964.599961

16964.599610

16964.599549

16964.599255

16964.599291

16964.599054

16964.599156

16964.598966

16964.599102

16964.598951

16964.599098

16964.598985

16964.599134

16964.599055

16964.599203

16964.599155

16964.599297

16964.599274

16964.599411

16964.599420

16964.599574

16964.599648

16964.599853

16964.599994

16964.600174

16964.600159

16964.599912

16964.599922

16964.600187

16964.600117

16964.599981

16964.599737

16964.599608

16964.599408

16964.599362

16964.599200

16964.599203

16964.599041

16964.599070

16964.598896

16964.598949

16964.598762

16964.598845

16964.598648

16964.598770

16964.598576

16964.598750

16964.598590

16964.598841

16964.598767

16964.599127

16964.599192

16964.599668

16964.599870

16964.600397

16964.600605

16964.600702

16964.600702

16964.600605

16964.600397

16964.599870

16964.599668

16964.599192

16964.599127

16964.598767

16964.598841

16964.598590

16964.598750

16964.598576

16964.598770

16964.598648

16964.598845

16964.598762

16964.598949

16964.598896

16964.599070

16964.599041

16964.599203

16964.599200

16964.599362

16964.599408

16964.599608

16964.599737

16964.599981

16964.600117

16964.600187

16964.599922

16964.599959

16964.600147

16964.600111

16964.599878

16964.599707

16964.599458

16964.599365

16964.599172

16964.599152

16964.598975

16964.598991

16964.598801

16964.598839

16964.598626

16964.598685

16964.598447

16964.598534

16964.598278

16964.598413

16964.598173

16964.598394

16964.598239

16964.598607

16964.598626

16964.599187

16964.599429

16964.600148

16964.600506

16964.601132

16964.601524

16964.601524

16964.601132

16964.600506

16964.600148

16964.599429

16964.599187

16964.598626

16964.598607

16964.598239

16964.598394

16964.598173

16964.598413

16964.598278

16964.598534

16964.598447

16964.598685

16964.598626

16964.598839

16964.598801

16964.598991

16964.598975

16964.599152

16964.599172

16964.599365

16964.599458

16964.599707

16964.599878

16964.600111

16964.600147

16964.599959

16964.599939

16964.600146

16964.600020

16964.599851

16964.599568

16964.599423

16964.599190

16964.599139

16964.598945

16964.598950

16964.598752

16964.598784

16964.598560

16964.598608

16964.598346

16964.598408

16964.598104

16964.598196

16964.597873

16964.598039

16964.597773

16964.598096

16964.598013

16964.598592

16964.598813

16964.599679

16964.600179

16964.601147

16964.601600

16964.601765

16964.601765

16964.601600

16964.601147

16964.600179

16964.599679

16964.598813

16964.598592

16964.598013

16964.598096

16964.597773

16964.598039

16964.597873

16964.598196

16964.598104

16964.598408

16964.598346

16964.598608

16964.598560

16964.598784

16964.598752

16964.598950

16964.598945

16964.599139

16964.599190

16964.599423

16964.599568

16964.599851

16964.600020

16964.600146

16964.599939

16964.599946

16964.600070

16964.599991

16964.599720

16964.599535

16964.599259

16964.599166

16964.598947

16964.598936

16964.598733

16964.598764

16964.598541

16964.598589

16964.598322

16964.598376

16964.598047

16964.598108

16964.597723

16964.597827

16964.597448

16964.597690

16964.597461

16964.597988

16964.598108

16964.599040

16964.599610

16964.600865

16964.601637

16964.602679

16964.603350

16964.603350

16964.602679

16964.601637

16964.600865

16964.599610

16964.599040

16964.598108

16964.597988

16964.597461

16964.597690

16964.597448

16964.597827

16964.597723

16964.598108

16964.598047

16964.598376

16964.598322

16964.598589

16964.598541

16964.598764

16964.598733

16964.598936

16964.598947

16964.599166

16964.599259

16964.599535

16964.599720

16964.599991

16964.600070

16964.599946

16964.599890

16964.600037

16964.599866

16964.599681

16964.599376

16964.599235

16964.598984

16964.598946

16964.598734

16964.598761

16964.598544

16964.598600

16964.598342

16964.598404

16964.598075

16964.598127

16964.597710

16964.597769

16964.597298

16964.597449

16964.597059

16964.597476

16964.597415

16964.598312

16964.598828

16964.600273

16964.601311

16964.602914

16964.603781

16964.603862

16964.603862

16964.603781

16964.602914

16964.601311

16964.600273

16964.598828

16964.598312

16964.597415

16964.597476

16964.597059

16964.597449

16964.597298

16964.597769

16964.597710

16964.598127

16964.598075

16964.598404

16964.598342

16964.598600

16964.598544

16964.598761

16964.598734

16964.598946

16964.598984

16964.599235

16964.599376

16964.599681

16964.599866

16964.600037

16964.599890

16964.599862

16964.599919

16964.599814

16964.599525

16964.599346

16964.599060

16964.598984

16964.598754

16964.598770

16964.598556

16964.598621

16964.598380

16964.598460

16964.598150

16964.598215

16964.597799

16964.597840

16964.597315

16964.597387

16964.596851

16964.597125

16964.596830

16964.597586

16964.597898

16964.599375

16964.600495

16964.602533

16964.603992

16964.605568

16964.606610

16964.606610

16964.605568

16964.603992

16964.602533

16964.600495

16964.599375

16964.597898

16964.597586

16964.596830

16964.597125

16964.596851

16964.597387

16964.597315

16964.597840

16964.597799

16964.598215

16964.598150

16964.598460

16964.598380

16964.598621

16964.598556

16964.598770

16964.598754

16964.598984

16964.599060

16964.599346

16964.599525

16964.599814

16964.599919

16964.599862

16964.599766

16964.599851

16964.599655

16964.599478

16964.599173

16964.599055

16964.598800

16964.598792

16964.598575

16964.598642

16964.598417

16964.598516

16964.598237

16964.598328

16964.597941

16964.597992

16964.597458

16964.597482

16964.596842

16964.596970

16964.596429

16964.596957

16964.596926

16964.598236

16964.599158

16964.601389

16964.603218

16964.605713

16964.607265

16964.607195

16964.607195

16964.607265

16964.605713

16964.603218

16964.601389

16964.599158

16964.598236

16964.596926

16964.596957

16964.596429

16964.596970

16964.596842

16964.597482

16964.597458

16964.597992

16964.597941

16964.598328

16964.598237

16964.598516

16964.598417

16964.598642

16964.598575

16964.598792

16964.598800

16964.599055

16964.599173

16964.599478

16964.599655

16964.599851

16964.599766

16964.599697

16964.599692

16964.599582

16964.599300

16964.599152

16964.598875

16964.598834

16964.598605

16964.598662

16964.598447

16964.598561

16964.598311

16964.598436

16964.598091

16964.598175

16964.597671

16964.597685

16964.596997

16964.597008

16964.596253

16964.596508

16964.596051

16964.596999

16964.597423

16964.599488

16964.601206

16964.604231

16964.606670

16964.609162

16964.611262

16964.611262

16964.609162

16964.606670

16964.604231

16964.601206

16964.599488

16964.597423

16964.596999

16964.596051

16964.596508

16964.596253

16964.597008

16964.596997

16964.597685

16964.597671

16964.598175

16964.598091

16964.598436

16964.598311

16964.598561

16964.598447

16964.598662

16964.598605

16964.598834

16964.598875

16964.599152

16964.599300

16964.599582

16964.599692

16964.599697

16964.599561

16964.599590

16964.599392

16964.599251

16964.598970

16964.598896

16964.598653

16964.598688

16964.598474

16964.598592

16964.598365

16964.598519

16964.598220

16964.598349

16964.597898

16964.597939

16964.597259

16964.597201

16964.596302

16964.596294

16964.595409

16964.595858

16964.595553

16964.597062

16964.598084

16964.601034

16964.603638

16964.607392

16964.610304

16964.610912

16964.610912

16964.610304

16964.607392

16964.603638

16964.601034

16964.598084

16964.597062

16964.595553

16964.595858

16964.595409

16964.596294

16964.596302

16964.597201

16964.597259

16964.597939

16964.597898

16964.598349

16964.598220

16964.598519

16964.598365

16964.598592

16964.598474

16964.598688

16964.598653

16964.598896

16964.598970

16964.599251

16964.599392

16964.599590

16964.599561

16964.599452

16964.599391

16964.599302

16964.599057

16964.598967

16964.598718

16964.598726

16964.598508

16964.598615

16964.598402

16964.598573

16964.598313

16964.598487

16964.598098

16964.598191

16964.597562

16964.597494

16964.596535

16964.596325

16964.595091

16964.595001

16964.593883

16964.594521

16964.594346

16964.596501

16964.598228

16964.602222

16964.605905

16964.610439

16964.615690

16964.615690

16964.610439

16964.605905

16964.602222

16964.598228

16964.596501

16964.594346

16964.594521

16964.593883

16964.595001

16964.595091

16964.596325

16964.596535

16964.597494

16964.597562

16964.598191

16964.598098

16964.598487

16964.598313

16964.598573

16964.598402

16964.598615

16964.598508

16964.598726

16964.598718

16964.598967

16964.599057

16964.599302

16964.599391

16964.599452

16964.599276

16964.599257

16964.599087

16964.599012

16964.598782

16964.598772

16964.598552

16964.598641

16964.598433

16964.598606

16964.598374

16964.598582

16964.598250

16964.598403

16964.597848

16964.597821

16964.596880

16964.596563

16964.595113

16964.594554

16964.592705

16964.592326

16964.590700

16964.591425

16964.591297

16964.594285

16964.597070

16964.602733

16964.608381

16964.612063

16964.612063

16964.608381

16964.602733

16964.597070

16964.594285

16964.591297

16964.591425

16964.590700

16964.592326

16964.592705

16964.594554

16964.595113

16964.596563

16964.596880

16964.597821

16964.597848

16964.598403

16964.598250

16964.598582

16964.598374

16964.598606

16964.598433

16964.598641

16964.598552

16964.598772

16964.598782

16964.599012

16964.599087

16964.599257

16964.599276

16964.599130

16964.599026

16964.598985

16964.598809

16964.598802

16964.598599

16964.598670

16964.598467

16964.598629

16964.598413

16964.598638

16964.598351

16964.598558

16964.598082

16964.598127

16964.597260

16964.596938

16964.595417

16964.594550

16964.592179

16964.590856

16964.587841

16964.586784

16964.584219

16964.585015

16964.585116

16964.589762

16964.594852

16964.603733

16964.615885

16964.615885

16964.603733

16964.594852

16964.589762

16964.585116

16964.585015

16964.584219

16964.586784

16964.587841

16964.590856

16964.592179

16964.594550

16964.595417

16964.596938

16964.597260

16964.598127

16964.598082

16964.598558

16964.598351

16964.598638

16964.598413

16964.598629

16964.598467

16964.598670

16964.598599

16964.598802

16964.598809

16964.598985

16964.599026

16964.599130

16964.598923

16964.598867

16964.598753

16964.598774

16964.598619

16964.598689

16964.598503

16964.598650

16964.598445

16964.598669

16964.598413

16964.598658

16964.598249

16964.598376

16964.597610

16964.597365

16964.595896

16964.594920

16964.592298

16964.590297

16964.586233

16964.583440

16964.578434

16964.576289

16964.572514

16964.574031

16964.575558

16964.584181

16964.594546

16964.605608

16964.605608

16964.594546

16964.584181

16964.575558

16964.574031

16964.572514

16964.576289

16964.578434

16964.583440

16964.586233

16964.590297

16964.592298

16964.594920

16964.595896

16964.597365

16964.597610

16964.598376

16964.598249

16964.598658

16964.598413

16964.598669

16964.598445

16964.598650

16964.598503

16964.598689

16964.598619

16964.598774

16964.598753

16964.598867

16964.598923

16964.598745

16964.598611

16964.598647

16964.598567

16964.598665

16964.598523

16964.598664

16964.598476

16964.598688

16964.598454

16964.598714

16964.598359

16964.598554

16964.597893

16964.597768

16964.596433

16964.595529

16964.592911

16964.590610

16964.585986

16964.581896

16964.574988

16964.569858

16964.562031

16964.558935

16964.554594

16964.559149

16964.565297

16964.582088

16964.606466

16964.606466

16964.582088

16964.565297

16964.559149

16964.554594

16964.558935

16964.562031

16964.569858

16964.574988

16964.581896

16964.585986

16964.590610

16964.592911

16964.595529

16964.596433

16964.597768

16964.597893

16964.598554

16964.598359

16964.598714

16964.598454

16964.598688

16964.598476

16964.598664

16964.598523

16964.598665

16964.598567

16964.598647

16964.598611

16964.598745

16964.598516

16964.598436

16964.598405

16964.598546

16964.598487

16964.598648

16964.598500

16964.598701

16964.598488

16964.598744

16964.598430

16964.598669

16964.598101

16964.598101

16964.596935

16964.596223

16964.593798

16964.591568

16964.586877

16964.582177

16964.574228

16964.566814

16964.555776

16964.547784

16964.537000

16964.534641

16964.532362

16964.544992

16964.562014

16964.587910

16964.587910

16964.562014

16964.544992

16964.532362

16964.534641

16964.537000

16964.547784

16964.555776

16964.566814

16964.574228

16964.582177

16964.586877

16964.591568

16964.593798

16964.596223

16964.596935

16964.598101

16964.598101

16964.598669

16964.598430

16964.598744

16964.598488

16964.598701

16964.598500

16964.598648

16964.598487

16964.598546

16964.598405

16964.598436

16964.598516

16964.598318

16964.598169

16964.598302

16964.598341

16964.598556

16964.598485

16964.598694

16964.598517

16964.598762

16964.598483

16964.598739

16964.598249

16964.598350

16964.597355

16964.596878

16964.594752

16964.592856

16964.588488

16964.583882

16964.575797

16964.567299

16964.554523

16964.542719

16964.526783

16964.516666

16964.504483

16964.507258

16964.512812

16964.542002

16964.586401

16964.586401

16964.542002

16964.512812

16964.507258

16964.504483

16964.516666

16964.526783

16964.542719

16964.554523

16964.567299

16964.575797

16964.583882

16964.588488

16964.592856

16964.594752

16964.596878

16964.597355

16964.598350

16964.598249

16964.598739

16964.598483

16964.598762

16964.598517

16964.598694

16964.598485

16964.598556

16964.598341

16964.598302

16964.598169

16964.598318

16964.598079

16964.597990

16964.598061

16964.598335

16964.598382

16964.598634

16964.598524

16964.598766

16964.598528

16964.598783

16964.598361

16964.598525

16964.597688

16964.597425

16964.595630

16964.594187

16964.590372

16964.586382

16964.578883

16964.570570

16964.557627

16964.544050

16964.525435

16964.509192

16964.489058

16964.479818

16964.470464

16964.486723

16964.511633

16964.566855

16964.566855

16964.511633

16964.486723

16964.470464

16964.479818

16964.489058

16964.509192

16964.525435

16964.544050

16964.557627

16964.570570

16964.578883

16964.586382

16964.590372

16964.594187

16964.595630

16964.597425

16964.597688

16964.598525

16964.598361

16964.598783

16964.598528

16964.598766

16964.598524

16964.598634

16964.598382

16964.598335

16964.598061

16964.597990

16964.598079

16964.597875

16964.597725

16964.597967

16964.598135

16964.598468

16964.598470

16964.598736

16964.598560

16964.598809

16964.598454

16964.598648

16964.597951

16964.597850

16964.596372

16964.595369

16964.592192

16964.589060

16964.582580

16964.575391

16964.563519

16964.550346

16964.531659

16964.512702

16964.488739

16964.469885

16964.448459

16964.446081

16964.448013

16964.493593

16964.570801

16964.570801

16964.493593

16964.448013

16964.446081

16964.448459

16964.469885

16964.488739

16964.512702

16964.531659

16964.550346

16964.563519

16964.575391

16964.582580

16964.589060

16964.592192

16964.595369

16964.596372

16964.597850

16964.597951

16964.598648

16964.598454

16964.598809

16964.598560

16964.598736

16964.598470

16964.598468

16964.598135

16964.597967

16964.597725

16964.597875

16964.597639

16964.597555

16964.597734

16964.598142

16964.598296

16964.598629

16964.598552

16964.598812

16964.598531

16964.598738

16964.598167

16964.598171

16964.596978

16964.596328

16964.593771

16964.591485

16964.586180

16964.580530

16964.570440

16964.559222

16964.542414

16964.524338

16964.500740

16964.478020

16964.451519

16964.433854

16964.416626

16964.431919

16964.465363

16964.576608

16964.576608

16964.465363

16964.431919

16964.416626

16964.433854

16964.451519

16964.478020

16964.500740

16964.524338

16964.542414

16964.559222

16964.570440

16964.580530

16964.586180

16964.591485

16964.593771

16964.596328

16964.596978

16964.598171

16964.598167

16964.598738

16964.598531

16964.598812

16964.598552

16964.598629

16964.598296

16964.598142

16964.597734

16964.597555

16964.597639

16964.597445

16964.597306

16964.597656

16964.597949

16964.598389

16964.598457

16964.598761

16964.598578

16964.598798

16964.598347

16964.598417

16964.597470

16964.597074

16964.595063

16964.593470

16964.589289

16964.585137

16964.577043

16964.568381

16964.554458

16964.539599

16964.519153

16964.498400

16964.473504

16964.450666

16964.426698

16964.415293

16964.413125

16964.472873

16964.600334

16964.600334

16964.472873

16964.413125

16964.415293

16964.426698

16964.450666

16964.473504

16964.498400

16964.519153

16964.539599

16964.554458

16964.568381

16964.577043

16964.585137

16964.589289

16964.593470

16964.595063

16964.597074

16964.597470

16964.598417

16964.598347

16964.598798

16964.598578

16964.598761

16964.598457

16964.598389

16964.597949

16964.597656

16964.597306

16964.597445

16964.597229

16964.597160

16964.597442

16964.597966

16964.598215

16964.598611

16964.598560

16964.598812

16964.598483

16964.598600

16964.597869

16964.597647

16964.596098

16964.595011

16964.591802

16964.588850

16964.582613

16964.576326

16964.565467

16964.554478

16964.538312

16964.522638

16964.502859

16964.484554

16964.464928

16964.446054

16964.432003

16964.435797

16964.480772

16964.680091

16964.680091

16964.480772

16964.435797

16964.432003

16964.446054

16964.464928

16964.484554

16964.502859

16964.522638

16964.538312

16964.554478

16964.565467

16964.576326

16964.582613

16964.588850

16964.591802

16964.595011

16964.596098

16964.597647

16964.597869

16964.598600

16964.598483

16964.598812

16964.598560

16964.598611

16964.598215

16964.597966

16964.597442

16964.597160

16964.597229

16964.597062

16964.596940

16964.597386

16964.597784

16964.598306

16964.598428

16964.598749

16964.598556

16964.598720

16964.598179

16964.598085

16964.596917

16964.596189

16964.593771

16964.591684

16964.586991

16964.582514

16964.574363

16964.566668

16964.554676

16964.544294

16964.530328

16964.519858

16964.508149

16964.499742

16964.494555

16964.482158

16964.493820

16964.546938

16964.725258

16964.725258

16964.546938

16964.493820

16964.482158

16964.494555

16964.499742

16964.508149

16964.519858

16964.530328

16964.544294

16964.554676

16964.566668

16964.574363

16964.582514

16964.586991

16964.591684

16964.593771

16964.596189

16964.596917

16964.598085

16964.598179

16964.598720

16964.598556

16964.598749

16964.598428

16964.598306

16964.597784

16964.597386

16964.596940

16964.597062

16964.596879

16964.596833

16964.597198

16964.597811

16964.598132

16964.598565

16964.598533

16964.598760

16964.598394

16964.598401

16964.597549

16964.597084

16964.595296

16964.593819

16964.590333

16964.587093

16964.581063

16964.575621

16964.566998

16964.560450

16964.551438

16964.547449

16964.542862

16964.546052

16964.551358

16964.562945

16964.588452

16964.586535

16964.666433

16964.935213

16964.935213

16964.666433

16964.586535

16964.588452

16964.562945

16964.551358

16964.546052

16964.542862

16964.547449

16964.551438

16964.560450

16964.566998

16964.575621

16964.581063

16964.587093

16964.590333

16964.593819

16964.595296

16964.597084

16964.597549

16964.598401

16964.598394

16964.598760

16964.598533

16964.598565

16964.598132

16964.597811

16964.597198

16964.596833

16964.596879

16964.596758

16964.596657

16964.597172

16964.597643

16964.598214

16964.598374

16964.598693

16964.598497

16964.598597

16964.598003

16964.597747

16964.596456

16964.595433

16964.592870

16964.590477

16964.586003

16964.581920

16964.575643

16964.571127

16964.565487

16964.564940

16964.565439

16964.575432

16964.587826

16964.613541

16964.646027

16964.701380

16964.801215

16964.824825

16964.959964

16964.959964

16964.824825

16964.801215

16964.701380

16964.646027

16964.613541

16964.587826

16964.575432

16964.565439

16964.564940

16964.565487

16964.571127

16964.575643

16964.581920

16964.586003

16964.590477

16964.592870

16964.595433

16964.596456

16964.597747

16964.598003

16964.598597

16964.598497

16964.598693

16964.598374

16964.598214

16964.597643

16964.597172

16964.596657

16964.596758

16964.596622

16964.596602

16964.597019

16964.597680

16964.598042

16964.598487

16964.598469

16964.598664

16964.598286

16964.598199

16964.597298

16964.596637

16964.594785

16964.593035

16964.589695

16964.586473

16964.581687

16964.577934

16964.573977

16964.574010

16964.576973

16964.588843

16964.605912

16964.636117

16964.670600

16964.729615

16964.810630

16964.978279

16965.222975

16965.346520

16965.346520

16965.222975

16964.978279

16964.810630

16964.729615

16964.670600

16964.636117

16964.605912

16964.588843

16964.576973

16964.574010

16964.573977

16964.577934

16964.581687

16964.586473

16964.589695

16964.593035

16964.594785

16964.596637

16964.597298

16964.598199

16964.598286

16964.598664

16964.598469

16964.598487

16964.598042

16964.597680

16964.597019

16964.596602

16964.596622

16964.596564

16964.596483

16964.597031

16964.597532

16964.598115

16964.598291

16964.598594

16964.598404

16964.598454

16964.597855

16964.597488

16964.596185

16964.594973

16964.592497

16964.589967

16964.586165

16964.582695

16964.579212

16964.578158

16964.580833

16964.590582

16964.608996

16964.639072

16964.677344

16964.730729

16964.795280

16964.912842

16965.094447

16965.428772

16965.303788

16965.303788

16965.428772

16965.094447

16964.912842

16964.795280

16964.730729

16964.677344

16964.639072

16964.608996

16964.590582

16964.580833

16964.578158

16964.579212

16964.582695

16964.586165

16964.589967

16964.592497

16964.594973

16964.596185

16964.597488

16964.597855

16964.598454

16964.598404

16964.598594

16964.598291

16964.598115

16964.597532

16964.597031

16964.596483

16964.596564

16964.596487

16964.596492

16964.596921

16964.597583

16964.597948

16964.598378

16964.598366

16964.598532

16964.598165

16964.598023

16964.597140

16964.596381

16964.594592

16964.592722

16964.589692

16964.586580

16964.583118

16964.580722

16964.581307

16964.586677

16964.601809

16964.627231

16964.667453

16964.719332

16964.781627

16964.867112

16964.995768

16965.206836

16965.506772

16965.405858

16965.405858

16965.506772

16965.206836

16964.995768

16964.867112

16964.781627

16964.719332

16964.667453

16964.627231

16964.601809

16964.586677

16964.581307

16964.580722

16964.583118

16964.586580

16964.589692

16964.592722

16964.594592

16964.596381

16964.597140

16964.598023

16964.598165

16964.598532

16964.598366

16964.598378

16964.597948

16964.597583

16964.596921

16964.596492

16964.596487

16964.596505

16964.596436

16964.596975

16964.597458

16964.598012

16964.598178

16964.598453

16964.598271

16964.598292

16964.597719

16964.597315

16964.596069

16964.594814

16964.592484

16964.589961

16964.586643

16964.583552

16964.581828

16964.582809

16964.591385

16964.608372

16964.642699

16964.690186

16964.756748

16964.835259

16964.928410

16965.077965

16965.282396

16965.415657

16964.789104

16964.789104

16965.415657

16965.282396

16965.077965

16964.928410

16964.835259

16964.756748

16964.690186

16964.642699

16964.608372

16964.591385

16964.582809

16964.581828

16964.583552

16964.586643

16964.589961

16964.592484

16964.594814

16964.596069

16964.597315

16964.597719

16964.598292

16964.598271

16964.598453

16964.598178

16964.598012

16964.597458

16964.596975

16964.596436

16964.596505

16964.596496

16964.596515

16964.596913

16964.597524

16964.597852

16964.598236

16964.598214

16964.598352

16964.598003

16964.597849

16964.597014

16964.596270

16964.594571

16964.592759

16964.589882

16964.586912

16964.583793

16964.581929

16964.583944

16964.591935

16964.613418

16964.649083

16964.709285

16964.785811

16964.878272

16964.992143

16965.095772

16965.270977

16964.944973

16964.783459

16964.783459

16964.944973

16965.270977

16965.095772

16964.992143

16964.878272

16964.785811

16964.709285

16964.649083

16964.613418

16964.591935

16964.583944

16964.581929

16964.583793

16964.586912

16964.589882

16964.592759

16964.594571

16964.596270

16964.597014

16964.597849

16964.598003

16964.598352

16964.598214

16964.598236

16964.597852

16964.597524

16964.596913

16964.596515

16964.596496

16964.596596

16964.596526

16964.597010

16964.597425

16964.597905

16964.598030

16964.598259

16964.598075

16964.598079

16964.597539

16964.597163

16964.595988

16964.594837

16964.592589

16964.590252

16964.586869

16964.583982

16964.581772

16964.583218

16964.591531

16964.611970

16964.651717

16964.714779

16964.803913

16964.910657

16965.008115

16965.127456

16965.044523

16964.937518

16964.662979

16964.662979

16964.937518

16965.044523

16965.127456

16965.008115

16964.910657

16964.803913

16964.714779

16964.651717

16964.611970

16964.591531

16964.583218

16964.581772

16964.583982

16964.586869

16964.590252

16964.592589

16964.594837

16964.595988

16964.597163

16964.597539

16964.598079

16964.598075

16964.598259

16964.598030

16964.597905

16964.597425

16964.597010

16964.596526

16964.596596

16964.596655

16964.596672

16964.596993

16964.597503

16964.597750

16964.598058

16964.598004

16964.598105

16964.597767

16964.597623

16964.596843

16964.596196

16964.594584

16964.593003

16964.590104

16964.587431

16964.583643

16964.581847

16964.581506

16964.589517

16964.607039

16964.646929

16964.708406

16964.804130

16964.911565

16965.020226

16965.074796

16965.034117

16964.843874

16964.636349

16964.636349

16964.843874

16965.034117

16965.074796

16965.020226

16964.911565

16964.804130

16964.708406

16964.646929

16964.607039

16964.589517

16964.581506

16964.581847

16964.583643

16964.587431

16964.590104

16964.593003

16964.594584

16964.596196

16964.596843

16964.597623

16964.597767

16964.598105

16964.598004

16964.598058

16964.597750

16964.597503

16964.596993

16964.596672

16964.596655

16964.596828

16964.596743

16964.597127

16964.597426

16964.597791

16964.597845

16964.598006

16964.597806

16964.597792

16964.597285

16964.596967

16964.595881

16964.594934

16964.592782

16964.590822

16964.587192

16964.584605

16964.580648

16964.581564

16964.584360

16964.603121

16964.632129

16964.696773

16964.775704

16964.893671

16964.988318

16965.045039

16965.091806

16964.819629

16964.637300

16964.637300

16964.819629

16965.091806

16965.045039

16964.988318

16964.893671

16964.775704

16964.696773

16964.632129

16964.603121

16964.584360

16964.581564

16964.580648

16964.584605

16964.587192

16964.590822

16964.592782

16964.594934

16964.595881

16964.596967

16964.597285

16964.597792

16964.597806

16964.598006

16964.597845

16964.597791

16964.597426

16964.597127

16964.596743

16964.596828

16964.596943

16964.596941

16964.597149

16964.597513

16964.597644

16964.597844

16964.597742

16964.597792

16964.597463

16964.597333

16964.596627

16964.596116

16964.594660

16964.593421

16964.590649

16964.588464

16964.584126

16964.582317

16964.578731

16964.584402

16964.591796

16964.624525

16964.664317

16964.750121

16964.828858

16964.942806

16964.991091

16965.056047

16965.153933

16964.583641

16964.583641

16965.153933

16965.056047

16964.991091

16964.942806

16964.828858

16964.750121

16964.664317

16964.624525

16964.591796

16964.584402

16964.578731

16964.582317

16964.584126

16964.588464

16964.590649

16964.593421

16964.594660

16964.596116

16964.596627

16964.597333

16964.597463

16964.597792

16964.597742

16964.597844

16964.597644

16964.597513

16964.597149

16964.596941

16964.596943

16964.597161

16964.597056

16964.597308

16964.597458

16964.597673

16964.597636

16964.597712

16964.597495

16964.597459

16964.597005

16964.596755

16964.595826

16964.595123

16964.593264

16964.591782

16964.588398

16964.586236

16964.581465

16964.581258

16964.579045

16964.590949

16964.603997

16964.649059

16964.693670

16964.783480

16964.835818

16964.930549

16964.881735

16965.088077

16965.285831

16965.285831

16965.088077

16964.881735

16964.930549

16964.835818

16964.783480

16964.693670

16964.649059

16964.603997

16964.590949

16964.579045

16964.581258

16964.581465

16964.586236

16964.588398

16964.591782

16964.593264

16964.595123

16964.595826

16964.596755

16964.597005

16964.597459

16964.597495

16964.597712

16964.597636

16964.597673

16964.597458

16964.597308

16964.597056

16964.597161

16964.597302

16964.597279

16964.597360

16964.597550

16964.597546

16964.597622

16964.597468

16964.597465

16964.597167

16964.597057

16964.596484

16964.596121

16964.594974

16964.594099

16964.591869

16964.590214

16964.586390

16964.584489

16964.579935

16964.581787

16964.582292

16964.599480

16964.617920

16964.665517

16964.705635

16964.772283

16964.779991

16964.805162

16964.594009

16964.245234

16964.245234

16964.594009

16964.805162

16964.779991

16964.772283

16964.705635

16964.665517

16964.617920

16964.599480

16964.582292

16964.581787

16964.579935

16964.584489

16964.586390

16964.590214

16964.591869

16964.594099

16964.594974

16964.596121

16964.596484

16964.597057

16964.597167

16964.597465

16964.597468

16964.597622

16964.597546

16964.597550

16964.597360

16964.597279

16964.597302

16964.597519

16964.597413

16964.597530

16964.597525

16964.597580

16964.597450

16964.597442

16964.597228

16964.597180

16964.596828

16964.596661

16964.595994

16964.595533

16964.594218

16964.593181

16964.590701

16964.588876

16964.584977

16964.583300

16964.579883

16964.583060

16964.587321

16964.604842

16964.626735

16964.659994

16964.690531

16964.697360

16964.683419

16964.519067

16964.667174

16964.667174

16964.519067

16964.683419

16964.697360

16964.690531

16964.659994

16964.626735

16964.604842

16964.587321

16964.583060

16964.579883

16964.583300

16964.584977

16964.588876

16964.590701

16964.593181

16964.594218

16964.595533

16964.595994

16964.596661

16964.596828

16964.597180

16964.597228

16964.597442

16964.597450

16964.597580

16964.597525

16964.597530

16964.597413

16964.597519

16964.597636

16964.597630

16964.597606

16964.597633

16964.597502

16964.597461

16964.597275

16964.597235

16964.597006

16964.596937

16964.596566

16964.596357

16964.595650

16964.595089

16964.593692

16964.592429

16964.589874

16964.587662

16964.584116

16964.581997

16964.580405

16964.582393

16964.590131

16964.599913

16964.622267

16964.625243

16964.650322

16964.592596

16964.632124

16964.680057

16964.680057

16964.632124

16964.592596

16964.650322

16964.625243

16964.622267

16964.599913

16964.590131

16964.582393

16964.580405

16964.581997

16964.584116

16964.587662

16964.589874

16964.592429

16964.593692

16964.595089

16964.595650

16964.596357

16964.596566

16964.596937

16964.597006

16964.597235

16964.597275

16964.597461

16964.597502

16964.597633

16964.597606

16964.597630

16964.597636

16964.597786

16964.597753

16964.597783

16964.597658

16964.597577

16964.597383

16964.597312

16964.597131

16964.597093

16964.596885

16964.596809

16964.596463

16964.596208

16964.595520

16964.594792

16964.593384

16964.591661

16964.589144

16964.585969

16964.582947

16964.578987

16964.578966

16964.576292

16964.585308

16964.581809

16964.600891

16964.582798

16964.603600

16964.631915

16964.649136

16964.649136

16964.631915

16964.603600

16964.582798

16964.600891

16964.581809

16964.585308

16964.576292

16964.578966

16964.578987

16964.582947

16964.585969

16964.589144

16964.591661

16964.593384

16964.594792

16964.595520

16964.596208

16964.596463

16964.596809

16964.596885

16964.597093

16964.597131

16964.597312

16964.597383

16964.597577

16964.597658

16964.597783

16964.597753

16964.597786

16964.597817

16964.597932

16964.597885

16964.597807

16964.597599

16964.597479

16964.597294

16964.597236

16964.597094

16964.597067

16964.596909

16964.596819

16964.596532

16964.596176

16964.595525

16964.594443

16964.592998

16964.590376

16964.587791

16964.582820

16964.579954

16964.572743

16964.572926

16964.564338

16964.571427

16964.561825

16964.574026

16964.586688

16964.600777

16964.621537

16964.621537

16964.600777

16964.586688

16964.574026

16964.561825

16964.571427

16964.564338

16964.572926

16964.572743

16964.579954

16964.582820

16964.587791

16964.590376

16964.592998

16964.594443

16964.595525

16964.596176

16964.596532

16964.596819

16964.596909

16964.597067

16964.597094

16964.597236

16964.597294

16964.597479

16964.597599

16964.597807

16964.597885

16964.597932

16964.597817

16964.597827

16964.598020

16964.598076

16964.597914

16964.597769

16964.597559

16964.597453

16964.597310

16964.597269

16964.597175

16964.597143

16964.597042

16964.596891

16964.596654

16964.596065

16964.595386

16964.593659

16964.592004

16964.588005

16964.585011

16964.577736

16964.574321

16964.564157

16964.563117

16964.553323

16964.556930

16964.559665

16964.567866

16964.585705

16964.591166

16964.591166

16964.585705

16964.567866

16964.559665

16964.556930

16964.553323

16964.563117

16964.564157

16964.574321

16964.577736

16964.585011

16964.588005

16964.592004

16964.593659

16964.595386

16964.596065

16964.596654

16964.596891

16964.597042

16964.597143

16964.597175

16964.597269

16964.597310

16964.597453

16964.597559

16964.597769

16964.597914

16964.598076

16964.598020

16964.597827

16964.597705

16964.598142

16964.598211

16964.598143

16964.597936

16964.597789

16964.597612

16964.597515

16964.597404

16964.597348

16964.597289

16964.597206

16964.597137

16964.596835

16964.596584

16964.595597

16964.594753

16964.592154

16964.590071

16964.584617

16964.580942

16964.572118

16964.567864

16964.557968

16964.555657

16964.552351

16964.554328

16964.563791

16964.568202

16964.576405

16964.576405

16964.568202

16964.563791

16964.554328

16964.552351

16964.555657

16964.557968

16964.567864

16964.572118

16964.580942

16964.584617

16964.590071

16964.592154

16964.594753

16964.595597

16964.596584

16964.596835

16964.597137

16964.597206

16964.597289

16964.597348

16964.597404

16964.597515

16964.597612

16964.597789

16964.597936

16964.598143

16964.598211

16964.598142

16964.597705

16964.597483

16964.598185

16964.598447

16964.598354

16964.598223

16964.598016

16964.597856

16964.597685

16964.597557

16964.597447

16964.597334

16964.597272

16964.597077

16964.596987

16964.596456

16964.596111

16964.594674

16964.593581

16964.590267

16964.587750

16964.581678

16964.577546

16964.569483

16964.564966

16964.559323

16964.556912

16964.559471

16964.560364

16964.567779

16964.569013

16964.569013

16964.567779

16964.560364

16964.559471

16964.556912

16964.559323

16964.564966

16964.569483

16964.577546

16964.581678

16964.587750

16964.590267

16964.593581

16964.594674

16964.596111

16964.596456

16964.596987

16964.597077

16964.597272

16964.597334

16964.597447

16964.597557

16964.597685

16964.597856

16964.598016

16964.598223

16964.598354

16964.598447

16964.598185

16964.597483

16964.597120

16964.598305

16964.598642

16964.598659

16964.598452

16964.598257

16964.598025

16964.597817

16964.597621

16964.597427

16964.597285

16964.597075

16964.596971

16964.596641

16964.596496

16964.595787

16964.595362

16964.593748

16964.592546

16964.589309

16964.586744

16964.581736

16964.577801

16964.572873

16964.568817

16964.567766

16964.565433

16964.569228

16964.568841

16964.571657

16964.571657

16964.568841

16964.569228

16964.565433

16964.567766

16964.568817

16964.572873

16964.577801

16964.581736

16964.586744

16964.589309

16964.592546

16964.593748

16964.595362

16964.595787

16964.596496

16964.596641

16964.596971

16964.597075

16964.597285

16964.597427

16964.597621

16964.597817

16964.598025

16964.598257

16964.598452

16964.598659

16964.598642

16964.598305

16964.597120

16964.596360

16964.598418

16964.598982

16964.598740

16964.598550

16964.598298

16964.598059

16964.597808

16964.597549

16964.597320

16964.597052

16964.596859

16964.596567

16964.596418

16964.596053

16964.595910

16964.595323

16964.594994

16964.593871

16964.592900

16964.590908

16964.588707

16964.586114

16964.582519

16964.580796

16964.576657

16964.577290

16964.574134

16964.575940

16964.574808

16964.574808

16964.575940

16964.574134

16964.577290

16964.576657

16964.580796

16964.582519

16964.586114

16964.588707

16964.590908

16964.592900

16964.593871

16964.594994

16964.595323

16964.595910

16964.596053

16964.596418

16964.596567

16964.596859

16964.597052

16964.597320

16964.597549

16964.597808

16964.598059

16964.598298

16964.598550

16964.598740

16964.598982

16964.598418

16964.596360

16964.595848

16964.599119

16964.598480

16964.598340

16964.598184

16964.598039

16964.597857

16964.597638

16964.597410

16964.597140

16964.596894

16964.596603

16964.596387

16964.596135

16964.596014

16964.595878

16964.595874

16964.595889

16964.595814

16964.595842

16964.595052

16964.594712

16964.592116

16964.591041

16964.585896

16964.584244

16964.577611

16964.576133

16964.571251

16964.570675

16964.570675

16964.571251

16964.576133

16964.577611

16964.584244

16964.585896

16964.591041

16964.592116

16964.594712

16964.595052

16964.595842

16964.595814

16964.595889

16964.595874

16964.595878

16964.596014

16964.596135

16964.596387

16964.596603

16964.596894

16964.597140

16964.597410

16964.597638

16964.597857

16964.598039

16964.598184

16964.598340

16964.598480

16964.599119

16964.595848

16964.592673

16964.595862

16964.596331

16964.597036

16964.597306

16964.597479

16964.597513

16964.597483

16964.597371

16964.597220

16964.597031

16964.596831

16964.596669

16964.596512

16964.596541

16964.596523

16964.596938

16964.597003

16964.597846

16964.597396

16964.598102

16964.595484

16964.594476

16964.587263

16964.582676

16964.570138

16964.562381

16964.548932

16964.542464

16964.536479

16964.536479

16964.542464

16964.548932

16964.562381

16964.570138

16964.582676

16964.587263

16964.594476

16964.595484

16964.598102

16964.597396

16964.597846

16964.597003

16964.596938

16964.596523

16964.596541

16964.596512

16964.596669

16964.596831

16964.597031

16964.597220

16964.597371

16964.597483

16964.597513

16964.597479

16964.597306

16964.597036

16964.596331

16964.595862

16964.592673

