AXIS X

0.000000 0.000500 0.001000 0.001500 0.002000 0.002500 0.003000 0.003500 0.004000 0.004500 0.005000 0.005500 0.006000 0.006500 0.007000 0.007500 0.008000 0.008500 0.009000 0.009500 0.010000 0.010500 0.011000 0.011500 0.012000 0.012500 0.013000 0.013500 0.014000 0.014500 0.015000 0.015500 0.016000 0.016500 0.017000 0.017500 0.018000 0.018500 0.019000 0.019500 0.020000 0.020500 0.021000 0.021500 0.022000 0.022500 0.023000 0.023500 0.024000 0.024500 0.025000 0.025500 0.026000 0.026500 0.027000 0.027500 0.028000 0.028500 0.029000 0.029500 

AXIS Y

0.000000 0.000500 0.001000 0.001500 0.002000 0.002500 0.003000 0.003500 0.004000 0.004500 0.005000 0.005500 0.006000 0.006500 0.007000 0.007500 0.008000 0.008500 0.009000 0.009500 0.010000 0.010500 0.011000 0.011500 0.012000 0.012500 0.013000 0.013500 0.014000 0.014500 0.015000 0.015500 0.016000 0.016500 0.017000 0.017500 0.018000 0.018500 0.019000 0.019500 0.020000 0.020500 0.021000 0.021500 0.022000 0.022500 0.023000 0.023500 0.024000 0.024500 0.025000 0.025500 0.026000 0.026500 0.027000 0.027500 0.028000 0.028500 0.029000 0.029500 



DATA
3688.192688

4943.733927

5444.776680

6045.164154

6548.733325

6951.391328

7284.608278

7540.109585

7727.555036

7796.225859

7738.630380

7495.449469

7088.566596

6502.590376

5822.401592

5088.119980

4406.951587

3811.258045

3361.721987

3052.015076

2913.153419

2942.522552

3211.179856

3790.062570

4932.623639

6917.718424

10462.880370

15224.343218

21505.865863

19443.260276

19443.260281

21505.865877

15224.343232

10462.880379

6917.718429

4932.623643

3790.062573

3211.179858

2942.522553

2913.153420

3052.015077

3361.721987

3811.258045

4406.951587

5088.119979

5822.401591

6502.590375

7088.566595

7495.449467

7738.630378

7796.225857

7727.555035

7540.109584

7284.608277

6951.391327

6548.733324

6045.164153

5444.776679

4943.733927

3688.192688

4844.104909

7379.140020

7118.012446

7081.794075

7180.454708

7310.972914

7352.555382

7288.549567

7071.177776

6722.678545

6225.736244

5635.225396

4969.222761

4307.811189

3681.842146

3147.492203

2705.698023

2370.708895

2122.713721

1961.989405

1870.691569

1854.747252

1906.163402

2047.793216

2291.312516

2719.151226

3435.809679

5017.015748

8870.924555

7365.659586

7365.659588

8870.924560

5017.015752

3435.809682

2719.151229

2291.312518

2047.793218

1906.163404

1854.747254

1870.691571

1961.989406

2122.713722

2370.708896

2705.698024

3147.492204

3681.842147

4307.811189

4969.222761

5635.225396

6225.736244

6722.678544

7071.177775

7288.549567

7352.555382

7310.972914

7180.454707

7081.794075

7118.012446

7379.140020

4844.104908

5131.245190

7189.101480

7905.898567

7832.975506

7789.284450

7677.207510

7452.296560

7028.375516

6444.257503

5720.960253

4956.183103

4196.080693

3516.325642

2929.267024

2457.792216

2082.126599

1797.822771

1580.671762

1423.750009

1309.205829

1233.727399

1185.172532

1163.982690

1163.634448

1192.975151

1264.589487

1429.712349

1843.051167

2529.496349

3103.530495

3103.530496

2529.496351

1843.051168

1429.712350

1264.589487

1192.975152

1163.634449

1163.982691

1185.172533

1233.727400

1309.205830

1423.750010

1580.671763

1797.822772

2082.126600

2457.792217

2929.267025

3516.325643

4196.080693

4956.183103

5720.960254

6444.257503

7028.375517

7452.296560

7677.207510

7789.284450

7832.975506

7905.898567

7189.101479

5131.245189

5560.855022

6998.966266

7827.215582

8057.762921

7960.060343

7696.668158

7192.244958

6481.726419

5605.746776

4704.821004

3857.793692

3145.115693

2565.928169

2121.532650

1778.161622

1521.141749

1323.498310

1175.927044

1061.302608

975.306440

906.568417

853.659384

809.334179

775.960929

754.105819

757.084006

810.459550

952.253035

1191.074524

1476.494428

1476.494428

1191.074525

952.253036

810.459550

757.084007

754.105820

775.960930

809.334180

853.659384

906.568417

975.306441

1061.302608

1175.927045

1323.498311

1521.141750

1778.161623

2121.532651

2565.928170

3145.115694

3857.793693

4704.821005

5605.746777

6481.726420

7192.244959

7696.668158

7960.060344

8057.762921

7827.215582

6998.966266

5560.855021

5956.365566

6981.355728

7613.085065

7787.330724

7615.102356

7142.538908

6430.778329

5523.626511

4574.514439

3687.794617

2956.549325

2379.413676

1948.562680

1623.348549

1383.626832

1200.547390

1063.470733

955.335288

871.741739

801.640554

743.776650

690.832062

644.681633

603.104732

574.073836

564.323640

593.238222

667.711853

805.688376

1049.128348

1049.128348

805.688376

667.711853

593.238222

564.323641

574.073837

603.104732

644.681634

690.832063

743.776651

801.640554

871.741739

955.335288

1063.470733

1200.547391

1383.626833

1623.348549

1948.562681

2379.413677

2956.549326

3687.794618

4574.514440

5523.626512

6430.778330

7142.538909

7615.102357

7787.330724

7613.085065

6981.355728

5956.365565

6345.242607

7035.431409

7354.095222

7275.650542

6845.913391

6162.713251

5294.748347

4381.453617

3523.239586

2812.719449

2253.548568

1838.887908

1529.257798

1303.839976

1133.934566

1008.461404

910.417111

835.317594

771.994097

719.295544

669.364642

624.079419

579.695350

543.071798

516.480363

513.908860

540.051283

609.426711

712.402738

891.663912

891.663912

712.402738

609.426712

540.051283

513.908860

516.480363

543.071798

579.695351

624.079419

669.364642

719.295544

771.994097

835.317595

910.417112

1008.461404

1133.934567

1303.839976

1529.257799

1838.887909

2253.548569

2812.719450

3523.239587

4381.453618

5294.748348

6162.713251

6845.913391

7275.650542

7354.095221

7035.431409

6345.242606

6718.329785

7074.460299

7035.173824

6595.623891

5879.393438

5007.557737

4125.477840

3317.174744

2652.997359

2130.150927

1741.187418

1450.765356

1240.497889

1084.055855

971.126572

885.485512

822.759367

771.768473

731.226280

692.433093

656.898994

619.130778

585.544535

556.211284

544.535540

555.777226

607.341482

691.281662

797.091025

947.290586

947.290586

797.091025

691.281662

607.341482

555.777226

544.535540

556.211284

585.544535

619.130778

656.898994

692.433094

731.226281

771.768474

822.759367

885.485512

971.126572

1084.055855

1240.497889

1450.765357

1741.187419

2130.150928

2652.997360

3317.174745

4125.477841

5007.557738

5879.393439

6595.623891

7035.173825

7074.460299

6718.329785

7054.131231

7038.831564

6598.846283

5817.371913

4866.674860

3941.238480

3134.348056

2495.206677

2003.018739

1640.123602

1370.130586

1175.523745

1032.396450

931.737432

858.813441

809.806536

774.148214

750.538828

729.725251

712.473329

691.191764

671.349204

650.442800

642.599894

653.476692

708.422150

817.073881

979.470790

1095.696306

1167.464046

1167.464046

1095.696307

979.470790

817.073881

708.422150

653.476692

642.599894

650.442800

671.349205

691.191764

712.473329

729.725251

750.538828

774.148214

809.806536

858.813441

931.737433

1032.396450

1175.523745

1370.130586

1640.123603

2003.018740

2495.206678

3134.348057

3941.238481

4866.674861

5817.371913

6598.846284

7038.831564

7054.131232

7301.364649

6866.744888

6039.793087

4984.012005

3947.190732

3069.185001

2401.325326

1906.748753

1552.299275

1293.627752

1109.717989

976.482177

885.255025

822.559031

785.326664

764.202934

758.374809

758.976077

766.237679

770.821091

776.379643

776.857837

786.154022

808.548997

877.785800

1020.758815

1303.881770

1688.928857

1876.346265

1709.229863

1709.229862

1876.346264

1688.928857

1303.881770

1020.758814

877.785799

808.548997

786.154022

776.857837

776.379643

770.821091

766.237679

758.976078

758.374809

764.202935

785.326664

822.559031

885.255025

976.482177

1109.717989

1293.627752

1552.299276

1906.748754

2401.325327

3069.185002

3947.190733

4984.012006

6039.793088

6866.744888

7301.364650

7391.857643

6519.417933

5363.159439

4180.082622

3172.772264

2420.719361

1881.673014

1507.558292

1242.142396

1057.519065

926.306500

838.503188

780.698478

750.217336

738.913243

746.907934

766.758153

799.092834

834.228228

873.829650

907.806859

946.972889

991.299163

1078.157206

1239.909505

1596.146497

2295.355957

3450.080225

3947.418466

2814.798435

2814.798433

3947.418459

3450.080220

2295.355956

1596.146496

1239.909505

1078.157206

991.299163

946.972889

907.806859

873.829651

834.228229

799.092834

766.758153

746.907934

738.913243

750.217337

780.698479

838.503188

926.306500

1057.519065

1242.142396

1507.558293

1881.673014

2420.719362

3172.772265

4180.082622

5363.159439

6519.417933

7391.857643

7247.230406

5976.514762

4628.791952

3452.620304

2570.927545

1949.379483

1527.496786

1235.267971

1035.955813

896.565921

804.378545

744.626824

714.362829

705.980291

720.537175

752.369032

803.547259

865.863154

940.210728

1013.411489

1090.326527

1162.754568

1261.688129

1411.402858

1727.331120

2381.745618

3918.934898

6761.582090

10262.369306

10178.231831

10178.231816

10262.369270

6761.582070

3918.934892

2381.745617

1727.331119

1411.402858

1261.688129

1162.754568

1090.326527

1013.411489

940.210728

865.863154

803.547259

752.369032

720.537175

705.980291

714.362829

744.626824

804.378545

896.565921

1035.955813

1235.267971

1527.496787

1949.379483

2570.927546

3452.620304

4628.791952

5976.514763

7247.230407

6819.636709

5269.202046

3892.708875

2846.266969

2112.076759

1619.203087

1282.820928

1056.038625

898.735901

794.643752

726.473773

690.405967

678.423062

692.117979

727.043391

787.076072

866.435776

967.168968

1075.228593

1189.186675

1290.232481

1394.282859

1508.426403

1711.689081

2101.891743

3013.724666

4985.378215

8992.097544

23884.621319

187317.162097

187317.162690

23884.621287

8992.097513

4985.378205

3013.724663

2101.891741

1711.689080

1508.426403

1394.282859

1290.232481

1189.186675

1075.228593

967.168968

866.435776

787.076073

727.043392

692.117979

678.423062

690.405967

726.473773

794.643752

898.735901

1056.038625

1282.820928

1619.203087

2112.076759

2846.266970

3892.708876

5269.202047

6819.636710

6100.010961

4467.080019

3222.405090

2354.600661

1775.724037

1383.927339

1120.696063

938.134121

816.244834

734.615417

688.310926

668.105067

675.712046

706.901237

767.016740

852.241890

966.958186

1098.064060

1240.237715

1364.652280

1469.636943

1544.023271

1636.528926

1792.842635

2159.601466

2959.793348

4743.030625

8649.474261

42507.922934

511823.597175

511823.598800

42507.923025

8649.474244

4743.030617

2959.793346

2159.601464

1792.842634

1636.528925

1544.023271

1469.636943

1364.652280

1240.237716

1098.064060

966.958186

852.241890

767.016740

706.901238

675.712046

668.105068

688.310927

734.615417

816.244834

938.134121

1120.696063

1383.927339

1775.724038

2354.600662

3222.405091

4467.080019

6100.010962

5173.272017

3666.137765

2643.972431

1973.237914

1524.661944

1223.365185

1013.190387

870.765261

772.835872

713.730400

682.728042

681.632594

705.625956

761.152554

845.216554

964.728817

1107.703921

1267.690389

1407.586108

1510.778771

1550.400149

1558.766087

1564.942686

1651.228309

1898.543751

2515.156912

3989.976472

8850.878095

55293.095692

534865.524438

534865.526548

55293.095875

8850.878092

3989.976470

2515.156911

1898.543750

1651.228309

1564.942686

1558.766087

1550.400149

1510.778771

1407.586109

1267.690390

1107.703922

964.728817

845.216554

761.152554

705.625956

681.632594

682.728042

713.730400

772.835872

870.765262

1013.190387

1223.365185

1524.661944

1973.237914

2643.972432

3666.137766

5173.272018

4162.432432

2941.679370

2172.864691

1674.906698

1343.914388

1112.359461

952.736614

839.809028

768.128566

725.971494

715.812772

732.020606

782.307638

863.649075

985.683837

1136.739889

1311.073118

1463.213052

1564.621439

1573.834599

1517.686466

1425.546251

1366.498899

1384.913905

1569.080319

2080.828900

3643.495014

9090.707409

44204.613414

335843.575232

335843.577405

44204.613639

9090.707420

3643.495015

2080.828899

1569.080319

1384.913904

1366.498899

1425.546250

1517.686466

1573.834600

1564.621439

1463.213053

1311.073118

1136.739890

985.683838

863.649075

782.307638

732.020606

715.812772

725.971494

768.128566

839.809028

952.736614

1112.359462

1343.914389

1674.906698

2172.864691

2941.679371

4162.432433

3218.589260

2335.626244

1795.252996

1448.495214

1210.460287

1045.449801

925.939690

847.063562

797.118416

780.337135

790.798593

838.376233

919.938525

1048.925424

1213.518380

1410.556316

1583.484851

1691.619280

1673.699464

1558.762059

1385.090262

1229.958085

1129.339268

1132.091192

1298.665772

1852.419547

3719.705194

8513.593072

24622.485950

147217.453170

147217.454707

24622.486124

8513.593095

3719.705197

1852.419547

1298.665772

1132.091192

1129.339268

1229.958084

1385.090262

1558.762059

1673.699464

1691.619280

1583.484851

1410.556317

1213.518380

1048.925424

919.938525

838.376233

790.798593

780.337135

797.118416

847.063562

925.939690

1045.449802

1210.460287

1448.495215

1795.252997

2335.626244

3218.589261

2424.147173

1852.060138

1501.507093

1273.163289

1119.632775

1009.280505

935.780218

887.671006

871.517109

882.170411

933.098248

1021.958635

1168.276198

1360.916993

1602.931904

1822.439459

1962.512988

1925.175512

1745.469447

1477.669481

1228.084549

1035.497014

933.830422

939.068558

1130.282445

1811.825053

4020.308238

8314.258480

17910.067096

80475.473502

80475.474627

17910.067250

8314.258515

4020.308243

1811.825053

1130.282445

939.068558

933.830422

1035.497014

1228.084549

1477.669482

1745.469448

1925.175512

1962.512989

1822.439459

1602.931905

1360.916994

1168.276199

1021.958635

933.098248

882.170411

871.517109

887.671006

935.780218

1009.280505

1119.632775

1273.163290

1501.507094

1852.060138

2424.147174

1812.563652

1478.628668

1272.045935

1143.072558

1058.069796

1006.684770

976.448282

974.682146

997.552017

1063.159842

1171.825684

1352.575532

1597.995891

1924.250461

2240.581656

2467.941523

2436.064107

2180.881312

1775.799610

1393.170623

1087.924152

893.314594

798.064720

823.075459

1055.211623

1921.293411

4519.633381

9010.080519

18636.568362

71559.659959

71559.661005

18636.568545

9010.080568

4519.633391

1921.293412

1055.211623

823.075459

798.064720

893.314594

1087.924152

1393.170624

1775.799611

2180.881313

2436.064109

2467.941524

2240.581657

1924.250461

1597.995891

1352.575533

1171.825684

1063.159843

997.552017

974.682146

976.448283

1006.684770

1058.069796

1143.072558

1272.045935

1478.628668

1812.563652

1361.547371

1194.362107

1096.704093

1044.825906

1027.059572

1030.384195

1060.094901

1112.875261

1210.553881

1358.306762

1598.505297

1933.997621

2404.879286

2901.636380

3319.544502

3361.293380

3041.763294

2428.164011

1823.830072

1329.853226

1004.485198

808.863534

731.296505

779.698511

1084.876811

2234.267314

5035.774118

11058.173991

21741.270347

74198.071721

74198.072634

21741.270566

11058.174062

5035.774133

2234.267316

1084.876811

779.698510

731.296505

808.863534

1004.485198

1329.853227

1823.830073

2428.164013

3041.763297

3361.293383

3319.544505

2901.636382

2404.879287

1933.997622

1598.505298

1358.306763

1210.553881

1112.875261

1060.094901

1030.384195

1027.059572

1044.825906

1096.704093

1194.362107

1361.547372

1040.467089

980.942409

961.386548

976.694581

1018.194478

1089.492908

1187.743091

1335.816705

1545.067345

1873.813296

2345.937466

3039.565763

3833.011874

4589.834229

4834.958968

4546.537438

3688.179931

2740.119634

1898.039821

1333.191741

977.362396

790.697360

728.515443

821.962708

1273.545226

2832.752535

6151.249239

13095.755867

24712.442102

59498.845013

59498.845428

24712.442324

13095.755952

6151.249260

2832.752538

1273.545226

821.962708

728.515443

790.697360

977.362396

1333.191742

1898.039822

2740.119638

3688.179937

4546.537446

4834.958976

4589.834236

3833.011878

3039.565765

2345.937467

1873.813296

1545.067346

1335.816705

1187.743092

1089.492908

1018.194478

976.694582

961.386548

980.942410

1040.467089

813.523372

821.468307

860.174647

929.881918

1036.417211

1180.642091

1385.389056

1668.572009

2103.454762

2746.106576

3726.969327

4928.608588

6155.825484

6736.675252

6656.002771

5714.046982

4463.801185

3087.901553

2071.909671

1395.119993

1021.437282

830.747377

798.535412

977.823284

1740.115903

4106.288802

7722.593132

15744.284222

25063.670544

45386.937599

45386.937669

25063.670703

15744.284317

7722.593156

4106.288807

1740.115903

977.823284

798.535412

830.747377

1021.437282

1395.119994

2071.909673

3087.901558

4463.801195

5714.046997

6656.002788

6736.675267

6155.825494

4928.608594

3726.969330

2746.106577

2103.454763

1668.572009

1385.389056

1180.642091

1036.417211

929.881918

860.174648

821.468307

813.523372

655.282222

704.141396

784.262811

905.377436

1075.529587

1319.598586

1662.963780

2188.383625

2985.763569

4242.763226

5875.713817

7601.660034

8559.147570

8754.921208

8000.399725

6879.822075

5195.310603

3602.933401

2305.225512

1544.861945

1115.954382

934.127771

944.283972

1290.474671

2737.128636

5918.335662

11309.928902

17420.081178

23469.689213

30292.119904

30292.119882

23469.689284

17420.081255

11309.928932

5918.335665

2737.128635

1290.474671

944.283973

934.127771

1115.954383

1544.861946

2305.225515

3602.933409

5195.310618

6879.822099

8000.399754

8754.921238

8559.147595

7601.660050

5875.713825

4242.763230

2985.763570

2188.383626

1662.963780

1319.598586

1075.529587

905.377437

784.262811

704.141396

655.282222

545.288660

618.769678

731.303285

896.721041

1142.893817

1503.454901

2064.010919

2936.246221

4349.438012

6293.420444

8436.915061

9759.922732

10180.794000

9653.244478

8898.606529

7595.189242

6052.659144

4106.315914

2649.711727

1716.040885

1261.519808

1071.255617

1160.848555

1843.681049

4084.020224

8027.950499

14152.976351

20508.142246

20012.256858

18710.329481

18710.329427

20012.256857

20508.142306

14152.976370

8027.950495

4084.020221

1843.681049

1160.848555

1071.255618

1261.519809

1716.040887

2649.711732

4106.315925

6052.659167

7595.189275

8898.606571

9653.244521

10180.794040

9759.922763

8436.915081

6293.420453

4349.438016

2936.246222

2064.010920

1503.454901

1142.893817

896.721041

731.303285

618.769678

545.288660

470.723824

559.368106

695.687694

906.669258

1230.612998

1750.232673

2583.013459

3968.445140

5995.227313

8404.549708

10113.012368

10804.272173

10470.633844

9883.333379

9011.054778

8150.666462

6548.041274

4665.987002

2894.926626

1902.392140

1373.057202

1216.760180

1406.810633

2594.842423

5711.874901

8827.380090

14835.666844

18018.844841

23774.744875

32979.260597

32979.260529

23774.744830

18018.844835

14835.666841

8827.380071

5711.874890

2594.842422

1406.810633

1216.760180

1373.057204

1902.392143

2894.926633

4665.987018

6548.041305

8150.666506

9011.054828

9883.333432

10470.633895

10804.272218

10113.012401

8404.549727

5995.227322

3968.445143

2583.013460

1750.232674

1230.612998

906.669258

695.687694

559.368106

470.723824

422.415095

520.393538

677.572430

928.674492

1345.318947

2037.364648

3225.879209

5082.190556

7532.470239

9621.604032

10747.066750

10730.171196

10243.278073

9513.668874

8958.650298

8110.171538

6903.590395

4787.274674

3047.530409

1921.906856

1428.286987

1268.102082

1600.997329

3617.615235

6582.983218

10248.143758

11187.696956

13594.474412

16667.890973

23455.480221

23455.480110

16667.890886

13594.474340

11187.696910

10248.143709

6582.983190

3617.615229

1600.997330

1268.102083

1428.286988

1921.906859

3047.530417

4787.274695

6903.590434

8110.171590

8958.650356

9513.668932

10243.278131

10730.171249

10747.066793

9621.604061

7532.470254

5082.190563

3225.879212

2037.364649

1345.318947

928.674492

677.572430

520.393538

422.415095

395.188262

499.895801

672.867758

966.325187

1468.541637

2361.110908

3850.585669

6060.365268

8368.251034

10033.573122

10561.772160

10361.561862

9746.772810

9193.857074

8604.624474

8032.420723

6612.977875

4670.015104

2803.718728

1814.841760

1300.740364

1211.834493

1608.455406

4255.865652

6854.743534

9826.564152

11015.476738

11728.301425

15645.584785

23886.361283

23886.361204

15645.584672

11728.301310

11015.476627

9826.564071

6854.743483

4255.865640

1608.455406

1211.834494

1300.740365

1814.841764

2803.718737

4670.015126

6612.977917

8032.420781

8604.624535

9193.857136

9746.772870

10361.561918

10561.772208

10033.573157

8368.251055

6060.365278

3850.585673

2361.110909

1468.541638

966.325188

672.867758

499.895801

395.188262

386.258841

495.358585

683.695319

1010.105081

1601.367210

2643.210898

4371.500852

6566.425335

8630.718336

9832.698500

10208.748441

9914.909156

9419.760368

8876.929446

8450.008264

7630.378854

6206.552880

3978.313957

2408.313384

1471.337538

1078.661921

970.156676

1388.084219

4495.256209

5945.402838

9276.989249

11835.457201

15743.363900

16308.901392

19963.311139

19963.311067

16308.901247

15743.363684

11835.457048

9276.989131

5945.402772

4495.256188

1388.084218

970.156676

1078.661922

1471.337541

2408.313392

3978.313976

6206.552921

7630.378912

8450.008330

8876.929511

9419.760431

9914.909214

10208.748491

9832.698539

8630.718361

6566.425348

4371.500857

2643.210900

1601.367211

1010.105081

683.695319

495.358585

386.258841

395.311055

508.016419

706.306751

1064.179598

1708.460687

2865.775775

4611.846728

6699.560949

8404.798908

9482.234729

9808.659472

9644.424810

9216.110947

8829.726174

8291.271304

7379.325739

5333.555773

3232.191013

1792.702950

1102.750445

756.304334

691.422570

947.205655

3422.669053

5298.908841

8691.240785

14551.640458

19423.077642

17968.625319

20418.722971

20418.722929

17968.625139

19423.077405

14551.640242

8691.240629

5298.908757

3422.669033

947.205654

691.422570

756.304335

1102.750447

1792.702955

3232.191027

5333.555808

7379.325798

8291.271372

8829.726243

9216.111012

9644.424870

9808.659523

9482.234767

8404.798933

6699.560963

4611.846734

2865.775777

1708.460688

1064.179598

706.306751

508.016419

395.311055

424.645739

537.827581

744.742729

1114.860298

1794.824721

2944.197234

4643.734415

6456.847130

8017.779875

9020.591543

9515.434498

9486.626707

9239.857527

8895.628664

8423.340410

6928.709681

4503.142767

2347.051047

1270.072977

721.718105

495.310236

422.052185

575.686926

2046.152578

5076.948197

10553.830031

13236.239917

19703.238973

18636.255848

13923.973584

13923.973520

18636.255712

19703.238793

13236.239677

10553.829767

5076.948097

2046.152566

575.686925

422.052185

495.310236

721.718106

1270.072980

2347.051056

4503.142795

6928.709736

8423.340482

8895.628736

9239.857595

9486.626768

9515.434548

9020.591580

8017.779900

6456.847144

4643.734422

2944.197236

1794.824722

1114.860298

744.742729

537.827581

424.645739

479.650395

589.594131

794.986840

1169.701363

1824.577431

2928.722579

4420.265419

6076.701631

7458.402744

8564.144162

9235.280194

9478.724470

9365.876805

9227.238182

8590.036930

6624.526911

3513.922715

1673.147883

820.205081

460.801278

298.646700

254.969726

316.101780

1034.680751

6559.998772

10374.683574

17398.166355

15544.232979

26456.317348

19030.918724

19030.918660

26456.317304

15544.232783

17398.165983

10374.683279

6559.998600

1034.680747

316.101779

254.969726

298.646700

460.801278

820.205083

1673.147888

3513.922733

6624.526963

8590.037005

9227.238260

9365.876877

9478.724532

9235.280243

8564.144197

7458.402767

6076.701644

4420.265426

2928.722581

1824.577432

1169.701364

794.986840

589.594131

479.650395

571.054010

666.415859

863.680074

1214.421766

1827.727481

2778.967421

4105.510727

5503.871867

6865.703101

7996.007408

8960.797706

9494.790692

9673.454385

9624.749218

9082.832840

6131.195818

2744.319962

1136.178500

535.167956

285.663185

187.254521

152.631957

187.708690

524.839582

7483.656573

13902.746347

12723.556079

14138.521879

13184.816921

26183.014678

26183.014989

13184.816982

14138.521648

12723.555792

13902.745924

7483.656352

524.839580

187.708690

152.631957

187.254521

285.663185

535.167956

1136.178503

2744.319974

6131.195862

9082.832921

9624.749301

9673.454460

9494.790754

8960.797752

7996.007439

6865.703120

5503.871878

4105.510733

2778.967423

1827.727482

1214.421766

863.680074

666.415859

571.054010

717.314990

778.671524

947.117392

1264.656477

1782.980951

2594.324828

3642.287196

4900.756728

6100.515527

7343.332150

8511.325802

9531.391385

9999.727256

10293.050321

9583.981847

5849.453658

2091.864306

800.931631

356.056215

189.196793

120.964228

101.040980

118.029083

326.999605

8957.241477

12126.611515

8189.783650

12755.635602

19042.769508

25392.927996

25392.928092

19042.769746

12755.635592

8189.783497

12126.611129

8957.241188

326.999605

118.029083

101.040980

120.964228

189.196794

356.056215

800.931632

2091.864313

5849.453696

9583.981930

10293.050410

9999.727333

9531.391445

8511.325842

7343.332176

6100.515542

4900.756736

3642.287200

2594.324830

1782.980952

1264.656477

947.117392

778.671524

717.314990

951.655501

935.010855

1056.634658

1310.112379

1738.565035

2347.554508

3187.787943

4140.875950

5281.278705

6425.187009

7834.285079

9334.300176

10478.700654

10921.964674

10517.059317

5524.288500

1693.807146

594.622122

259.243021

135.080009

86.037804

71.117960

89.344362

224.449950

5232.404842

6350.586897

10437.581909

27464.895825

22001.400005

19484.450854

19484.450831

22001.399962

27464.896080

10437.581811

6350.586766

5232.404702

224.449950

89.344362

71.117960

86.037804

135.080009

259.243022

594.622122

1693.807150

5524.288533

10517.059406

10921.964768

10478.700733

9334.300231

7834.285112

6425.187029

5281.278717

4140.875956

3187.787946

2347.554510

1738.565036

1310.112379

1056.634658

935.010855

951.655501

1330.507342

1156.286412

1191.292855

1374.390740

1679.967668

2132.682231

2689.348554

3424.185972

4253.767845

5371.788886

6706.768947

8770.716539

10831.277022

11904.219598

11286.985363

5736.355533

1476.899683

491.508215

209.468983

108.424477

67.754649

54.681903

73.930354

286.005363

1937.511233

6620.470611

25844.606811

21294.443283

17654.895005

22459.739989

22459.739907

17654.894966

21294.442919

25844.606309

6620.470458

1937.511196

286.005362

73.930354

54.681903

67.754649

108.424477

209.468983

491.508215

1476.899687

5736.355563

11286.985455

11904.219699

10831.277100

8770.716584

6706.768971

5371.788899

4253.767852

3424.185976

2689.348556

2132.682232

1679.967669

1374.390741

1191.292855

1156.286412

1330.507342

1949.885802

1462.596886

1371.051916

1450.681118

1651.357191

1922.186662

2285.026951

2700.140970

3307.945459

4081.970800

5348.346061

7423.147938

10986.089372

13005.445318

12535.339883

6309.306869

1476.672013

460.553925

192.783075

98.299029

61.052375

46.814149

56.837510

568.967097

18820.024473

28741.629480

11928.811243

12320.570465

19549.707938

26801.210896

26801.211064

19549.707959

12320.570200

11928.810831

28741.628609

18820.023819

568.967095

56.837510

46.814149

61.052375

98.299029

192.783075

460.553925

1476.672016

6309.306901

12535.339982

13005.445425

10986.089445

7423.147969

5348.346076

4081.970807

3307.945463

2700.140973

2285.026952

1922.186663

1651.357191

1450.681118

1371.051916

1462.596886

1949.885801

2952.800418

1896.398856

1600.854139

1566.239415

1636.578758

1776.309571

1932.841204

2155.750826

2438.576910

2972.453136

3801.996647

5582.122764

9886.867531

14867.584813

13544.691678

7907.836591

1722.444898

495.420151

202.619930

102.749886

62.582926

48.129910

44.830782

198.029930

175582.376996

19051.445680

7434.741980

14305.269359

21154.127139

28564.710306

28564.710378

21154.127041

14305.269182

7434.741864

19051.445389

175582.363157

198.029930

44.830782

48.129910

62.582926

102.749886

202.619930

495.420151

1722.444901

7907.836632

13544.691782

14867.584930

9886.867587

5582.122782

3801.996654

2972.453139

2438.576912

2155.750827

1932.841205

1776.309572

1636.578759

1566.239415

1600.854139

1896.398855

2952.800417

4511.067850

2499.300173

1912.602144

1715.155199

1669.512968

1665.763958

1696.348205

1732.976600

1849.392033

2064.298959

2602.529944

3634.400750

7085.006953

16520.029580

16450.342799

9087.006010

2421.044029

611.443518

241.113644

122.908501

76.203212

56.671076

56.914079

82.186500

8347.490103

25421.890738

39582.649842

17344.385438

22948.473796

26699.977411

26699.977341

22948.473875

17344.385584

39582.649699

25421.890917

8347.490011

82.186500

56.914079

56.671076

76.203212

122.908501

241.113644

611.443519

2421.044033

9087.006059

16450.342927

16520.029703

7085.006982

3634.400758

2602.529947

2064.298961

1849.392035

1732.976601

1696.348206

1665.763958

1669.512968

1715.155200

1912.602144

2499.300173

4511.067849

6700.984491

3342.020782

2315.131525

1928.123360

1735.682389

1625.323004

1530.510740

1472.078698

1441.960762

1513.541267

1722.108509

2331.565151

3896.666077

13825.335718

21570.317404

11271.774962

3667.289394

825.497626

325.655099

163.298517

107.619700

83.801043

88.456164

115.931669

172.786176

501.533597

29294.949927

49731.674685

28870.370510

29496.918216

29496.917770

28870.370787

49731.675394

29294.950596

501.533597

172.786176

115.931669

88.456164

83.801043

107.619700

163.298517

325.655099

825.497626

3667.289403

11271.775030

21570.317573

13825.335803

3896.666087

2331.565154

1722.108510

1513.541268

1441.960763

1472.078699

1530.510741

1625.323004

1735.682389

1928.123361

2315.131525

3342.020782

6700.984490

9369.087511

4447.738222

2850.050293

2201.662850

1868.111466

1634.123498

1458.820996

1308.804742

1212.915959

1168.226647

1235.949528

1476.285328

2190.060891

5956.324164

31049.945940

16767.015071

5013.867664

1230.464695

452.704231

239.520820

161.165717

148.666041

144.346775

177.012035

263.290073

185.191302

149.182998

25203.484476

72695.719457

53861.174937

53861.175140

72695.717949

25203.485090

149.182999

185.191302

263.290073

177.012035

144.346775

148.666041

161.165717

239.520820

452.704231

1230.464695

5013.867682

16767.015183

31049.946187

5956.324186

2190.060894

1476.285329

1235.949529

1168.226647

1212.915960

1308.804743

1458.820997

1634.123499

1868.111467

2201.662851

2850.050293

4447.738222

9369.087511

12063.850601

5810.158881

3512.873447

2575.140095

2061.083183

1722.894901

1454.199554

1248.519392

1086.403892

989.222551

953.823116

1032.761368

1313.602234

2284.692359

19921.156215

30188.731849

8869.910778

1964.977718

627.256172

347.561752

251.175993

232.228831

273.339083

270.121985

532.228295

2239.015546

2533.123103

2.418983

2396.518112

111967.722369

111967.719105

2396.518256

2.418983

2533.123085

2239.015529

532.228293

270.121984

273.339083

232.228831

251.175993

347.561753

627.256172

1964.977719

8869.910823

30188.732099

19921.156342

2284.692363

1313.602236

1032.761368

953.823117

989.222552

1086.403892

1248.519393

1454.199554

1722.894901

2061.083183

2575.140095

3512.873447

5810.158881

12063.850604

14377.052961

7244.532982

4323.398885

3044.063319

2356.045449

1885.887102

1539.539507

1262.488291

1056.004270

903.411516

816.871233

791.604636

889.603025

1146.234895

3651.504294

51219.952241

17976.388877

3834.115226

1023.371287

429.304011

366.320621

335.499452

390.594429

533.665953

594.136841

1700.227817

17991.308786

4.429431

6.352647

107368.926024

107368.928542

6.352647

4.429431

17991.308649

1700.227808

594.136840

533.665952

390.594429

335.499452

366.320622

429.304011

1023.371287

3834.115237

17976.389003

51219.952681

3651.504304

1146.234896

889.603026

791.604637

816.871233

903.411516

1056.004271

1262.488291

1539.539507

1885.887102

2356.045450

3044.063320

4323.398885

7244.532982

14377.052966

15939.978946

8577.081795

5196.505348

3644.298601

2754.756874

2162.422929

1711.229707

1367.395013

1098.370428

901.597095

760.974645

683.311746

658.662562

770.856931

1025.202593

19127.929668

44547.035611

12153.803139

2771.783540

720.210721

361.783294

511.290022

522.972259

739.695195

707.584100

429.869304

4.004163

0.037392

425239589.970011

120.023264

120.023265

425239590.147830

0.037392

4.004163

429.869304

707.584099

739.695194

522.972259

511.290022

361.783294

720.210721

2771.783543

12153.803209

44547.036007

19127.929759

1025.202594

770.856931

658.662563

683.311746

760.974645

901.597095

1098.370429

1367.395013

1711.229707

2162.422930

2754.756875

3644.298601

5196.505348

8577.081795

15939.978953

16691.765112

9547.922155

6086.917587

4335.848224

3299.797478

2561.276552

2005.271367

1566.190657

1228.343824

969.127643

779.190910

645.639310

567.672577

548.442606

597.440500

1201.097025

155749.651566

28527.429576

12170.977001

4773.210093

713.534918

393.866138

1063.940583

1028.519080

675.177729

106.960338

1.290883

0.019864

105500.081220

13.243608

13.243608

105500.081360

0.019864

1.290883

106.960338

675.177729

1028.519080

1063.940583

393.866138

713.534918

4773.210096

12170.977044

28527.429772

155749.652277

1201.097027

597.440500

548.442606

567.672577

645.639311

779.190910

969.127643

1228.343824

1566.190657

2005.271368

2561.276552

3299.797479

4335.848224

6086.917587

9547.922156

16691.765120

16538.046178

10141.914023

6857.739281

5116.676721

3973.624841

3125.272806

2440.152804

1893.287244

1459.029502

1121.152727

865.879904

674.488666

546.231860

455.611816

456.865054

439.275914

2055.250072

565530.618887

28957.394690

26437.107668

14284.516926

1784.045140

748.229949

1283.415112

303.476910

48.999379

1.626626

0.159502

28926188977.407887

1483.549193

1483.549193

28926188980.294815

0.159502

1.626626

48.999379

303.476910

1283.415111

748.229949

1784.045139

14284.516921

26437.107682

28957.394777

565530.619343

2055.250075

439.275915

456.865054

455.611816

546.231860

674.488666

865.879904

1121.152727

1459.029502

1893.287244

2440.152804

3125.272806

3973.624842

5116.676722

6857.739282

10141.914025

16538.046185

15699.585109

10291.874068

7504.553410

5897.403994

4782.277791

3851.791886

3056.276436

2380.404593

1824.406046

1383.955456

1035.062158

777.225085

578.544745

455.789215

360.939043

351.941143

357.784326

5175.949514

279584.433706

90442.003239

294284.045192

22599.794757

8991.867410

492.253560

180.306688

47.320184

2.267697

0.130830

188188218.360610

7659.729039

7659.729042

188188218.407058

0.130830

2.267697

47.320184

180.306688

492.253560

8991.867385

22599.794598

294284.042038

90442.002917

279584.433274

5175.949519

357.784326

351.941143

360.939043

455.789215

578.544745

777.225085

1035.062158

1383.955456

1824.406046

2380.404594

3056.276436

3851.791887

4782.277792

5897.403994

7504.553411

10291.874071

15699.585115

14305.845107

10162.678645

7950.837940

6659.579876

5652.930138

4739.680646

3864.245968

3063.953740

2373.163672

1791.234550

1330.777730

961.957222

696.051433

496.145112

370.697413

294.487033

258.481417

304.423370

6790.532805

55278.697305

102957.797488

53996.646334

96612.411483

25621.869342

805.753451

130.807633

6.737462

0.142951

73341008403.077515

27491298.074303

27491298.286981

73341008407.563721

0.142951

6.737462

130.807633

805.753451

25621.868985

96612.409869

53996.646045

102957.797041

55278.697371

6790.532812

304.423370

258.481417

294.487033

370.697413

496.145112

696.051433

961.957222

1330.777731

1791.234551

2373.163672

3063.953740

3864.245968

4739.680647

5652.930139

6659.579877

7950.837941

10162.678647

14305.845112

12730.702169

9775.204598

8256.973655

7313.463780

6542.212884

5721.409649

4847.144401

3967.443165

3138.034271

2412.182906

1789.274448

1292.968620

904.951738

624.363751

436.930906

304.071951

244.876823

198.809786

220.561438

1547.255282

1616613.155438

15083.165652

142985.076944

24277.921524

181885.003536

14046.794833

141489.290827

1.601425

21164725483.633011

13372907.294689

13372907.317199

21164725482.368336

1.601425

141489.295402

14046.794743

181885.002357

24277.921470

142985.076136

15083.165688

1616613.155489

1547.255283

220.561438

198.809786

244.876823

304.071951

436.930907

624.363751

904.951738

1292.968621

1789.274449

2412.182907

3138.034272

3967.443165

4847.144402

5721.409650

6542.212885

7313.463781

8256.973656

9775.204600

12730.702173

11119.464757

9306.189962

8383.176979

7860.071344

7348.470086

6722.413576

5937.525813

5056.281822

4153.059187

3283.186692

2497.689790

1825.102829

1276.134354

877.785291

577.877531

405.773394

271.633187

220.107438

172.468251

157.958421

180.930454

2005.294544

70524.832051

1805.801416

50050.979159

1875.994436

34429.151410

158.167007

15.580720

10659123395.800112

10659123393.117065

15.580720

158.167007

34429.151393

1875.994443

50050.979419

1805.801425

70524.831889

2005.294549

180.930454

157.958421

172.468251

220.107438

271.633187

405.773394

577.877531

877.785291

1276.134354

1825.102830

2497.689791

3283.186693

4153.059187

5056.281823

5937.525814

6722.413577

7348.470087

7860.071345

8383.176981

9306.189964

11119.464759

9714.556090

8754.053093

8406.166918

8234.457600

8031.617158

7631.704358

7033.220647

6256.639059

5375.023077

4435.217496

3517.994988

2642.481066

1918.909241

1302.831002

897.302665

578.850372

415.340809

284.704603

242.236721

236.393744

222.730390

117.371053

105.403110

94.041351

61.449446

197.824283

463.017887

280.773343

22.468559

0.433768

0.433768

22.468559

280.773343

463.017887

197.824283

61.449446

94.041351

105.403110

117.371053

222.730390

236.393744

242.236721

284.704603

415.340809

578.850372

897.302665

1302.831003

1918.909242

2642.481067

3517.994989

4435.217497

5375.023078

6256.639061

7033.220648

7631.704359

8031.617160

8234.457601

8406.166919

8754.053094

9714.556092

8503.524551

8237.658408

8298.842947

8469.183117

8518.774823

8384.283673

8014.597076

7454.155435

6702.129637

5836.911838

4836.380415

3864.902753

2868.952004

2090.981372

1401.026884

977.822816

642.596423

476.296338

368.700549

329.272776

314.766793

473.778122

1284.854973

496.248556

178.301196

180.527239

245.621442

36.550748

14.668495

196.499500

196.499500

14.668495

36.550748

245.621442

180.527239

178.301196

496.248557

1284.854974

473.778122

314.766793

329.272776

368.700549

476.296338

642.596423

977.822816

1401.026884

2090.981372

2868.952005

3864.902754

4836.380417

5836.911839

6702.129639

7454.155436

8014.597078

8384.283675

8518.774825

8469.183118

8298.842948

8237.658409

8503.524552

7554.275176

7724.897202

8137.809255

8537.998603

8825.215347

8910.417753

8811.653494

8502.124924

8023.983285

7300.676257

6449.218736

5350.719554

4307.386582

3174.146188

2323.860253

1562.829853

1095.851013

750.445009

560.952758

448.979413

443.469265

599.451078

648.779357

674.382876

437.426614

404.770153

180.923288

226.979161

2019.549590

1189.666190

1189.666191

2019.549595

226.979161

180.923288

404.770153

437.426615

674.382877

648.779357

599.451078

443.469265

448.979413

560.952758

750.445009

1095.851013

1562.829853

2323.860254

3174.146189

4307.386583

5350.719556

6449.218739

7300.676260

8023.983288

8502.124926

8811.653496

8910.417755

8825.215349

8537.998604

8137.809256

7724.897203

7554.275177

6776.716408

7285.655322

7910.368060

8502.886614

8941.860060

9226.713923

9347.644502

9332.191870

9111.388801

8717.434594

7986.834182

7105.595751

5875.168326

4721.452747

3460.793277

2502.695292

1682.727378

1149.848104

783.505637

580.667275

489.762746

431.526151

451.372769

430.825116

534.193144

519.079944

819.036064

3171.366369

10533.555157

10755.788803

10755.788811

10533.555216

3171.366378

819.036065

519.079945

534.193144

430.825116

451.372769

431.526151

489.762746

580.667275

783.505637

1149.848104

1682.727378

2502.695292

3460.793278

4721.452748

5875.168328

7105.595754

7986.834185

8717.434597

9111.388804

9332.191873

9347.644504

9226.713924

8941.860061

8502.886615

7910.368060

7285.655323

6776.716408

6174.537375

6880.151074

7680.581716

8379.620456

8928.639916

9336.281259

9636.760886

9821.394440

9886.301355

9714.058948

9332.893178

8534.684371

7549.798388

6188.134926

4882.014595

3524.773534

2451.021154

1600.524470

1050.158027

710.873417

504.364036

406.466578

345.801881

367.386594

410.792020

671.498280

1567.933369

4468.892640

94631.414427

61279.420795

61279.420940

94631.414972

4468.892666

1567.933374

671.498280

410.792020

367.386594

345.801881

406.466578

504.364036

710.873417

1050.158027

1600.524470

2451.021154

3524.773534

4882.014596

6188.134928

7549.798391

8534.684374

9332.893181

9714.058951

9886.301358

9821.394443

9636.760889

9336.281261

8928.639918

8379.620457

7680.581717

6880.151075

6174.537376

5656.832260

6546.770014

7456.349302

8224.350467

8822.669613

9283.022464

9663.772195

9968.980633

10172.602499

10235.065411

10030.820376

9567.826486

8675.048749

7541.432751

6087.141971

4638.631672

3242.486798

2148.898560

1370.318560

878.229513

598.578986

434.785359

368.566772

346.074203

413.501158

590.233318

1062.349914

3403.592986

30049.376319

109752.188094

109752.187825

30049.376614

3403.593006

1062.349915

590.233318

413.501158

346.074203

368.566772

434.785359

598.578986

878.229513

1370.318560

2148.898560

3242.486799

4638.631673

6087.141973

7541.432754

8675.048752

9567.826490

10030.820380

10235.065415

10172.602503

9968.980636

9663.772197

9283.022465

8822.669615

8224.350468

7456.349303

6546.770014

5656.832260

5217.816779

6259.127546

7276.583391

8081.433106

8645.326426

9085.759840

9438.689676

9762.543317

10015.591805

10174.552260

10162.984820

9893.903180

9318.457124

8360.543146

7102.906934

5615.698581

4122.312515

2810.161105

1821.387814

1177.887867

781.796439

569.662537

452.408318

424.774818

453.271184

586.188835

807.657847

1128.209590

1717.469975

1902.661736

1902.661739

1717.469978

1128.209590

807.657848

586.188835

453.271184

424.774818

452.408318

569.662537

781.796439

1177.887867

1821.387814

2810.161105

4122.312516

5615.698582

7102.906937

8360.543149

9318.457127

9893.903184

10162.984824

10174.552264

10015.591808

9762.543320

9438.689678

9085.759842

8645.326427

8081.433107

7276.583391

6259.127547

5217.816779

4766.324362

6048.086314

7197.104475

7938.229150

8402.292407

8698.285901

8991.293918

9254.428399

9523.929529

9721.173486

9845.802019

9782.820875

9498.304090

8863.267706

7901.779170

6593.848475

5155.754592

3723.125530

2563.804714

1704.681149

1172.055556

835.957681

665.282531

570.866371

572.121349

608.162344

741.969319

940.492950

1151.237410

1311.570385

1311.570385

1151.237409

940.492950

741.969319

608.162344

572.121349

570.866371

665.282531

835.957681

1172.055556

1704.681149

2563.804714

3723.125530

5155.754593

6593.848476

7901.779172

8863.267709

9498.304094

9782.820878

9845.802023

9721.173489

9523.929532

9254.428401

8991.293919

8698.285902

8402.292408

7938.229151

7197.104475

6048.086314

4766.324362

4312.433275

5963.845171

7204.193590

7778.109351

7935.535318

8123.395599

8325.361881

8594.181017

8855.178084

9146.395417

9380.867239

9580.214050

9590.149897

9413.592800

8831.150052

7948.972677

6644.149631

5273.739280

3865.233148

2774.002728

1920.257694

1393.570588

1020.049973

825.743397

680.078081

637.153808

608.991714

640.843207

672.617214

709.151619

709.151619

672.617214

640.843207

608.991714

637.153808

680.078081

825.743397

1020.049973

1393.570588

1920.257694

2774.002729

3865.233149

5273.739282

6644.149633

7948.972680

8831.150056

9413.592803

9590.149900

9580.214053

9380.867242

9146.395420

8855.178086

8594.181019

8325.361882

8123.395600

7935.535318

7778.109351

7204.193591

5963.845171

4312.433275

3720.174415

6120.648998

7295.885502

7164.561306

7193.695249

7324.328477

7584.416193

7882.895925

8255.080407

8655.594491

9135.177082

9616.392841

10132.947209

10489.675147

10684.269205

10345.991048

9608.603299

8157.606531

6562.072870

4750.500052

3339.918183

2179.983200

1469.750995

963.578961

694.266064

503.887643

412.008416

345.001925

318.700513

301.965401

301.965401

318.700513

345.001925

412.008416

503.887643

694.266064

963.578961

1469.750995

2179.983201

3339.918184

4750.500055

6562.072874

8157.606536

9608.603305

10345.991054

10684.269210

10489.675152

10132.947213

9616.392845

9135.177084

8655.594493

8255.080408

7882.895926

7584.416193

7324.328478

7193.695250

7164.561306

7295.885502

6120.648998

3720.174415

3344.305890

6708.150249

6072.034867

5992.064679

6164.146028

6486.736071

6870.736105

7330.986025

7864.570273

8527.635256

9330.860784

10350.665138

11557.056177

12969.007444

14307.729471

15277.300929

15048.372994

13473.495355

10459.575476

7259.623938

4399.684470

2535.555678

1374.505975

781.669554

445.495494

282.122287

185.296070

138.411224

110.194293

99.656276

99.656276

110.194293

138.411224

185.296070

282.122287

445.495494

781.669554

1374.505976

2535.555679

4399.684472

7259.623943

10459.575485

13473.495366

15048.373008

15277.300942

14307.729482

12969.007452

11557.056182

10350.665142

9330.860786

8527.635258

7864.570274

7330.986026

6870.736105

6486.736071

6164.146028

5992.064679

6072.034868

6708.150249

3344.305891

2098.898545

3366.247277

3839.592512

4564.004328

5178.454518

5788.891469

6405.593931

7097.166532

7921.633552

8955.815163

10302.892272

12085.643849

14382.651933

17161.451582

19796.383817

21276.950400

20135.478966

16589.045971

11624.117696

7107.140154

3752.366971

1795.764736

825.004766

381.972890

188.923681

98.035772

57.064701

35.901691

26.415254

22.220208

22.220208

26.415254

35.901691

57.064701

98.035772

188.923681

381.972890

825.004766

1795.764737

3752.366973

7107.140158

11624.117702

16589.045981

20135.478982

21276.950420

19796.383836

17161.451596

14382.651943

12085.643855

10302.892275

8955.815164

7921.633553

7097.166533

6405.593932

5788.891470

5178.454518

4564.004329

3839.592513

3366.247277

2098.898545

