AXIS X

0.000000 0.000500 0.001000 0.001500 0.002000 0.002500 0.003000 0.003500 0.004000 0.004500 0.005000 0.005500 0.006000 0.006500 0.007000 0.007500 0.008000 0.008500 0.009000 0.009500 0.010000 0.010500 0.011000 0.011500 0.012000 0.012500 0.013000 0.013500 0.014000 0.014500 0.015000 0.015500 0.016000 0.016500 0.017000 0.017500 0.018000 0.018500 0.019000 0.019500 0.020000 0.020500 0.021000 0.021500 0.022000 0.022500 0.023000 0.023500 0.024000 0.024500 0.025000 0.025500 0.026000 0.026500 0.027000 0.027500 0.028000 0.028500 0.029000 0.029500 

AXIS Y

0.000000 0.000500 0.001000 0.001500 0.002000 0.002500 0.003000 0.003500 0.004000 0.004500 0.005000 0.005500 0.006000 0.006500 0.007000 0.007500 0.008000 0.008500 0.009000 0.009500 0.010000 0.010500 0.011000 0.011500 0.012000 0.012500 0.013000 0.013500 0.014000 0.014500 0.015000 0.015500 0.016000 0.016500 0.017000 0.017500 0.018000 0.018500 0.019000 0.019500 0.020000 0.020500 0.021000 0.021500 0.022000 0.022500 0.023000 0.023500 0.024000 0.024500 0.025000 0.025500 0.026000 0.026500 0.027000 0.027500 0.028000 0.028500 0.029000 0.029500 



DATA
29340.134805

29331.457011

29329.463735

29326.715537

29325.175411

29324.114675

29323.459791

29323.019326

29322.750818

29322.540582

29322.487319

29322.487762

29322.778187

29323.239200

29324.269306

29325.729718

29328.228579

29331.587886

29336.661208

29343.152833

29352.163710

29363.128250

29377.378528

29393.886944

29414.238974

29436.728561

29463.196315

29490.392170

29520.472622

29536.381519

29536.381519

29520.472622

29490.392170

29463.196315

29436.728561

29414.238974

29393.886944

29377.378528

29363.128250

29352.163710

29343.152833

29336.661208

29331.587886

29328.228579

29325.729718

29324.269306

29323.239200

29322.778187

29322.487762

29322.487319

29322.540582

29322.750818

29323.019326

29323.459791

29324.114675

29325.175411

29326.715537

29329.463735

29331.457011

29340.134805

29331.521746

29323.342837

29326.083846

29326.052585

29325.687071

29324.898017

29324.247533

29323.642093

29323.207878

29322.844605

29322.599366

29322.426496

29322.380731

29322.490463

29322.833010

29323.531253

29324.681207

29326.524149

29329.137520

29332.891289

29337.740701

29344.169247

29351.824226

29361.274344

29371.628399

29383.557537

29395.484521

29408.578726

29420.600354

29431.337581

29431.337581

29420.600354

29408.578726

29395.484521

29383.557537

29371.628399

29361.274344

29351.824226

29344.169247

29337.740701

29332.891289

29329.137520

29326.524149

29324.681207

29323.531253

29322.833010

29322.490463

29322.380731

29322.426496

29322.599366

29322.844605

29323.207878

29323.642093

29324.247533

29324.898017

29325.687071

29326.052585

29326.083846

29323.342837

29331.521746

29330.679229

29324.702696

29323.744524

29325.258268

29325.433514

29325.281772

29324.674869

29324.174015

29323.641811

29323.290915

29322.925116

29322.692423

29322.412555

29322.264471

29322.106852

29322.164722

29322.351645

29322.927436

29323.891895

29325.494315

29327.870286

29331.149068

29335.662548

29341.223476

29348.403577

29356.417473

29365.963342

29375.128834

29381.742923

29377.225755

29377.225755

29381.742923

29375.128834

29365.963342

29356.417473

29348.403577

29341.223476

29335.662548

29331.149068

29327.870286

29325.494315

29323.891895

29322.927436

29322.351645

29322.164722

29322.106852

29322.264471

29322.412555

29322.692423

29322.925116

29323.290915

29323.641811

29324.174015

29324.674869

29325.281772

29325.433514

29325.258268

29323.744524

29324.702696

29330.679229

29329.026276

29325.485420

29323.653507

29323.980618

29324.729606

29324.718380

29324.499511

29323.997043

29323.655223

29323.266978

29323.085166

29322.822002

29322.724290

29322.497230

29322.444972

29322.280700

29322.370682

29322.459177

29322.961590

29323.727689

29325.173984

29327.389968

29330.647149

29335.403808

29341.416591

29349.377584

29357.642200

29365.742925

29368.767785

29367.776325

29367.776325

29368.767785

29365.742925

29357.642200

29349.377584

29341.416591

29335.403808

29330.647149

29327.389968

29325.173984

29323.727689

29322.961590

29322.459177

29322.370682

29322.280700

29322.444972

29322.497230

29322.724290

29322.822002

29323.085166

29323.266978

29323.655223

29323.997043

29324.499511

29324.718380

29324.729606

29323.980618

29323.653507

29325.485420

29329.026276

29328.548965

29325.985886

29324.004856

29323.556069

29323.809693

29324.024017

29323.777289

29323.498189

29323.075285

29322.888293

29322.657986

29322.689117

29322.624927

29322.809885

29322.858235

29323.182366

29323.372620

29323.904139

29324.390875

29325.351577

29326.568265

29328.517786

29331.368569

29335.263533

29340.845243

29347.175612

29354.802153

29360.398218

29363.764366

29358.907791

29358.907791

29363.764366

29360.398218

29354.802153

29347.175612

29340.845243

29335.263533

29331.368569

29328.517786

29326.568265

29325.351577

29324.390875

29323.904139

29323.372620

29323.182366

29322.858235

29322.809885

29322.624927

29322.689117

29322.657986

29322.888293

29323.075285

29323.498189

29323.777289

29324.024017

29323.809693

29323.556069

29324.004856

29325.985886

29328.548965

29328.218719

29326.404165

29324.404634

29323.445387

29323.340553

29323.311342

29323.186068

29322.776266

29322.486901

29322.141699

29322.112997

29322.067239

29322.372274

29322.619012

29323.232785

29323.743152

29324.635259

29325.378920

29326.504349

29327.510750

29328.927976

29330.513037

29332.620438

29335.551864

29339.013312

29343.878224

29348.381765

29353.498167

29355.682609

29355.734075

29355.734075

29355.682609

29353.498167

29348.381765

29343.878224

29339.013312

29335.551864

29332.620438

29330.513037

29328.927976

29327.510750

29326.504349

29325.378920

29324.635259

29323.743152

29323.232785

29322.619012

29322.372274

29322.067239

29322.112997

29322.141699

29322.486901

29322.776266

29323.186068

29323.311342

29323.340553

29323.445387

29324.404634

29326.404165

29328.218719

29328.082995

29326.686352

29324.678004

29323.468528

29323.015707

29322.917177

29322.643733

29322.333555

29321.854604

29321.619156

29321.388127

29321.557114

29321.750379

29322.391654

29323.015945

29324.102169

29325.078291

29326.469362

29327.605242

29329.031522

29330.126222

29331.364382

29332.500205

29333.682793

29335.426730

29337.120347

29340.131165

29342.838537

29346.641848

29348.095552

29348.095552

29346.641848

29342.838537

29340.131165

29337.120347

29335.426730

29333.682793

29332.500205

29331.364382

29330.126222

29329.031522

29327.605242

29326.469362

29325.078291

29324.102169

29323.015945

29322.391654

29321.750379

29321.557114

29321.388127

29321.619156

29321.854604

29322.333555

29322.643733

29322.917177

29323.015707

29323.468528

29324.678004

29326.686352

29328.082995

29328.074702

29326.877717

29324.857478

29323.400432

29322.829086

29322.568789

29322.380521

29321.946274

29321.579115

29321.128056

29321.017698

29320.949459

29321.344464

29321.778759

29322.713820

29323.605166

29324.972821

29326.110030

29327.594855

29328.584394

29329.681682

29330.123390

29330.412185

29330.310679

29330.001748

29330.252018

29330.822957

29333.249732

29336.852328

29342.516331

29342.516331

29336.852328

29333.249732

29330.822957

29330.252018

29330.001748

29330.310679

29330.412185

29330.123390

29329.681682

29328.584394

29327.594855

29326.110030

29324.972821

29323.605166

29322.713820

29321.778759

29321.344464

29320.949459

29321.017698

29321.128056

29321.579115

29321.946274

29322.380521

29322.568789

29322.829086

29323.400432

29324.857478

29326.877717

29328.074702

29328.047589

29327.043663

29324.876984

29323.318766

29322.564631

29322.362807

29322.112368

29321.841469

29321.348542

29321.033745

29320.685332

29320.728387

29320.797526

29321.326146

29321.820237

29322.776464

29323.536556

29324.707987

29325.407262

29326.387282

29326.580520

29326.858115

29326.245008

29325.610076

29324.581880

29323.932906

29324.149014

29325.958761

29329.365105

29332.149882

29332.149882

29329.365105

29325.958761

29324.149014

29323.932906

29324.581880

29325.610076

29326.245008

29326.858115

29326.580520

29326.387282

29325.407262

29324.707987

29323.536556

29322.776464

29321.820237

29321.326146

29320.797526

29320.728387

29320.685332

29321.033745

29321.348542

29321.841469

29322.112368

29322.362807

29322.564631

29323.318766

29324.876984

29327.043663

29328.047589

29328.156050

29327.100726

29324.875942

29323.102672

29322.353869

29322.082582

29322.013684

29321.713781

29321.429552

29320.973267

29320.764323

29320.501602

29320.590262

29320.582013

29320.919994

29321.013010

29321.448397

29321.415846

29321.772715

29321.394466

29321.505552

29320.686379

29320.509363

29319.515952

29319.479301

29319.230863

29320.564934

29322.084453

29324.963321

29327.926626

29327.926626

29324.963321

29322.084453

29320.564934

29319.230863

29319.479301

29319.515952

29320.509363

29320.686379

29321.505552

29321.394466

29321.772715

29321.415846

29321.448397

29321.013010

29320.919994

29320.582013

29320.590262

29320.501602

29320.764323

29320.973267

29321.429552

29321.713781

29322.013684

29322.082582

29322.353869

29323.102672

29324.875942

29327.100726

29328.156050

29328.136598

29327.201330

29324.742050

29322.922794

29322.044858

29321.914382

29321.847220

29321.804637

29321.490198

29321.261273

29320.861224

29320.676159

29320.295964

29320.095664

29319.529644

29319.098012

29318.088611

29317.344445

29315.846793

29315.034036

29313.392033

29313.115895

29312.089188

29313.171166

29313.683361

29316.718132

29318.838333

29322.546073

29322.561287

29315.388357

29315.388357

29322.561287

29322.546073

29318.838333

29316.718132

29313.683361

29313.171166

29312.089188

29313.115895

29313.392033

29315.034036

29315.846793

29317.344445

29318.088611

29319.098012

29319.529644

29320.095664

29320.295964

29320.676159

29320.861224

29321.261273

29321.490198

29321.804637

29321.847220

29321.914382

29322.044858

29322.922794

29324.742050

29327.201330

29328.136598

29328.258569

29327.165724

29324.662984

29322.639524

29321.835356

29321.671634

29321.850809

29321.837505

29321.823178

29321.532389

29321.329503

29320.838407

29320.381813

29319.436131

29318.377356

29316.561233

29314.686325

29311.889436

29309.584977

29306.412576

29304.903095

29302.789982

29303.869884

29304.565333

29309.515530

29313.454122

29320.648082

29323.484205

29323.721536

29316.022523

29316.022523

29323.721536

29323.484205

29320.648082

29313.454122

29309.515530

29304.565333

29303.869884

29302.789982

29304.903095

29306.412576

29309.584977

29311.889436

29314.686325

29316.561233

29318.377356

29319.436131

29320.381813

29320.838407

29321.329503

29321.532389

29321.823178

29321.837505

29321.850809

29321.671634

29321.835356

29322.639524

29324.662984

29327.165724

29328.258569

29328.172052

29327.212152

29324.462878

29322.459388

29321.554326

29321.584829

29321.787905

29322.092070

29322.098329

29322.109373

29321.767185

29321.374679

29320.423894

29319.184957

29317.042668

29314.481447

29310.767509

29307.063462

29302.268873

29298.834417

29294.730273

29294.201409

29293.483514

29298.547930

29303.067917

29313.558604

29320.475378

29328.437540

29324.946021

29304.002738

29304.002738

29324.946021

29328.437540

29320.475378

29313.558604

29303.067917

29298.547930

29293.483514

29294.201409

29294.730273

29298.834417

29302.268873

29307.063462

29310.767509

29314.481447

29317.042668

29319.184957

29320.423894

29321.374679

29321.767185

29322.109373

29322.098329

29322.092070

29321.787905

29321.584829

29321.554326

29322.459388

29324.462878

29327.212152

29328.172052

29328.227698

29327.092145

29324.371127

29322.196559

29321.428692

29321.436438

29321.924029

29322.266406

29322.622641

29322.604456

29322.511693

29321.855372

29320.859577

29318.917633

29316.320873

29312.413293

29307.989290

29302.207360

29297.069002

29290.991337

29288.001814

29284.731191

29287.717508

29290.493140

29301.512937

29310.160263

29324.483762

29329.689719

29329.540559

29315.266448

29315.266448

29329.540559

29329.689719

29324.483762

29310.160263

29301.512937

29290.493140

29287.717508

29284.731191

29288.001814

29290.991337

29297.069002

29302.207360

29307.989290

29312.413293

29316.320873

29318.917633

29320.859577

29321.855372

29322.511693

29322.604456

29322.622641

29322.266406

29321.924029

29321.436438

29321.428692

29322.196559

29324.371127

29327.092145

29328.227698

29328.011702

29327.079631

29324.158362

29322.090680

29321.242346

29321.482143

29321.976694

29322.658543

29323.023387

29323.340630

29323.130996

29322.634639

29321.251508

29319.169798

29315.765288

29311.491897

29305.706596

29299.781615

29292.637319

29287.517706

29281.824058

29281.644439

29281.191439

29289.694045

29296.549856

29312.761737

29322.461858

29334.933550

29331.583170

29306.915259

29306.915259

29331.583170

29334.933550

29322.461858

29312.761737

29296.549856

29289.694045

29281.191439

29281.644439

29281.824058

29287.517706

29292.637319

29299.781615

29305.706596

29311.491897

29315.765288

29319.169798

29321.251508

29322.634639

29323.130996

29323.340630

29323.023387

29322.658543

29321.976694

29321.482143

29321.242346

29322.090680

29324.158362

29327.079631

29328.011702

29327.933686

29326.875080

29324.096470

29321.906737

29321.253637

29321.450539

29322.238598

29322.909732

29323.629146

29323.886468

29323.962718

29323.265515

29321.986404

29319.501847

29316.058504

29311.125252

29305.488315

29298.508707

29292.382006

29285.440591

29282.479325

29279.005452

29283.498055

29286.463529

29300.103400

29308.708936

29326.058345

29331.695760

29336.025730

29329.896222

29329.896222

29336.025730

29331.695760

29326.058345

29308.708936

29300.103400

29286.463529

29283.498055

29279.005452

29282.479325

29285.440591

29292.382006

29298.508707

29305.488315

29311.125252

29316.058504

29319.501847

29321.986404

29323.265515

29323.962718

29323.886468

29323.629146

29322.909732

29322.238598

29321.450539

29321.253637

29321.906737

29324.096470

29326.875080

29327.933686

29327.532790

29326.798150

29323.907726

29321.922470

29321.190241

29321.633993

29322.362655

29323.358796

29324.008857

29324.603803

29324.545875

29324.101541

29322.629017

29320.331657

29316.700284

29312.137498

29306.296654

29300.399865

29293.659028

29289.194221

29284.140465

29284.980490

29284.279250

29293.172004

29297.532567

29313.041344

29319.185813

29333.272065

29333.247497

29319.596991

29319.596991

29333.247497

29333.272065

29319.185813

29313.041344

29297.532567

29293.172004

29284.279250

29284.980490

29284.140465

29289.194221

29293.659028

29300.399865

29306.296654

29312.137498

29316.700284

29320.331657

29322.629017

29324.101541

29324.545875

29324.603803

29324.008857

29323.358796

29322.362655

29321.633993

29321.190241

29321.922470

29323.907726

29326.798150

29327.532790

29327.258223

29326.506287

29323.904232

29321.847281

29321.352979

29321.692400

29322.694946

29323.575028

29324.558999

29325.008776

29325.275162

29324.684850

29323.522816

29321.227738

29318.070515

29313.806775

29309.000515

29303.505927

29298.898719

29293.927880

29292.525624

29289.924733

29294.351629

29294.694666

29305.227405

29307.270380

29320.915952

29322.432895

29332.558500

29343.670467

29343.670467

29332.558500

29322.432895

29320.915952

29307.270380

29305.227405

29294.694666

29294.351629

29289.924733

29292.525624

29293.927880

29298.898719

29303.505927

29309.000515

29313.806775

29318.070515

29321.227738

29323.522816

29324.684850

29325.275162

29325.008776

29324.558999

29323.575028

29322.694946

29321.692400

29321.352979

29321.847281

29323.904232

29326.506287

29327.258223

29326.615781

29326.355385

29323.758004

29322.002221

29321.400332

29321.976934

29322.807014

29323.980889

29324.770411

29325.562485

29325.638771

29325.413712

29324.229183

29322.426306

29319.686399

29316.309109

29312.443194

29308.615852

29304.833195

29302.689638

29300.161553

29301.742630

29300.384562

29306.251591

29304.651028

29313.757192

29311.294140

29322.263862

29321.685208

29316.069051

29316.069051

29321.685208

29322.263862

29311.294140

29313.757192

29304.651028

29306.251591

29300.384562

29301.742630

29300.161553

29302.689638

29304.833195

29308.615852

29312.443194

29316.309109

29319.686399

29322.426306

29324.229183

29325.413712

29325.638771

29325.562485

29324.770411

29323.980889

29322.807014

29321.976934

29321.400332

29322.002221

29323.758004

29326.355385

29326.615781

29326.078615

29325.963239

29323.820415

29322.032498

29321.691594

29322.063218

29323.133583

29324.050152

29325.160981

29325.687225

29326.144609

29325.765010

29325.056214

29323.509735

29321.484894

29319.078347

29316.389926

29314.099708

29312.236600

29311.014184

29311.510980

29311.000238

29314.296716

29312.439253

29317.808986

29312.877823

29319.874294

29313.120555

29319.396973

29329.330333

29329.330333

29319.396973

29313.120555

29319.874294

29312.877823

29317.808986

29312.439253

29314.296716

29311.000238

29311.510980

29311.014184

29312.236600

29314.099708

29316.389926

29319.078347

29321.484894

29323.509735

29325.056214

29325.765010

29326.144609

29325.687225

29325.160981

29324.050152

29323.133583

29322.063218

29321.691594

29322.032498

29323.820415

29325.963239

29326.078615

29325.130866

29325.716807

29323.710658

29322.312439

29321.805267

29322.388981

29323.145428

29324.332714

29325.101316

29325.996763

29326.150509

29326.224781

29325.485340

29324.520138

29323.130432

29321.508151

29320.393901

29319.227672

29319.540056

29320.173391

29322.042229

29325.051625

29326.562748

29331.317214

29329.361932

29334.736051

29326.954001

29329.799536

29312.296880

29274.330178

29274.330178

29312.296880

29329.799536

29326.954001

29334.736051

29329.361932

29331.317214

29326.562748

29325.051625

29322.042229

29320.173391

29319.540056

29319.227672

29320.393901

29321.508151

29323.130432

29324.520138

29325.485340

29326.224781

29326.150509

29325.996763

29325.101316

29324.332714

29323.145428

29322.388981

29321.805267

29322.312439

29323.710658

29325.716807

29325.130866

29324.260277

29325.197180

29323.823846

29322.418216

29322.179930

29322.433898

29323.400256

29324.177167

29325.274801

29325.747925

29326.330866

29326.091567

29325.851188

29325.024077

29324.174431

29323.647740

29323.122481

29324.432205

29325.702893

29330.103862

29334.396176

29341.388147

29348.764822

29355.279079

29364.083064

29364.413434

29368.843745

29350.850461

29328.079740

29285.615966

29285.615966

29328.079740

29350.850461

29368.843745

29364.413434

29364.083064

29355.279079

29348.764822

29341.388147

29334.396176

29330.103862

29325.702893

29324.432205

29323.122481

29323.647740

29324.174431

29325.024077

29325.851188

29326.091567

29326.330866

29325.747925

29325.274801

29324.177167

29323.400256

29322.433898

29322.179930

29322.418216

29323.823846

29325.197180

29324.260277

29322.940770

29324.823709

29323.726540

29322.791423

29322.309120

29322.747885

29323.253262

29324.292713

29324.887054

29325.752036

29325.816957

29326.027105

29325.450324

29325.043476

29324.558304

29324.361412

29325.801493

29327.595936

29333.577607

29339.705628

29352.212480

29364.337104

29382.414178

29399.447938

29416.305919

29430.360764

29427.846094

29413.581847

29350.985675

29211.090181

29211.090181

29350.985675

29413.581847

29427.846094

29430.360764

29416.305919

29399.447938

29382.414178

29364.337104

29352.212480

29339.705628

29333.577607

29327.595936

29325.801493

29324.361412

29324.558304

29325.043476

29325.450324

29326.027105

29325.816957

29325.752036

29324.887054

29324.292713

29323.253262

29322.747885

29322.309120

29322.791423

29323.726540

29324.823709

29322.940770

29321.674592

29324.145121

29323.866051

29322.938242

29322.728410

29322.709687

29323.405027

29323.884886

29324.812572

29325.048910

29325.521838

29325.059956

29324.849019

29324.086839

29323.855498

29324.639112

29326.457403

29332.532533

29340.079239

29356.358639

29373.745223

29403.230607

29431.482322

29469.428979

29500.039407

29525.327752

29530.005900

29493.648864

29405.371934

29256.290191

29256.290191

29405.371934

29493.648864

29530.005900

29525.327752

29500.039407

29469.428979

29431.482322

29403.230607

29373.745223

29356.358639

29340.079239

29332.532533

29326.457403

29324.639112

29323.855498

29324.086839

29324.849019

29325.059956

29325.521838

29325.048910

29324.812572

29323.884886

29323.405027

29322.709687

29322.728410

29322.938242

29323.866051

29324.145121

29321.674592

29319.938302

29323.620378

29323.757973

29323.378871

29322.845019

29322.992118

29323.092998

29323.827763

29324.082724

29324.679548

29324.318061

29324.185850

29323.099618

29322.580560

29322.266405

29323.497094

29328.237284

29336.084013

29353.389410

29374.889392

29412.718642

29452.632255

29511.276907

29562.649079

29622.027305

29654.346073

29661.657735

29610.498211

29474.756353

29172.378612

29172.378612

29474.756353

29610.498211

29661.657735

29654.346073

29622.027305

29562.649079

29511.276907

29452.632255

29412.718642

29374.889392

29353.389410

29336.084013

29328.237284

29323.497094

29322.266405

29322.580560

29323.099618

29324.185850

29324.318061

29324.679548

29324.082724

29323.827763

29323.092998

29322.992118

29322.845019

29323.378871

29323.757973

29323.620378

29319.938302

29318.258266

29322.770794

29323.909980

29323.548616

29323.296954

29322.874594

29323.153435

29323.197372

29323.754605

29323.492733

29323.426272

29322.172681

29321.310573

29319.888461

29320.074547

29322.560149

29329.320007

29344.819637

29367.957383

29409.224557

29458.474500

29532.917106

29605.648108

29698.372654

29763.666952

29821.917810

29813.958049

29744.653798

29558.231670

29286.088358

29286.088358

29558.231670

29744.653798

29813.958049

29821.917810

29763.666952

29698.372654

29605.648108

29532.917106

29458.474500

29409.224557

29367.957383

29344.819637

29329.320007

29322.560149

29320.074547

29319.888461

29321.310573

29322.172681

29323.426272

29323.492733

29323.754605

29323.197372

29323.153435

29322.874594

29323.296954

29323.548616

29323.909980

29322.770794

29318.258266

29316.126316

29322.104838

29323.786714

29324.050053

29323.404129

29323.142467

29322.722048

29323.000702

29322.740282

29322.743216

29321.546732

29320.480461

29318.295152

29317.319617

29317.346986

29321.865127

29333.444969

29355.132491

29394.491646

29448.348911

29530.635018

29621.158239

29740.210358

29839.711481

29947.055561

29986.851761

29991.205241

29875.996992

29654.464129

29157.934379

29157.934379

29654.464129

29875.996992

29991.205241

29986.851761

29947.055561

29839.711481

29740.210358

29621.158239

29530.635018

29448.348911

29394.491646

29355.132491

29333.444969

29321.865127

29317.346986

29317.319617

29318.295152

29320.480461

29321.546732

29322.743216

29322.740282

29323.000702

29322.722048

29323.142467

29323.404129

29324.050053

29323.786714

29322.104838

29316.126316

29314.107204

29321.119228

29323.961139

29324.243882

29323.900032

29322.983038

29322.736710

29322.236086

29322.216465

29321.212091

29320.176628

29317.743813

29315.869578

29313.894290

29315.647867

29322.387982

29339.860405

29372.887848

29425.310539

29506.400685

29607.150586

29741.172434

29870.853533

30017.894832

30107.282702

30179.887426

30131.827698

30015.441743

29710.813618

29327.306447

29327.306447

29710.813618

30015.441743

30131.827698

30179.887426

30107.282702

30017.894832

29870.853533

29741.172434

29607.150586

29506.400685

29425.310539

29372.887848

29339.860405

29322.387982

29315.647867

29313.894290

29315.869578

29317.743813

29320.176628

29321.212091

29322.216465

29322.236086

29322.736710

29322.983038

29323.900032

29324.243882

29323.961139

29321.119228

29314.107204

29311.714527

29320.379493

29323.843271

29324.813289

29324.014885

29323.271683

29322.261529

29321.977125

29321.086503

29320.251518

29318.036034

29315.784302

29312.662279

29311.902884

29314.118743

29325.760478

29349.918695

29395.171767

29466.996754

29567.789659

29703.476257

29853.404760

30025.908746

30161.870667

30289.327394

30308.052491

30285.458777

30084.743858

29772.746826

29031.092416

29031.092416

29772.746826

30084.743858

30285.458777

30308.052491

30289.327394

30161.870667

30025.908746

29853.404760

29703.476257

29567.789659

29466.996754

29395.171767

29349.918695

29325.760478

29314.118743

29311.902884

29312.662279

29315.784302

29318.036034

29320.251518

29321.086503

29321.977125

29322.261529

29323.271683

29324.014885

29324.813289

29323.843271

29320.379493

29311.714527

29309.560299

29319.355587

29324.072855

29325.037405

29324.568927

29323.110686

29322.293647

29321.211809

29320.527761

29318.750309

29316.666425

29313.312290

29310.901565

29309.797734

29315.524457

29330.467054

29364.703931

29421.851242

29512.375404

29637.031283

29792.534642

29973.803576

30145.931442

30311.690049

30395.766344

30443.964795

30332.296088

30154.930451

29703.519416

29180.498449

29180.498449

29703.519416

30154.930451

30332.296088

30443.964795

30395.766344

30311.690049

30145.931442

29973.803576

29792.534642

29637.031283

29512.375404

29421.851242

29364.703931

29330.467054

29315.524457

29309.797734

29310.901565

29313.312290

29316.666425

29318.750309

29320.527761

29321.211809

29322.293647

29323.110686

29324.568927

29325.037405

29324.072855

29319.355587

29309.560299

29307.173768

29318.669913

29323.998303

29325.679342

29324.696291

29323.451284

29321.847157

29321.008638

29319.539792

29317.940222

29315.023895

29312.053417

29309.175370

29310.231215

29317.416598

29339.576759

29380.140204

29452.704766

29556.714267

29701.643709

29874.714646

30065.062293

30251.531406

30392.657713

30490.661576

30464.077630

30380.882174

30073.501920

29630.186232

28495.564577

28495.564577

29630.186232

30073.501920

30380.882174

30464.077630

30490.661576

30392.657713

30251.531406

30065.062293

29874.714646

29701.643709

29556.714267

29452.704766

29380.140204

29339.576759

29317.416598

29310.231215

29309.175370

29312.053417

29315.023895

29317.940222

29319.539792

29321.008638

29321.847157

29323.451284

29324.696291

29325.679342

29323.998303

29318.669913

29307.173768

29305.207344

29317.758345

29324.324834

29325.927557

29325.306657

29323.303665

29321.960676

29320.372482

29319.179559

29316.937930

29314.308056

29311.021077

29309.332622

29311.180089

29322.839888

29348.184511

29399.611746

29478.187101

29599.149970

29749.562338

29936.137434

30124.738606

30304.396910

30436.973918

30491.049664

30466.573745

30274.874243

29984.839137

29310.071594

28538.819038

28538.819038

29310.071594

29984.839137

30274.874243

30466.573745

30491.049664

30436.973918

30304.396910

30124.738606

29936.137434

29749.562338

29599.149970

29478.187101

29399.611746

29348.184511

29322.839888

29311.180089

29309.332622

29311.021077

29314.308056

29316.937930

29319.179559

29320.372482

29321.960676

29323.303665

29325.306657

29325.927557

29324.324834

29317.758345

29305.207344

29303.186381

29317.288291

29324.332217

29326.629651

29325.423781

29323.709269

29321.575702

29320.348152

29318.545423

29316.663191

29313.818126

29311.240083

29310.217038

29314.541091

29328.149154

29359.983000

29413.528440

29503.436298

29622.020658

29784.340026

29957.061943

30149.365911

30301.837633

30421.007247

30444.583058

30365.750661

30157.592286

29690.762262

28986.823400

27241.712457

27241.712457

28986.823400

29690.762262

30157.592286

30365.750661

30444.583058

30421.007247

30301.837633

30149.365911

29957.061943

29784.340026

29622.020658

29503.436298

29413.528440

29359.983000

29328.149154

29314.541091

29310.217038

29311.240083

29313.818126

29316.663191

29318.545423

29320.348152

29321.575702

29323.709269

29325.423781

29326.629651

29324.332217

29317.288291

29303.186381

29301.776498

29316.653477

29324.785766

29326.875278

29326.065895

29323.551601

29321.813141

29319.884640

29318.570557

29316.395016

29314.164757

29312.144199

29312.525960

29318.483385

29335.475198

29368.352387

29427.683853

29512.253249

29637.060986

29779.436192

29956.877133

30112.322628

30270.759777

30340.924495

30367.133184

30230.164445

29943.443826

29408.864863

28378.697486

27235.862277

27235.862277

28378.697486

29408.864863

29943.443826

30230.164445

30367.133184

30340.924495

30270.759777

30112.322628

29956.877133

29779.436192

29637.060986

29512.253249

29427.683853

29368.352387

29335.475198

29318.483385

29312.525960

29312.144199

29314.164757

29316.395016

29318.570557

29319.884640

29321.813141

29323.551601

29326.065895

29326.875278

29324.785766

29316.653477

29301.776498

29300.474417

29316.542015

29324.895672

29327.602656

29326.126099

29324.011422

29321.455760

29320.103147

29318.277748

29316.812337

29314.829193

29313.864228

29315.641369

29323.421755

29341.694869

29376.721333

29431.518738

29516.328651

29621.160057

29762.023034

29900.905679

30065.761236

30176.198828

30287.126962

30251.381461

30160.155585

29750.945417

29021.779507

27883.104719

25646.660263

25646.660263

27883.104719

29021.779507

29750.945417

30160.155585

30251.381461

30287.126962

30176.198828

30065.761236

29900.905679

29762.023034

29621.160057

29516.328651

29431.518738

29376.721333

29341.694869

29323.421755

29315.641369

29313.864228

29314.829193

29316.812337

29318.277748

29320.103147

29321.455760

29324.011422

29326.126099

29327.602656

29324.895672

29316.542015

29300.474417

29299.916502

29316.304722

29325.474268

29327.803166

29326.757229

29323.790665

29321.817103

29319.713737

29318.707402

29317.026203

29316.119161

29316.016932

29319.197207

29328.476462

29347.576345

29380.447013

29432.293234

29501.580383

29597.636826

29703.645972

29841.354931

29966.999338

30124.874773

30210.475064

30309.008401

30148.628754

29824.937770

28786.275675

27115.990866

25967.616923

25967.616923

27115.990866

28786.275675

29824.937770

30148.628754

30309.008401

30210.475064

30124.874773

29966.999338

29841.354931

29703.645972

29597.636826

29501.580383

29432.293234

29380.447013

29347.576345

29328.476462

29319.197207

29316.016932

29316.119161

29317.026203

29318.707402

29319.713737

29321.817103

29323.790665

29326.757229

29327.803166

29325.474268

29316.304722

29299.916502

29299.555345

29316.617408

29325.674973

29328.502387

29326.710793

29324.274471

29321.400951

29320.144178

29318.475797

29317.966525

29317.164204

29318.563337

29322.842036

29333.166569

29352.043763

29382.154346

29424.666352

29482.349968

29551.133367

29642.564335

29747.046877

29895.960379

30061.380024

30292.104463

30442.475761

30576.674148

30150.220488

29072.127262

26736.373478

25309.433656

25309.433656

26736.373478

29072.127262

30150.220488

30576.674148

30442.475761

30292.104463

30061.380024

29895.960379

29747.046877

29642.564335

29551.133367

29482.349968

29424.666352

29382.154346

29352.043763

29333.166569

29322.842036

29318.563337

29317.164204

29317.966525

29318.475797

29320.144178

29321.400951

29324.274471

29326.710793

29328.502387

29325.674973

29316.617408

29299.555345

29299.954570

29316.801927

29326.333176

29328.613819

29327.284757

29323.944795

29321.852077

29319.648662

29319.170900

29318.047293

29318.896618

29320.497895

29326.511072

29337.169648

29355.396155

29381.281416

29414.789434

29454.841560

29503.257951

29566.103829

29662.658799

29820.158538

30070.862709

30423.994983

30851.710987

31065.371032

31020.824467

29834.192892

27012.154839

26695.941140

26695.941140

27012.154839

29834.192892

31020.824467

31065.371032

30851.710987

30423.994983

30070.862709

29820.158538

29662.658799

29566.103829

29503.257951

29454.841560

29414.789434

29381.281416

29355.396155

29337.169648

29326.511072

29320.497895

29318.896618

29318.047293

29319.170900

29319.648662

29321.852077

29323.944795

29327.284757

29328.613819

29326.333176

29316.801927

29299.954570

29300.528847

29317.488593

29326.576511

29329.226067

29327.110867

29324.427087

29321.318040

29320.218312

29318.665564

29319.198661

29319.306615

29323.110343

29328.863236

29341.049122

29357.600416

29379.776561

29404.207609

29427.928930

29455.621557

29493.153194

29583.844689

29755.164721

30108.852865

30607.016776

31215.547749

31589.583137

31219.933533

30364.022526

27944.828897

29526.873138

29526.873138

27944.828897

30364.022526

31219.933533

31589.583137

31215.547749

30607.016776

30108.852865

29755.164721

29583.844689

29493.153194

29455.621557

29427.928930

29404.207609

29379.776561

29357.600416

29341.049122

29328.863236

29323.110343

29319.306615

29319.198661

29318.665564

29320.218312

29321.318040

29324.427087

29327.110867

29329.226067

29326.576511

29317.488593

29300.528847

29301.743060

29317.999948

29327.230215

29329.221108

29327.602646

29324.007080

29321.846352

29319.538152

29319.497651

29318.670216

29321.046037

29323.626577

29332.143085

29342.931051

29360.447183

29378.544256

29395.675075

29408.076562

29412.191910

29437.517859

29498.334871

29714.675758

30087.554682

30774.578615

31364.718749

31636.278294

30812.475242

28423.441545

27487.582681

30342.103685

30342.103685

27487.582681

28423.441545

30812.475242

31636.278294

31364.718749

30774.578615

30087.554682

29714.675758

29498.334871

29437.517859

29412.191910

29408.076562

29395.675075

29378.544256

29360.447183

29342.931051

29332.143085

29323.626577

29321.046037

29318.670216

29319.497651

29319.538152

29321.846352

29324.007080

29327.602646

29329.221108

29327.230215

29317.999948

29301.743060

29303.004013

29318.898902

29327.440757

29329.702223

29327.337924

29324.507692

29321.269018

29320.252767

29318.675064

29319.893536

29320.377577

29325.975764

29332.369471

29346.576785

29361.401508

29380.090875

29392.373331

29393.802909

29389.960914

29380.140262

29447.880821

29606.852344

30083.083049

30677.210350

31427.056054

31185.092893

29909.699425

27025.550589

28167.425016

33518.441250

33518.441250

28167.425016

27025.550589

29909.699425

31185.092893

31427.056054

30677.210350

30083.083049

29606.852344

29447.880821

29380.140262

29389.960914

29393.802909

29392.373331

29380.090875

29361.401508

29346.576785

29332.369471

29325.975764

29320.377577

29319.893536

29318.675064

29320.252767

29321.269018

29324.507692

29327.337924

29329.702223

29327.440757

29318.898902

29303.004013

29304.683970

29319.546050

29327.989614

29329.583007

29327.768047

29324.118656

29321.948622

29319.574274

29319.708682

29318.894989

29322.083346

29324.974357

29335.274627

29346.323184

29365.603961

29381.384182

29394.502698

29393.679729

29372.615010

29361.403885

29364.181660

29544.348524

29877.894096

30616.129339

31057.895785

31029.285212

29157.963209

27746.118772

30870.644955

32249.293025

32249.293025

30870.644955

27746.118772

29157.963209

31029.285212

31057.895785

30616.129339

29877.894096

29544.348524

29364.181660

29361.403885

29372.615010

29393.679729

29394.502698

29381.384182

29365.603961

29346.323184

29335.274627

29324.974357

29322.083346

29318.894989

29319.708682

29319.574274

29321.948622

29324.118656

29327.768047

29329.583007

29327.989614

29319.546050

29304.683970

29306.225235

29320.436219

29328.085786

29329.921033

29327.508111

29324.725922

29321.566658

29320.586513

29318.969443

29320.370622

29320.854875

29327.160051

29333.776206

29349.771398

29365.409785

29387.315900

29399.549481

29399.731161

29380.756337

29337.917872

29335.640499

29393.764960

29727.434705

30249.248753

30900.266967

30705.185280

29408.966596

28555.314416

30319.680807

32645.970349

32645.970349

30319.680807

28555.314416

29408.966596

30705.185280

30900.266967

30249.248753

29727.434705

29393.764960

29335.640499

29337.917872

29380.756337

29399.731161

29399.549481

29387.315900

29365.409785

29349.771398

29333.776206

29327.160051

29320.854875

29320.370622

29318.969443

29320.586513

29321.566658

29324.725922

29327.508111

29329.921033

29328.085786

29320.436219

29306.225235

29307.948682

29320.999574

29328.445751

29329.716544

29327.942957

29324.559073

29322.553749

29320.310600

29320.453114

29319.617759

29322.813167

29325.608468

29336.229990

29347.728817

29369.432863

29388.500509

29409.048885

29412.091058

29393.052589

29350.224796

29294.439959

29306.613970

29472.793918

29920.596828

30548.232752

30693.500162

29770.200985

29210.015804

30488.836748

32530.024859

32530.024859

30488.836748

29210.015804

29770.200985

30693.500162

30548.232752

29920.596828

29472.793918

29306.613970

29294.439959

29350.224796

29393.052589

29412.091058

29409.048885

29388.500509

29369.432863

29347.728817

29336.229990

29325.608468

29322.813167

29319.617759

29320.453114

29320.310600

29322.553749

29324.559073

29327.942957

29329.716544

29328.445751

29320.999574

29307.948682

29309.371354

29321.686001

29328.365754

29329.930969

29327.797118

29325.390281

29322.645985

29321.824450

29320.371678

29321.646623

29322.049485

29327.827160

29334.121113

29349.804891

29366.754708

29392.846885

29412.705439

29426.698578

29412.567767

29369.714362

29292.511473

29237.846123

29263.946392

29566.448840

30081.737875

30602.111787

30325.307011

29601.689330

30431.843816

31968.648024

31968.648024

30431.843816

29601.689330

30325.307011

30602.111787

30081.737875

29566.448840

29263.946392

29237.846123

29292.511473

29369.714362

29412.567767

29426.698578

29412.705439

29392.846885

29366.754708

29349.804891

29334.121113

29327.827160

29322.049485

29321.646623

29320.371678

29321.824450

29322.645985

29325.390281

29327.797118

29329.930969

29328.365754

29321.686001

29309.371354

29310.826980

29322.008863

29328.496404

29329.669942

29328.299999

29325.584074

29324.057279

29322.263996

29322.479732

29321.798477

29324.474154

29326.859681

29335.854524

29346.548456

29367.082857

29388.911843

29416.425889

29432.316787

29433.419065

29392.163271

29322.066375

29205.641683

29162.244925

29221.067404

29625.069045

30121.806414

30639.217682

29992.920857

29849.203131

31314.164558

31314.164558

29849.203131

29992.920857

30639.217682

30121.806414

29625.069045

29221.067404

29162.244925

29205.641683

29322.066375

29392.163271

29433.419065

29432.316787

29416.425889

29388.911843

29367.082857

29346.548456

29335.854524

29326.859681

29324.474154

29321.798477

29322.479732

29322.263996

29324.057279

29325.584074

29328.299999

29329.669942

29328.496404

29322.008863

29310.826980

29311.926381

29322.411228

29328.214523

29329.775644

29328.295394

29326.665572

29324.700761

29324.296224

29323.262564

29324.387584

29324.714325

29329.096493

29334.104396

29346.353995

29361.555994

29385.402358

29409.911533

29434.125328

29439.942823

29421.353812

29349.295783

29252.366117

29116.067526

29100.440252

29172.353368

29656.156925

29964.313068

30467.056138

29117.947270

30318.067893

30318.067893

29117.947270

30467.056138

29964.313068

29656.156925

29172.353368

29100.440252

29116.067526

29252.366117

29349.295783

29421.353812

29439.942823

29434.125328

29409.911533

29385.402358

29361.555994

29346.353995

29334.104396

29329.096493

29324.714325

29324.387584

29323.262564

29324.296224

29324.700761

29326.665572

29328.295394

29329.775644

29328.214523

29322.411228

29311.926381

29313.077268

29322.478498

29328.120864

29329.427709

29328.820379

29327.129875

29326.416124

29325.317414

29325.775043

29325.335861

29327.353299

29328.955232

29335.070014

29342.846443

29357.588936

29376.333531

29400.733063

29424.562687

29440.022238

29432.818108

29392.068180

29305.036896

29201.221614

29099.203910

29141.386990

29273.425630

29615.713766

29602.819717

29755.132479

27154.213933

27154.213933

29755.132479

29602.819717

29615.713766

29273.425630

29141.386990

29099.203910

29201.221614

29305.036896

29392.068180

29432.818108

29440.022238

29424.562687

29400.733063

29376.333531

29357.588936

29342.846443

29335.070014

29328.955232

29327.353299

29325.335861

29325.775043

29325.317414

29326.416124

29327.129875

29328.820379

29329.427709

29328.120864

29322.478498

29313.077268

29313.969803

29322.680709

29327.634798

29329.358808

29328.777708

29328.234334

29327.267340

29327.483163

29326.908527

29327.953724

29328.038765

29330.900305

29333.815396

29341.353398

29351.489803

29367.567075

29388.300598

29410.533953

29431.493318

29435.926968

29422.539525

29372.715889

29315.218705

29259.054131

29314.211823

29462.552252

29825.644144

30141.412662

31212.614762

32969.987396

32969.987396

31212.614762

30141.412662

29825.644144

29462.552252

29314.211823

29259.054131

29315.218705

29372.715889

29422.539525

29435.926968

29431.493318

29410.533953

29388.300598

29367.567075

29351.489803

29341.353398

29333.815396

29330.900305

29328.038765

29327.953724

29326.908527

29327.483163

29327.267340

29328.234334

29328.777708

29329.358808

29327.634798

29322.680709

29313.969803

29315.106263

29322.636807

29327.330766

29328.759982

29329.048647

29328.517159

29328.785854

29328.385755

29329.141414

29328.752980

29330.216684

29330.746552

29334.383902

29338.480602

29347.312755

29359.454188

29376.657002

29398.841033

29419.171801

29439.503406

29440.150063

29439.682716

29416.022114

29450.902598

29527.781188

29825.114676

30233.560051

31055.997996

31822.485122

29505.903602

29505.903602

31822.485122

31055.997996

30233.560051

29825.114676

29527.781188

29450.902598

29416.022114

29439.682716

29440.150063

29439.503406

29419.171801

29398.841033

29376.657002

29359.454188

29347.312755

29338.480602

29334.383902

29330.746552

29330.216684

29328.752980

29329.141414

29328.385755

29328.785854

29328.517159

29329.048647

29328.759982

29327.330766

29322.636807

29315.106263

29316.195294

29322.852779

29326.622849

29328.303919

29328.524448

29329.089812

29329.082559

29329.934136

29329.628406

29330.608981

29330.208748

29332.093084

29333.066409

29337.818322

29343.382556

29354.694479

29369.820017

29390.938260

29416.976385

29441.873181

29468.808849

29483.752443

29514.552581

29555.777027

29683.295099

29910.078467

30276.414274

30731.091427

29747.906084

29463.880545

29463.880545

29747.906084

30731.091427

30276.414274

29910.078467

29683.295099

29555.777027

29514.552581

29483.752443

29468.808849

29441.873181

29416.976385

29390.938260

29369.820017

29354.694479

29343.382556

29337.818322

29333.066409

29332.093084

29330.208748

29330.608981

29329.628406

29329.934136

29329.082559

29329.089812

29328.524448

29328.303919

29326.622849

29322.852779

29316.195294

29317.779713

29322.923423

29326.089819

29327.168092

29328.060216

29328.490503

29329.658304

29329.813989

29330.838193

29330.320466

29331.485766

29331.116837

29333.848589

29335.763861

29343.107552

29351.741817

29369.161086

29390.654804

29422.500136

29457.586487

29498.403751

29536.889056

29581.147596

29625.101545

29712.316857

29776.585692

29928.533987

29557.616565

29233.282959

28661.616275

28661.616275

29233.282959

29557.616565

29928.533987

29776.585692

29712.316857

29625.101545

29581.147596

29536.889056

29498.403751

29457.586487

29422.500136

29390.654804

29369.161086

29351.741817

29343.107552

29335.763861

29333.848589

29331.116837

29331.485766

29330.320466

29330.838193

29329.813989

29329.658304

29328.490503

29328.060216

29327.168092

29326.089819

29322.923423

29317.779713

29319.488307

29323.371237

29325.132269

29326.066539

29326.588057

29327.945379

29328.708997

29330.139892

29330.091760

29331.158214

29330.474884

29332.172478

29332.329871

29337.079482

29341.409371

29354.311058

29369.274018

29398.429202

29431.176091

29481.487109

29529.048074

29591.845907

29632.357804

29691.380508

29687.038681

29712.686767

29533.324980

29296.024535

28865.057996

28606.619545

28606.619545

28865.057996

29296.024535

29533.324980

29712.686767

29687.038681

29691.380508

29632.357804

29591.845907

29529.048074

29481.487109

29431.176091

29398.429202

29369.274018

29354.311058

29341.409371

29337.079482

29332.329871

29332.172478

29330.474884

29331.158214

29330.091760

29330.139892

29328.708997

29327.945379

29326.588057

29326.066539

29325.132269

29323.371237

29319.488307

29321.807846

29323.717386

29324.359323

29324.269683

29325.160113

29326.193006

29328.063758

29328.838405

29330.302519

29330.068362

29331.406531

29330.989638

29333.956332

29335.698585

29344.234355

29353.253212

29375.060557

29399.887452

29444.862166

29491.463784

29561.072530

29617.270769

29690.508980

29716.067122

29745.314172

29678.188221

29556.847949

29337.970442

29090.367217

28931.762921

28931.762921

29090.367217

29337.970442

29556.847949

29678.188221

29745.314172

29716.067122

29690.508980

29617.270769

29561.072530

29491.463784

29444.862166

29399.887452

29375.060557

29353.253212

29344.234355

29335.698585

29333.956332

29330.989638

29331.406531

29330.068362

29330.302519

29328.838405

29328.063758

29326.193006

29325.160113

29324.269683

29324.359323

29323.717386

29321.807846

29324.246514

29324.454211

29323.214309

29322.653298

29323.057747

29324.870071

29326.348912

29328.395797

29329.088335

29330.663732

29330.580411

29332.579185

29333.100981

29338.089313

29342.624951

29356.161773

29371.576828

29403.129464

29438.666880

29496.827460

29554.279945

29632.027141

29690.314213

29751.217943

29769.401065

29748.227488

29687.358085

29553.779745

29452.059009

29355.362541

29355.362541

29452.059009

29553.779745

29687.358085

29748.227488

29769.401065

29751.217943

29690.314213

29632.027141

29554.279945

29496.827460

29438.666880

29403.129464

29371.576828

29356.161773

29342.624951

29338.089313

29333.100981

29332.579185

29330.580411

29330.663732

29329.088335

29328.395797

29326.348912

29324.870071

29323.057747

29322.653298

29323.214309

29324.454211

29324.246514

29327.320004

29324.944467

29322.252960

29320.895656

29321.767600

29323.351129

29325.629676

29327.143131

29329.157930

29329.893177

29331.685388

29332.110266

29334.901067

29336.833951

29343.766826

29351.462113

29368.926096

29390.129227

29427.338982

29470.417396

29531.946655

29595.325288

29666.661403

29730.993981

29773.171555

29810.559274

29785.653273

29782.668499

29720.334886

29708.091475

29708.091475

29720.334886

29782.668499

29785.653273

29810.559274

29773.171555

29730.993981

29666.661403

29595.325288

29531.946655

29470.417396

29427.338982

29390.129227

29368.926096

29351.462113

29343.766826

29336.833951

29334.901067

29332.110266

29331.685388

29329.893177

29329.157930

29327.143131

29325.629676

29323.351129

29321.767600

29320.895656

29322.252960

29324.944467

29327.320004

29330.525362

29325.443693

29321.153498

29320.252886

29321.413702

29323.230056

29324.813528

29326.758083

29327.994130

29329.762705

29330.566263

29332.365392

29333.340540

29336.369806

29339.492454

29346.862895

29356.732744

29374.608377

29399.310852

29435.752193

29483.816903

29541.313372

29613.661862

29678.872599

29763.564818

29809.586052

29884.040697

29894.971304

29936.278376

29932.605169

29932.605169

29936.278376

29894.971304

29884.040697

29809.586052

29763.564818

29678.872599

29613.661862

29541.313372

29483.816903

29435.752193

29399.310852

29374.608377

29356.732744

29346.862895

29339.492454

29336.369806

29333.340540

29332.365392

29330.566263

29329.762705

29327.994130

29326.758083

29324.813528

29323.230056

29321.413702

29320.252886

29321.153498

29325.443693

29330.525362

29335.715843

29324.718401

29320.643482

29321.915364

29322.874116

29323.568742

29324.412880

29325.044041

29326.119394

29326.778537

29327.912810

29328.562161

29329.796789

29330.967616

29333.164060

29336.861308

29342.865928

29354.367661

29370.683659

29400.279542

29436.780103

29497.764861

29561.400488

29660.896426

29745.290629

29870.830979

29953.052854

30064.936935

30116.011824

30161.820064

30161.820064

30116.011824

30064.936935

29953.052854

29870.830979

29745.290629

29660.896426

29561.400488

29497.764861

29436.780103

29400.279542

29370.683659

29354.367661

29342.865928

29336.861308

29333.164060

29330.967616

29329.796789

29328.562161

29327.912810

29326.778537

29326.119394

29325.044041

29324.412880

29323.568742

29322.874116

29321.915364

29320.643482

29324.718401

29335.715843

29338.870121

29321.657345

29325.405554

29325.679749

29324.698867

29323.594032

29322.431342

29321.806902

29321.179942

29321.093564

29320.896644

29321.022371

29321.152284

29321.277935

29322.296747

29323.232384

29328.049956

29333.884833

29351.167587

29372.867918

29420.625466

29477.198396

29579.338709

29687.965165

29854.246167

30007.055005

30202.970123

30349.125397

30489.038611

30551.284159

30551.284159

30489.038611

30349.125397

30202.970123

30007.055005

29854.246167

29687.965165

29579.338709

29477.198396

29420.625466

29372.867918

29351.167587

29333.884833

29328.049956

29323.232384

29322.296747

29321.277935

29321.152284

29321.022371

29320.896644

29321.093564

29321.179942

29321.806902

29322.431342

29323.594032

29324.698867

29325.679749

29325.405554

29321.657345

29338.870121

29356.909843

29338.819563

29335.076199

29329.351040

29325.680880

29322.271154

29319.632186

29317.000965

29315.167173

29313.192001

29311.962287

29310.416422

29309.253854

29307.952412

29306.652474

29306.927599

29307.849204

29316.252319

29329.280216

29364.172706

29413.685756

29510.233029

29634.769201

29831.598464

30055.576392

30345.152733

30622.014789

30901.498123

31100.431646

31217.909175

31217.909175

31100.431646

30901.498123

30622.014789

30345.152733

30055.576392

29831.598464

29634.769201

29510.233029

29413.685756

29364.172706

29329.280216

29316.252319

29307.849204

29306.927599

29306.652474

29307.952412

29309.253854

29310.416422

29311.962287

29313.192001

29315.167173

29317.000965

29319.632186

29322.271154

29325.680880

29329.351040

29335.076199

29338.819563

29356.909843

