AXIS X

0.000000 0.000500 0.001000 0.001500 0.002000 0.002500 0.003000 0.003500 0.004000 0.004500 0.005000 0.005500 0.006000 0.006500 0.007000 0.007500 0.008000 0.008500 0.009000 0.009500 0.010000 0.010500 0.011000 0.011500 0.012000 0.012500 0.013000 0.013500 0.014000 0.014500 0.015000 0.015500 0.016000 0.016500 0.017000 0.017500 0.018000 0.018500 0.019000 0.019500 0.020000 0.020500 0.021000 0.021500 0.022000 0.022500 0.023000 0.023500 0.024000 0.024500 0.025000 0.025500 0.026000 0.026500 0.027000 0.027500 0.028000 0.028500 0.029000 0.029500 

AXIS Y

0.000000 0.000500 0.001000 0.001500 0.002000 0.002500 0.003000 0.003500 0.004000 0.004500 0.005000 0.005500 0.006000 0.006500 0.007000 0.007500 0.008000 0.008500 0.009000 0.009500 0.010000 0.010500 0.011000 0.011500 0.012000 0.012500 0.013000 0.013500 0.014000 0.014500 0.015000 0.015500 0.016000 0.016500 0.017000 0.017500 0.018000 0.018500 0.019000 0.019500 0.020000 0.020500 0.021000 0.021500 0.022000 0.022500 0.023000 0.023500 0.024000 0.024500 0.025000 0.025500 0.026000 0.026500 0.027000 0.027500 0.028000 0.028500 0.029000 0.029500 



DATA
6063.446111

6033.850817

6027.052822

6017.680192

6012.427650

6008.810048

6006.576592

6005.074402

6004.158664

6003.441664

6003.260012

6003.261522

6004.252006

6005.824276

6009.337414

6014.318094

6022.840367

6034.297161

6051.599538

6073.738983

6104.470247

6141.864408

6190.464452

6246.765795

6316.175642

6392.875548

6483.142847

6575.893306

6678.481576

6732.738280

6732.738280

6678.481576

6575.893306

6483.142847

6392.875548

6316.175642

6246.765795

6190.464452

6141.864408

6104.470247

6073.738983

6051.599538

6034.297161

6022.840367

6014.318094

6009.337414

6005.824276

6004.252006

6003.261522

6003.260012

6003.441664

6004.158664

6005.074402

6006.576592

6008.810048

6012.427650

6017.680192

6027.052822

6033.850817

6063.446111

6034.071590

6006.177723

6015.525833

6015.419220

6014.172649

6011.481607

6009.263157

6007.198325

6005.717452

6004.478522

6003.642146

6003.052579

6002.896497

6003.270733

6004.438979

6006.820311

6010.742185

6017.027473

6025.940278

6038.742369

6055.281109

6077.205427

6103.312450

6135.541728

6170.853851

6211.537735

6252.214274

6296.871575

6337.870896

6374.489810

6374.489810

6337.870896

6296.871575

6252.214274

6211.537735

6170.853851

6135.541728

6103.312450

6077.205427

6055.281109

6038.742369

6025.940278

6017.027473

6010.742185

6006.820311

6004.438979

6003.270733

6002.896497

6003.052579

6003.642146

6004.478522

6005.717452

6007.198325

6009.263157

6011.481607

6014.172649

6015.419220

6015.525833

6006.177723

6034.071590

6031.198218

6010.815474

6007.547662

6012.710230

6013.307902

6012.790390

6010.720572

6009.012426

6007.197364

6006.000647

6004.753104

6003.959513

6003.005031

6002.499999

6001.962445

6002.159808

6002.797302

6004.761015

6008.050265

6013.515261

6021.618423

6032.800586

6048.193645

6067.158983

6091.646454

6118.977551

6151.533384

6182.791956

6205.349060

6189.943427

6189.943427

6205.349060

6182.791956

6151.533384

6118.977551

6091.646454

6067.158983

6048.193645

6032.800586

6021.618423

6013.515261

6008.050265

6004.761015

6002.797302

6002.159808

6001.962445

6002.499999

6003.005031

6003.959513

6004.753104

6006.000647

6007.197364

6009.012426

6010.720572

6012.790390

6013.307902

6012.710230

6007.547662

6010.815474

6031.198218

6025.560883

6013.484926

6007.237255

6008.352854

6010.907248

6010.868963

6010.122519

6008.408871

6007.243106

6005.919012

6005.298948

6004.401436

6004.068195

6003.293813

6003.115588

6002.555344

6002.862225

6003.164034

6004.877495

6007.490250

6012.422785

6019.980316

6031.088810

6047.311221

6067.817595

6094.968268

6123.154437

6150.781659

6161.097832

6157.716496

6157.716496

6161.097832

6150.781659

6123.154437

6094.968268

6067.817595

6047.311221

6031.088810

6019.980316

6012.422785

6007.490250

6004.877495

6003.164034

6002.862225

6002.555344

6003.115588

6003.293813

6004.068195

6004.401436

6005.298948

6005.919012

6007.243106

6008.408871

6010.122519

6010.868963

6010.907248

6008.352854

6007.237255

6013.484926

6025.560883

6023.933031

6015.191745

6008.435515

6006.904943

6007.769920

6008.500862

6007.659407

6006.707547

6005.265248

6004.627520

6003.842067

6003.948238

6003.729321

6004.360113

6004.525006

6005.630444

6006.279298

6008.092023

6009.752021

6013.028460

6017.177928

6023.826698

6033.549187

6046.832819

6065.869033

6087.458525

6113.468559

6132.553733

6144.033858

6127.470686

6127.470686

6144.033858

6132.553733

6113.468559

6087.458525

6065.869033

6046.832819

6033.549187

6023.826698

6017.177928

6013.028460

6009.752021

6008.092023

6006.279298

6005.630444

6004.525006

6004.360113

6003.729321

6003.948238

6003.842067

6004.627520

6005.265248

6006.707547

6007.659407

6008.500862

6007.769920

6006.904943

6008.435515

6015.191745

6023.933031

6022.806741

6016.618272

6009.798943

6006.527468

6006.169936

6006.070312

6005.643071

6004.245456

6003.258585

6002.081287

6001.983402

6001.827345

6002.867656

6003.709147

6005.802397

6007.542983

6010.585481

6013.121712

6016.959944

6020.392237

6025.225636

6030.631426

6037.818639

6047.816159

6059.621301

6076.212905

6091.572064

6109.021364

6116.471324

6116.646847

6116.646847

6116.471324

6109.021364

6091.572064

6076.212905

6059.621301

6047.816159

6037.818639

6030.631426

6025.225636

6020.392237

6016.959944

6013.121712

6010.585481

6007.542983

6005.802397

6003.709147

6002.867656

6001.827345

6001.983402

6002.081287

6003.258585

6004.245456

6005.643071

6006.070312

6006.169936

6006.527468

6009.798943

6016.618272

6022.806741

6022.343860

6017.580659

6010.731264

6006.606388

6005.062059

6004.726028

6003.793458

6002.735604

6001.102162

6000.299175

5999.511257

6000.087582

6000.746706

6002.933752

6005.062873

6008.767399

6012.096426

6016.840622

6020.714498

6025.578776

6029.312207

6033.534909

6037.408591

6041.441762

6047.389397

6053.165414

6063.433698

6072.667091

6085.638141

6090.595946

6090.595946

6085.638141

6072.667091

6063.433698

6053.165414

6047.389397

6041.441762

6037.408591

6033.534909

6029.312207

6025.578776

6020.714498

6016.840622

6012.096426

6008.767399

6005.062873

6002.933752

6000.746706

6000.087582

5999.511257

6000.299175

6001.102162

6002.735604

6003.793458

6004.726028

6005.062059

6006.606388

6010.731264

6017.580659

6022.343860

6022.315576

6018.233302

6011.343352

6006.374152

6004.425595

6003.537861

6002.895782

6001.414799

6000.162615

5998.624295

5998.247925

5998.015199

5999.362349

6000.843494

6004.032486

6007.072387

6011.736726

6015.615134

6020.679077

6024.053862

6027.796121

6029.302551

6030.287475

6029.941294

6028.887696

6029.741230

6031.688397

6039.964825

6052.251345

6071.568217

6071.568217

6052.251345

6039.964825

6031.688397

6029.741230

6028.887696

6029.941294

6030.287475

6029.302551

6027.796121

6024.053862

6020.679077

6015.615134

6011.736726

6007.072387

6004.032486

6000.843494

5999.362349

5998.015199

5998.247925

5998.624295

6000.162615

6001.414799

6002.895782

6003.537861

6004.425595

6006.374152

6011.343352

6018.233302

6022.315576

6022.223108

6018.799257

6011.409877

6006.095633

6003.523681

6002.835368

6001.981255

6001.057366

5999.376254

5998.302652

5997.114404

5997.261240

5997.497034

5999.299874

6000.984953

6004.246130

6006.838397

6010.833518

6013.218369

6016.560693

6017.219722

6018.166451

6016.075471

6013.910060

6010.403435

6008.190134

6008.927161

6015.099238

6026.716447

6036.213826

6036.213826

6026.716447

6015.099238

6008.927161

6008.190134

6010.403435

6013.910060

6016.075471

6018.166451

6017.219722

6016.560693

6013.218369

6010.833518

6006.838397

6004.246130

6000.984953

5999.299874

5997.497034

5997.261240

5997.114404

5998.302652

5999.376254

6001.057366

6001.981255

6002.835368

6003.523681

6006.095633

6011.409877

6018.799257

6022.223108

6022.593011

6018.993866

6011.406323

6005.358652

6002.804884

6001.879671

6001.644697

6000.621891

5999.652536

5998.096393

5997.383799

5996.487799

5996.790169

5996.762037

5997.914708

5998.231935

5999.716807

5999.605793

6000.822881

5999.532879

5999.911731

5997.117974

5996.514268

5993.126276

5993.001278

5992.153989

5996.703788

6001.886053

6011.704325

6021.810568

6021.810568

6011.704325

6001.886053

5996.703788

5992.153989

5993.001278

5993.126276

5996.514268

5997.117974

5999.911731

5999.532879

6000.822881

5999.605793

5999.716807

5998.231935

5997.914708

5996.762037

5996.790169

5996.487799

5997.383799

5998.096393

5999.652536

6000.621891

6001.644697

6001.879671

6002.804884

6005.358652

6011.406323

6018.993866

6022.593011

6022.526669

6019.336973

6010.949689

6004.745184

6001.751014

6001.306032

6001.076978

6000.931750

5999.859368

5999.078628

5997.714277

5997.083119

5995.786478

5995.103361

5993.172970

5991.700904

5988.258381

5985.720429

5980.612745

5977.840865

5972.240877

5971.299117

5967.797570

5971.487616

5973.234437

5983.584413

5990.815280

6003.460392

6003.512279

5979.049263

5979.049263

6003.512279

6003.460392

5990.815280

5983.584413

5973.234437

5971.487616

5967.797570

5971.299117

5972.240877

5977.840865

5980.612745

5985.720429

5988.258381

5991.700904

5993.172970

5995.103361

5995.786478

5997.083119

5997.714277

5999.078628

5999.859368

6000.931750

6001.076978

6001.306032

6001.751014

6004.745184

6010.949689

6019.336973

6022.526669

6022.942649

6019.215539

6010.680037

6003.779103

6001.036516

6000.478148

6001.089219

6001.043846

6000.994985

6000.003260

5999.311324

5997.636460

5996.079263

5992.854047

5989.243134

5983.049314

5976.655009

5967.116322

5959.257053

5948.437694

5943.289666

5936.082972

5939.765939

5942.137742

5959.020204

5972.452626

5996.987362

6006.659856

6007.469264

5981.212064

5981.212064

6007.469264

6006.659856

5996.987362

5972.452626

5959.020204

5942.137742

5939.765939

5936.082972

5943.289666

5948.437694

5959.257053

5967.116322

5976.655009

5983.049314

5989.243134

5992.854047

5996.079263

5997.636460

5999.311324

6000.003260

6000.994985

6001.043846

6001.089219

6000.478148

6001.036516

6003.779103

6010.680037

6019.215539

6022.942649

6022.647583

6019.373882

6009.997582

6003.164756

6000.078074

6000.182103

6000.874687

6001.912029

6001.933377

6001.971040

6000.804021

5999.465394

5996.222778

5991.997427

5984.691230

5975.956282

5963.290034

5950.657518

5934.305750

5922.592663

5908.595633

5906.791960

5904.343606

5921.615610

5937.030860

5972.808960

5996.398363

6023.553022

6011.645325

5940.219030

5940.219030

6011.645325

6023.553022

5996.398363

5972.808960

5937.030860

5921.615610

5904.343606

5906.791960

5908.595633

5922.592663

5934.305750

5950.657518

5963.290034

5975.956282

5984.691230

5991.997427

5996.222778

5999.465394

6000.804021

6001.971040

6001.933377

6001.912029

6000.874687

6000.182103

6000.078074

6003.164756

6009.997582

6019.373882

6022.647583

6022.837362

6018.964600

6009.684670

6002.268386

5999.649604

5999.676023

6001.338932

6002.506596

6003.721523

6003.659504

6003.343140

6001.104779

5997.708657

5991.085731

5982.229575

5968.902920

5953.815018

5934.095962

5916.571782

5895.844129

5885.648470

5874.494131

5884.678854

5894.145046

5931.727656

5961.219042

6010.068808

6027.823530

6027.314825

5978.633498

5978.633498

6027.314825

6027.823530

6010.068808

5961.219042

5931.727656

5894.145046

5884.678854

5874.494131

5885.648470

5895.844129

5916.571782

5934.095962

5953.815018

5968.902920

5982.229575

5991.085731

5997.708657

6001.104779

6003.343140

6003.659504

6003.721523

6002.506596

6001.338932

5999.676023

5999.649604

6002.268386

6009.684670

6018.964600

6022.837362

6022.100717

6018.921922

6008.959043

6001.907291

5999.014078

5999.831897

6001.518544

6003.843966

6005.088251

6006.170197

6005.455247

6003.762443

5999.045323

5991.945730

5980.334774

5965.760533

5946.029978

5925.823047

5901.457689

5883.997439

5864.579464

5863.966878

5862.421939

5891.419764

5914.801252

5970.091273

6003.173179

6045.707422

6034.281076

5950.152076

5950.152076

6034.281076

6045.707422

6003.173179

5970.091273

5914.801252

5891.419764

5862.421939

5863.966878

5864.579464

5883.997439

5901.457689

5925.823047

5946.029978

5965.760533

5980.334774

5991.945730

5999.045323

6003.762443

6005.455247

6006.170197

6005.088251

6003.843966

6001.518544

5999.831897

5999.014078

6001.907291

6008.959043

6018.921922

6022.100717

6021.834645

6018.224310

6008.747963

6001.279958

5999.052586

5999.724112

6002.411759

6004.700635

6007.154171

6008.031758

6008.291807

6005.914021

6001.551661

5993.078171

5981.334778

5964.510104

5945.285537

5921.481841

5900.586956

5876.913516

5866.814227

5854.966712

5870.288569

5880.402206

5926.920483

5956.269346

6015.438864

6034.665061

6049.432262

6028.527803

6028.527803

6049.432262

6034.665061

6015.438864

5956.269346

5926.920483

5880.402206

5870.288569

5854.966712

5866.814227

5876.913516

5900.586956

5921.481841

5945.285537

5964.510104

5981.334778

5993.078171

6001.551661

6005.914021

6008.291807

6008.031758

6007.154171

6004.700635

6002.411759

5999.724112

5999.052586

6001.279958

6008.747963

6018.224310

6021.834645

6020.467406

6017.961943

6008.104257

6001.333615

5998.836374

6000.349774

6002.834852

6006.232154

6008.449162

6010.478204

6010.280642

6008.765256

6003.743269

5995.908206

5983.523544

5967.962330

5948.042349

5927.931568

5904.942190

5889.715132

5872.479483

5875.344356

5872.952803

5903.281213

5918.152751

5971.044863

5992.000346

6040.040989

6039.957201

5993.402657

5993.402657

6039.957201

6040.040989

5992.000346

5971.044863

5918.152751

5903.281213

5872.952803

5875.344356

5872.479483

5889.715132

5904.942190

5927.931568

5948.042349

5967.962330

5983.523544

5995.908206

6003.743269

6008.765256

6010.280642

6010.478204

6008.449162

6006.232154

6002.834852

6000.349774

5998.836374

6001.333615

6008.104257

6017.961943

6020.467406

6019.531003

6016.966553

6008.092341

6001.077187

5999.391388

6000.548970

6003.968118

6006.969605

6010.325399

6011.859349

6012.767847

6010.754611

6006.791537

5998.964257

5988.196666

5973.655336

5957.263764

5938.524674

5922.811965

5905.859099

5901.076759

5892.206516

5907.304282

5908.474194

5944.395713

5951.363203

5997.900923

6003.074400

6037.607404

6075.504356

6075.504356

6037.607404

6003.074400

5997.900923

5951.363203

5944.395713

5908.474194

5907.304282

5892.206516

5901.076759

5905.859099

5922.811965

5938.524674

5957.263764

5973.655336

5988.196666

5998.964257

6006.791537

6010.754611

6012.767847

6011.859349

6010.325399

6006.969605

6003.968118

6000.548970

5999.391388

6001.077187

6008.092341

6016.966553

6019.531003

6017.339980

6016.451908

6007.593635

6001.605603

5999.552882

6001.519364

6004.350321

6008.353776

6011.046411

6013.747754

6014.007924

6013.240368

6009.200575

6003.051928

5993.707577

5982.189454

5969.004895

5955.951888

5943.051275

5935.740751

5927.118812

5932.511016

5927.879375

5947.888663

5942.429999

5973.486238

5965.086089

6002.497921

6000.524441

5981.370745

5981.370745

6000.524441

6002.497921

5965.086089

5973.486238

5942.429999

5947.888663

5927.879375

5932.511016

5927.118812

5935.740751

5943.051275

5955.951888

5969.004895

5982.189454

5993.707577

6003.051928

6009.200575

6013.240368

6014.007924

6013.747754

6011.046411

6008.353776

6004.350321

6001.519364

5999.552882

6001.605603

6007.593635

6016.451908

6017.339980

6015.507996

6015.114509

6007.806488

6001.708862

6000.546222

6001.813632

6005.464071

6008.589996

6012.378437

6014.173174

6015.733065

6014.438458

6012.021135

6006.746925

5999.841280

5991.633839

5982.465079

5974.654376

5968.300315

5964.131309

5965.825615

5964.083745

5975.326263

5968.991454

5987.304729

5970.487180

5994.348387

5971.315008

5992.720500

6026.597860

6026.597860

5992.720500

5971.315008

5994.348387

5970.487180

5987.304729

5968.991454

5975.326263

5964.083745

5965.825615

5964.131309

5968.300315

5974.654376

5982.465079

5991.633839

5999.841280

6006.746925

6012.021135

6014.438458

6015.733065

6014.173174

6012.378437

6008.589996

6005.464071

6001.813632

6000.546222

6001.708862

6007.806488

6015.114509

6015.507996

6012.275733

6014.274060

6007.432163

6002.663592

6000.933899

6002.924633

6005.504468

6009.553664

6012.174952

6015.228840

6015.753185

6016.006490

6013.484654

6010.192867

6005.453327

5999.920594

5996.120488

5992.143105

5993.208479

5995.368445

6001.742048

6012.005484

6017.159112

6033.374042

6026.705626

6045.033861

6018.493465

6028.198058

5968.505896

5839.021863

5839.021863

5968.505896

6028.198058

6018.493465

6045.033861

6026.705626

6033.374042

6017.159112

6012.005484

6001.742048

5995.368445

5993.208479

5992.143105

5996.120488

5999.920594

6005.453327

6010.192867

6013.484654

6016.006490

6015.753185

6015.228840

6012.174952

6009.553664

6005.504468

6002.924633

6000.933899

6002.663592

6007.432163

6014.274060

6012.275733

6009.306620

6012.501893

6007.818188

6003.024340

6002.211674

6003.077823

6006.373549

6009.023175

6012.766617

6014.380189

6016.368288

6015.552166

6014.732365

6011.911531

6009.013845

6007.217585

6005.426210

6009.892972

6014.226607

6029.235951

6043.874728

6067.720589

6092.878466

6115.095100

6145.120763

6146.247478

6161.356890

6099.991460

6022.332758

5877.511625

5877.511625

6022.332758

6099.991460

6161.356890

6146.247478

6145.120763

6115.095100

6092.878466

6067.720589

6043.874728

6029.235951

6014.226607

6009.892972

6005.426210

6007.217585

6009.013845

6011.911531

6014.732365

6015.552166

6016.368288

6014.380189

6012.766617

6009.023175

6006.373549

6003.077823

6002.211674

6003.024340

6007.818188

6012.501893

6009.306620

6004.806491

6011.228184

6007.486329

6004.297148

6002.652271

6004.148662

6005.872232

6009.417242

6011.444218

6014.394210

6014.615619

6015.332320

6013.365230

6011.977691

6010.323031

6009.651539

6014.562879

6020.682762

6041.083030

6061.982420

6104.636576

6145.987160

6207.638352

6265.731359

6323.224883

6371.158414

6362.582224

6313.934536

6100.452603

5623.344188

5623.344188

6100.452603

6313.934536

6362.582224

6371.158414

6323.224883

6265.731359

6207.638352

6145.987160

6104.636576

6061.982420

6041.083030

6020.682762

6014.562879

6009.651539

6010.323031

6011.977691

6013.365230

6015.332320

6014.615619

6014.394210

6011.444218

6009.417242

6005.872232

6004.148662

6002.652271

6004.297148

6007.486329

6011.228184

6004.806491

6000.488236

6008.913886

6007.962128

6004.797869

6004.082243

6004.018389

6006.389822

6008.026364

6011.190203

6011.996225

6013.609127

6012.033895

6011.314501

6008.715116

6007.926135

6010.598621

6016.799837

6037.518843

6063.256606

6118.776899

6178.073201

6278.632015

6374.983443

6504.399116

6608.794849

6695.039817

6710.994468

6587.000141

6285.934929

5777.497153

5777.497153

6285.934929

6587.000141

6710.994468

6695.039817

6608.794849

6504.399116

6374.983443

6278.632015

6178.073201

6118.776899

6063.256606

6037.518843

6016.799837

6010.598621

6007.926135

6008.715116

6011.314501

6012.033895

6013.609127

6011.996225

6011.190203

6008.026364

6006.389822

6004.018389

6004.082243

6004.797869

6007.962128

6008.913886

6000.488236

5994.566685

6007.124269

6007.593532

6006.300618

6004.479935

6004.981610

6005.325657

6007.831548

6008.701082

6010.736529

6009.503691

6009.052789

6005.348236

6003.578007

6002.506594

6006.703812

6022.870055

6049.631035

6108.650452

6181.975348

6310.990607

6447.114509

6647.119929

6822.322823

7024.830073

7135.052036

7159.988189

6985.510524

6522.567930

5491.319812

5491.319812

6522.567930

6985.510524

7159.988189

7135.052036

7024.830073

6822.322823

6647.119929

6447.114509

6310.990607

6181.975348

6108.650452

6049.631035

6022.870055

6006.703812

6002.506594

6003.578007

6005.348236

6009.052789

6009.503691

6010.736529

6008.701082

6007.831548

6005.325657

6004.981610

6004.479935

6006.300618

6007.593532

6007.124269

5994.566685

5988.836982

6004.226792

6008.111946

6006.879528

6006.021242

6004.580801

6005.531777

6005.681622

6007.582043

6006.688940

6006.462277

6002.186952

5999.246764

5994.396702

5995.031343

6003.508397

6026.562643

6079.423557

6158.333986

6299.074160

6467.039269

6720.923029

6968.969423

7285.203066

7507.886858

7706.549255

7679.402785

7443.043197

6807.257414

5879.122699

5879.122699

6807.257414

7443.043197

7679.402785

7706.549255

7507.886858

7285.203066

6968.969423

6720.923029

6467.039269

6299.074160

6158.333986

6079.423557

6026.562643

6003.508397

5995.031343

5994.396702

5999.246764

6002.186952

6006.462277

6006.688940

6007.582043

6005.681622

6005.531777

6004.580801

6006.021242

6006.879528

6008.111946

6004.226792

5988.836982

5981.566047

6001.955575

6007.691550

6008.589660

6006.386760

6005.494371

6004.060548

6005.010885

6004.122734

6004.132740

6000.052174

5996.415697

5988.962782

5985.635754

5985.729096

6001.138048

6040.630673

6114.595166

6248.828111

6432.506324

6713.140051

7021.866153

7427.889007

7767.233914

8133.326932

8269.050405

8283.897787

7890.984310

7135.454661

5442.058287

5442.058287

7135.454661

7890.984310

8283.897787

8269.050405

8133.326932

7767.233914

7427.889007

7021.866153

6713.140051

6432.506324

6248.828111

6114.595166

6040.630673

6001.138048

5985.729096

5985.635754

5988.962782

5996.415697

6000.052174

6004.132740

6004.122734

6005.010885

6004.060548

6005.494371

6006.386760

6008.589660

6007.691550

6001.955575

5981.566047

5974.679940

5998.594189

6008.286421

6009.250705

6008.078016

6004.950643

6004.110552

6002.403190

6002.336276

5998.910895

5995.379486

5987.082460

5980.690452

5973.953804

5979.934314

6002.921226

6062.510282

6175.149154

6353.934806

6630.489754

6974.093572

7431.170133

7873.442733

8374.921652

8679.775679

8927.391412

8763.485483

8366.555483

7327.632512

6019.695470

6019.695470

7327.632512

8366.555483

8763.485483

8927.391412

8679.775679

8374.921652

7873.442733

7431.170133

6974.093572

6630.489754

6353.934806

6175.149154

6062.510282

6002.921226

5979.934314

5973.953804

5980.690452

5987.082460

5995.379486

5998.910895

6002.336276

6002.403190

6004.110552

6004.950643

6008.078016

6009.250705

6008.286421

5998.594189

5974.679940

5966.519803

5996.071349

6007.884436

6011.192648

6008.469721

6005.935056

6002.489962

6001.520014

5998.482580

5995.634895

5988.079069

5980.399620

5969.752075

5967.162188

5974.719293

6014.422999

6096.813707

6251.147639

6496.104103

6839.854582

7302.608714

7813.934336

8402.252809

8865.945919

9300.632379

9364.493631

9287.438603

8602.907786

7538.853432

5009.468457

5009.468457

7538.853432

8602.907786

9287.438603

9364.493631

9300.632379

8865.945919

8402.252809

7813.934336

7302.608714

6839.854582

6496.104103

6251.147639

6096.813707

6014.422999

5974.719293

5967.162188

5969.752075

5980.399620

5988.079069

5995.634895

5998.482580

6001.520014

6002.489962

6005.935056

6008.469721

6011.192648

6007.884436

5996.071349

5966.519803

5959.172888

5992.579357

6008.667423

6011.956985

6010.359259

6005.385982

6002.599501

5998.909933

5996.577011

5990.515079

5983.408069

5971.968916

5963.747224

5959.982650

5979.513430

6030.474603

6147.238210

6342.137001

6650.866314

7076.000583

7606.339045

8224.550050

8811.585779

9376.899387

9663.638487

9828.017523

9447.175523

8842.276568

7302.755906

5519.012215

5519.012215

7302.755906

8842.276568

9447.175523

9828.017523

9663.638487

9376.899387

8811.585779

8224.550050

7606.339045

7076.000583

6650.866314

6342.137001

6147.238210

6030.474603

5979.513430

5959.982650

5963.747224

5971.968916

5983.408069

5990.515079

5996.577011

5998.909933

6002.599501

6005.385982

6010.359259

6011.956985

6008.667423

5992.579357

5959.172888

5951.033711

5990.240891

6008.413169

6014.146290

6010.793629

6006.547580

6001.076762

5998.217024

5993.207581

5987.752306

5977.806280

5967.675574

5957.860103

5961.461023

5985.966505

6061.542916

6199.883047

6447.361805

6802.082369

7296.358877

7886.610916

8535.784533

9171.730559

9653.036617

9987.275171

9896.611605

9612.876576

8564.567572

7052.655790

3183.070542

3183.070542

7052.655790

8564.567572

9612.876576

9896.611605

9987.275171

9653.036617

9171.730559

8535.784533

7886.610916

7296.358877

6802.082369

6447.361805

6199.883047

6061.542916

5985.966505

5961.461023

5957.860103

5967.675574

5977.806280

5987.752306

5993.207581

5998.217024

6001.076762

6006.547580

6010.793629

6014.146290

6008.413169

5990.240891

5951.033711

5944.327295

5987.132020

6009.526789

6014.992816

6012.875259

6006.044130

6001.463915

5996.047438

5991.979017

5984.334025

5975.364938

5964.154817

5958.396404

5964.697123

6004.462435

6090.899336

6266.290023

6534.268367

6946.807765

7459.783592

8096.091065

8739.308397

9352.026405

9804.175397

9988.598732

9905.124512

9251.340443

8262.186424

5960.916640

3330.588285

3330.588285

5960.916640

8262.186424

9251.340443

9905.124512

9988.598732

9804.175397

9352.026405

8739.308397

8096.091065

7459.783592

6946.807765

6534.268367

6266.290023

6090.899336

6004.462435

5964.697123

5958.396404

5964.154817

5975.364938

5984.334025

5991.979017

5996.047438

6001.463915

6006.044130

6012.875259

6014.992816

6009.526789

5987.132020

5944.327295

5937.434876

5985.528920

6009.551968

6017.387283

6013.274707

6007.427426

6000.150976

5995.964461

5989.816323

5983.397038

5973.694049

5964.901729

5961.412671

5976.159696

6022.569492

6131.137649

6313.752392

6620.379821

7024.807401

7578.391612

8167.453331

8823.298911

9343.298088

9749.721653

9830.126087

9561.271109

8851.354660

7259.248104

4858.490614

-1093.145803

-1093.145803

4858.490614

7259.248104

8851.354660

9561.271109

9830.126087

9749.721653

9343.298088

8823.298911

8167.453331

7578.391612

7024.807401

6620.379821

6313.752392

6131.137649

6022.569492

5976.159696

5961.412671

5964.901729

5973.694049

5983.397038

5989.816323

5995.964461

6000.150976

6007.427426

6013.274707

6017.387283

6009.551968

5985.528920

5937.434876

5932.626523

5983.363909

6011.098779

6018.224984

6015.464613

6006.889707

6000.960752

5994.383670

5989.902040

5982.482436

5974.876220

5967.985182

5969.287165

5989.604742

6047.554694

6159.681133

6362.028907

6650.449709

7076.101887

7561.667265

8166.823043

8696.964163

9237.308208

9476.602388

9565.986153

9098.859326

8121.009244

6297.847436

2784.499646

-1113.097625

-1113.097625

2784.499646

6297.847436

8121.009244

9098.859326

9565.986153

9476.602388

9237.308208

8696.964163

8166.823043

7561.667265

7076.101887

6650.449709

6362.028907

6159.681133

6047.554694

5989.604742

5969.287165

5967.985182

5974.876220

5982.482436

5989.902040

5994.383670

6000.960752

6006.889707

6015.464613

6018.224984

6011.098779

5983.363909

5932.626523

5928.185824

5982.983771

6011.473610

6020.705680

6015.669937

6008.457910

5999.741919

5995.128882

5988.903425

5983.905696

5977.142256

5973.851278

5979.912152

6006.446871

6068.766652

6188.223114

6375.107639

6664.348717

7021.872354

7502.280336

7975.934464

8538.168255

8914.811584

9293.127888

9171.219174

8860.096695

7464.500530

4977.707127

1094.298816

-6533.012401

-6533.012401

1094.298816

4977.707127

7464.500530

8860.096695

9171.219174

9293.127888

8914.811584

8538.168255

7975.934464

7502.280336

7021.872354

6664.348717

6375.107639

6188.223114

6068.766652

6006.446871

5979.912152

5973.851278

5977.142256

5983.905696

5988.903425

5995.128882

5999.741919

6008.457910

6015.669937

6020.705680

6011.473610

5982.983771

5928.185824

5926.283074

5982.174492

6013.446890

6021.389512

6017.822381

6007.705027

6000.974265

5993.800812

5990.368746

5984.635079

5981.541646

5981.192996

5992.039206

6023.685763

6088.825207

6200.929407

6377.749029

6614.050291

6941.647244

7303.187522

7772.838838

8201.344449

8739.772789

9031.709421

9367.753725

8820.784862

7716.848719

4174.530004

-1521.914648

-5438.401566

-5438.401566

-1521.914648

4174.530004

7716.848719

8820.784862

9367.753725

9031.709421

8739.772789

8201.344449

7772.838838

7303.187522

6941.647244

6614.050291

6377.749029

6200.929407

6088.825207

6023.685763

5992.039206

5981.192996

5981.541646

5984.635079

5990.368746

5993.800812

6000.974265

6007.705027

6017.822381

6021.389512

6013.446890

5982.174492

5926.283074

5925.051361

5983.240899

6014.131390

6023.774181

6017.664015

6009.355029

5999.554994

5995.268817

5989.578864

5987.842010

5985.105726

5989.877416

6004.469762

6039.681199

6104.061174

6206.752203

6351.737830

6548.465671

6783.048913

7094.870854

7451.204703

7959.068703

8523.226291

9310.103469

9822.939229

10280.617870

8826.213413

5149.416283

-2816.585728

-7683.111287

-7683.111287

-2816.585728

5149.416283

8826.213413

10280.617870

9822.939229

9310.103469

8523.226291

7959.068703

7451.204703

7094.870854

6783.048913

6548.465671

6351.737830

6206.752203

6104.061174

6039.681199

6004.469762

5989.877416

5985.105726

5987.842010

5989.578864

5995.268817

5999.554994

6009.355029

6017.664015

6023.774181

6014.131390

5983.240899

5925.051361

5926.412903

5983.870193

6016.376165

6024.154214

6019.621499

6008.230681

6001.093543

5993.578878

5991.949487

5988.117467

5991.014058

5996.475156

6016.982873

6053.333553

6115.494381

6203.775108

6318.052966

6454.649264

6619.771577

6834.105123

7163.402280

7700.549323

8555.566640

9759.911217

11218.620853

11947.300544

11795.376129

7748.412970

-1876.043583

-2954.478724

-2954.478724

-1876.043583

7748.412970

11795.376129

11947.300544

11218.620853

9759.911217

8555.566640

7700.549323

7163.402280

6834.105123

6619.771577

6454.649264

6318.052966

6203.775108

6115.494381

6053.333553

6016.982873

5996.475156

5991.014058

5988.117467

5991.949487

5993.578878

6001.093543

6008.230681

6019.621499

6024.154214

6016.376165

5983.870193

5926.412903

5928.371455

5986.212042

6017.206049

6026.242265

6019.028452

6009.875518

5999.272230

5995.521648

5990.226058

5992.044165

5992.412339

6005.384811

6025.004841

6066.564356

6123.011931

6198.642856

6281.964044

6362.864731

6457.309415

6585.309675

6894.609669

7478.890311

8685.130662

10384.100283

12459.472692

13735.106568

12474.430244

9555.377367

1304.806847

6700.310298

6700.310298

1304.806847

9555.377367

12474.430244

13735.106568

12459.472692

10384.100283

8685.130662

7478.890311

6894.609669

6585.309675

6457.309415

6362.864731

6281.964044

6198.642856

6123.011931

6066.564356

6025.004841

6005.384811

5992.412339

5992.044165

5990.226058

5995.521648

5999.272230

6009.875518

6019.028452

6026.242265

6017.206049

5986.212042

5928.371455

5932.512484

5987.955998

6019.435483

6026.225350

6020.705646

6008.443100

6001.074019

5993.201987

5993.063861

5990.241923

5998.344572

6007.145410

6036.190644

6072.982605

6132.720725

6194.440124

6252.864151

6295.158965

6309.194205

6395.567419

6602.981593

7340.804200

8612.493996

10955.563746

12968.214876

13894.358675

11084.808792

2937.097605

-254.614485

9480.623972

9480.623972

-254.614485

2937.097605

11084.808792

13894.358675

12968.214876

10955.563746

8612.493996

7340.804200

6602.981593

6395.567419

6309.194205

6295.158965

6252.864151

6194.440124

6132.720725

6072.982605

6036.190644

6007.145410

5998.344572

5990.241923

5993.063861

5993.201987

6001.074019

6008.443100

6020.705646

6026.225350

6019.435483

5987.955998

5932.512484

5936.812916

5991.021850

6020.153528

6027.866176

6019.802821

6010.150421

5999.105041

5995.639156

5990.258457

5994.414012

5996.064816

6015.157224

6036.962726

6085.416247

6135.975418

6199.714812

6241.603674

6246.479199

6233.376216

6199.883246

6430.909919

6973.076427

8597.243657

10623.492875

13180.813954

12355.607531

8005.925211

-1830.357871

2063.962690

20313.405921

20313.405921

2063.962690

-1830.357871

8005.925211

12355.607531

13180.813954

10623.492875

8597.243657

6973.076427

6430.909919

6199.883246

6233.376216

6246.479199

6241.603674

6199.714812

6135.975418

6085.416247

6036.962726

6015.157224

5996.064816

5994.414012

5990.258457

5995.639156

5999.105041

6010.150421

6019.802821

6027.866176

6020.153528

5991.021850

5936.812916

5942.542349

5993.228923

6022.025385

6027.459593

6021.269739

6008.823628

6001.422805

5993.325179

5993.783572

5991.008503

6001.882277

6011.741964

6046.870654

6084.551350

6150.307726

6204.125586

6248.865802

6246.059097

6174.218650

6135.983523

6145.457021

6759.909457

7897.454312

10415.178342

11921.806490

11824.231188

5442.156612

627.113305

11283.194451

15985.022773

15985.022773

11283.194451

627.113305

5442.156612

11824.231188

11921.806490

10415.178342

7897.454312

6759.909457

6145.457021

6135.983523

6174.218650

6246.059097

6248.865802

6204.125586

6150.307726

6084.551350

6046.870654

6011.741964

6001.882277

5991.008503

5993.783572

5993.325179

6001.422805

6008.823628

6021.269739

6027.459593

6022.025385

5993.228923

5942.542349

5947.798774

5996.264811

6022.353378

6028.612419

6020.383239

6010.894687

6000.120133

5996.777383

5991.262425

5996.041096

5997.692621

6019.196193

6041.760343

6096.311355

6149.645496

6224.355494

6266.077669

6266.697282

6201.984345

6055.885342

6048.118446

6246.349774

7384.318116

9163.945653

11384.219228

10718.900341

6298.194394

3386.845160

9404.151573

17337.876136

17337.876136

9404.151573

3386.845160

6298.194394

10718.900341

11384.219228

9163.945653

7384.318116

6246.349774

6048.118446

6055.885342

6201.984345

6266.697282

6266.077669

6224.355494

6149.645496

6096.311355

6041.760343

6019.196193

5997.692621

5996.041096

5991.262425

5996.777383

6000.120133

6010.894687

6020.383239

6028.612419

6022.353378

5996.264811

5947.798774

5953.676527

5998.186111

6023.581024

6027.915018

6021.866266

6010.325652

6003.486570

5995.836392

5996.322430

5993.473484

6004.371305

6013.904575

6050.128885

6089.345209

6163.366055

6228.395560

6298.475035

6308.850256

6243.920261

6097.857652

5907.605527

5949.124542

6515.875117

8043.090402

10183.619539

10679.048676

7530.170934

5619.680065

9981.051663

16942.448327

16942.448327

9981.051663

5619.680065

7530.170934

10679.048676

10183.619539

8043.090402

6515.875117

5949.124542

5907.605527

6097.857652

6243.920261

6308.850256

6298.475035

6228.395560

6163.366055

6089.345209

6050.128885

6013.904575

6004.371305

5993.473484

5996.322430

5995.836392

6003.486570

6010.325652

6021.866266

6027.915018

6023.581024

5998.186111

5953.676527

5958.528497

6000.527147

6023.308199

6028.646305

6021.368886

6013.160456

6003.801136

6000.999321

5996.044698

6000.392849

6001.766795

6021.471344

6042.936636

6096.425581

6154.232307

6243.218715

6310.945579

6358.668664

6310.476052

6164.326098

5901.028498

5714.594341

5803.608343

6835.281769

8592.655991

10367.372000

9423.339534

6955.468158

9786.679373

15027.893366

15027.893366

9786.679373

6955.468158

9423.339534

10367.372000

8592.655991

6835.281769

5803.608343

5714.594341

5901.028498

6164.326098

6310.476052

6358.668664

6310.945579

6243.218715

6154.232307

6096.425581

6042.936636

6021.471344

6001.766795

6000.392849

5996.044698

6000.999321

6003.801136

6013.160456

6021.368886

6028.646305

6023.308199

6000.527147

5958.528497

5963.492856

6001.628254

6023.753775

6027.756082

6023.083943

6013.821380

6008.614304

6002.498378

6003.234136

6000.910741

6010.036041

6018.171793

6048.848369

6085.319631

6155.351448

6229.798397

6323.634035

6377.829355

6381.588636

6240.887272

6001.824398

5604.762288

5456.759244

5657.371140

7035.203813

8729.308263

10493.920282

8289.748831

7799.604834

12795.801676

12795.801676

7799.604834

8289.748831

10493.920282

8729.308263

7035.203813

5657.371140

5456.759244

5604.762288

6001.824398

6240.887272

6381.588636

6377.829355

6323.634035

6229.798397

6155.351448

6085.319631

6048.848369

6018.171793

6010.036041

6000.910741

6003.234136

6002.498378

6008.614304

6013.821380

6023.083943

6027.756082

6023.753775

6001.628254

5963.492856

5967.242323

6003.000507

6022.792428

6028.116576

6023.068236

6017.509789

6010.808874

6009.429217

6005.903956

6009.740797

6010.855134

6025.800355

6042.879623

6084.656429

6136.502286

6217.829430

6301.417066

6383.997318

6403.837672

6340.440535

6094.689290

5764.114243

5299.272933

5245.976692

5491.233718

7141.227880

8192.183025

9906.769698

5305.683728

9398.650788

9398.650788

5305.683728

9906.769698

8192.183025

7141.227880

5491.233718

5245.976692

5299.272933

5764.114243

6094.689290

6340.440535

6403.837672

6383.997318

6301.417066

6217.829430

6136.502286

6084.656429

6042.879623

6025.800355

6010.855134

6009.740797

6005.903956

6009.429217

6010.808874

6017.509789

6023.068236

6028.116576

6022.792428

6003.000507

5967.242323

5971.167381

6003.229927

6022.473010

6026.929957

6024.858679

6019.093278

6016.659058

6012.911948

6014.472675

6012.974858

6019.855257

6025.318591

6046.172830

6072.694054

6122.972780

6186.900529

6270.114231

6351.384286

6404.108514

6379.539092

6240.562968

5943.745990

5589.687805

5241.760193

5385.624028

5835.936934

7003.297981

6959.323303

7478.780352

-1391.556289

-1391.556289

7478.780351

6959.323303

7003.297981

5835.936934

5385.624028

5241.760193

5589.687805

5943.745990

6240.562968

6379.539092

6404.108514

6351.384286

6270.114231

6186.900529

6122.972780

6072.694054

6046.172830

6025.318591

6019.855257

6012.974858

6014.472675

6012.911948

6016.659058

6019.093278

6024.858679

6026.929957

6022.473010

6003.229927

5971.167381

5974.211337

6003.919563

6020.815299

6026.694973

6024.713151

6022.859994

6019.562098

6020.298154

6018.338380

6021.902986

6022.193013

6031.952191

6041.893999

6067.602077

6102.171913

6157.002856

6227.713768

6303.539804

6375.020946

6390.141745

6344.484365

6174.562696

5978.470673

5786.923467

5975.036737

6480.946293

7719.257779

8796.174650

12449.469846

18442.924308

18442.924308

12449.469846

8796.174650

7719.257779

6480.946293

5975.036737

5786.923467

5978.470673

6174.562696

6344.484365

6390.141745

6375.020946

6303.539804

6227.713768

6157.002856

6102.171913

6067.602077

6041.893999

6031.952191

6022.193013

6021.902986

6018.338380

6020.298154

6019.562098

6022.859994

6024.713151

6026.694973

6020.815299

6003.919563

5974.211337

5978.087193

6003.769834

6019.778408

6024.652699

6025.637180

6023.824558

6024.740932

6023.376409

6025.953559

6024.628817

6029.620726

6031.427822

6043.832870

6057.804514

6087.926245

6129.334152

6188.003714

6263.661535

6332.998867

6402.339054

6404.544456

6402.950584

6322.256974

6441.215577

6703.407168

7717.452050

9110.439915

11915.334151

14529.410184

6628.794471

6628.794471

14529.410184

11915.334151

9110.439915

7717.452050

6703.407168

6441.215577

6322.256974

6402.950584

6404.544456

6402.339054

6332.998867

6263.661535

6188.003714

6129.334152

6087.926245

6057.804514

6043.832870

6031.427822

6029.620726

6024.628817

6025.953559

6023.376409

6024.740932

6023.824558

6025.637180

6024.652699

6019.778408

6003.769834

5978.087193

5981.801294

6004.506399

6017.364083

6023.097312

6023.849418

6025.777570

6025.752834

6028.657107

6027.614426

6030.958640

6029.593660

6036.020119

6039.339609

6055.545833

6074.522445

6113.101343

6164.686429

6236.709420

6325.511480

6410.421085

6502.284186

6553.248762

6658.291495

6798.885945

7233.781618

8007.217920

9256.592660

10807.252296

7454.134999

6485.476389

6485.476389

7454.134999

10807.252296

9256.592660

8007.217920

7233.781618

6798.885945

6658.291495

6553.248762

6502.284186

6410.421085

6325.511480

6236.709420

6164.686429

6113.101343

6074.522445

6055.545833

6039.339609

6036.020119

6029.593660

6030.958640

6027.614426

6028.657107

6025.752834

6025.777570

6023.849418

6023.097312

6017.364083

6004.506399

5981.801294

5987.204895

6004.747329

6015.546205

6019.223616

6022.266171

6023.733649

6027.716391

6028.247349

6031.740359

6029.974670

6033.948883

6032.690666

6042.007205

6048.539168

6073.584554

6103.031396

6162.439172

6235.742703

6344.350030

6464.010734

6603.216505

6734.469216

6885.411332

7035.314655

7332.759255

7551.945742

8070.159791

6805.159621

5699.031836

3749.383726

3749.383726

5699.031836

6805.159621

8070.159791

7551.945742

7332.759255

7035.314655

6885.411332

6734.469216

6603.216505

6464.010734

6344.350030

6235.742703

6162.439172

6103.031396

6073.584554

6048.539168

6042.007205

6032.690666

6033.948883

6029.974670

6031.740359

6028.247349

6027.716391

6023.733649

6022.266171

6019.223616

6015.546205

6004.747329

5987.204895

5993.031992

6006.274581

6012.280515

6015.466811

6017.245429

6021.874524

6024.478816

6029.358829

6029.194677

6032.831781

6030.501307

6036.290890

6036.827673

6053.026045

6067.792971

6111.793700

6162.824321

6262.257000

6373.939056

6545.522923

6707.727838

6921.897530

7060.061858

7261.356610

7246.548967

7334.020819

6722.314068

5913.009666

4443.214200

3561.819408

3561.819408

4443.214200

5913.009666

6722.314068

7334.020819

7246.548967

7261.356610

7060.061858

6921.897530

6707.727838

6545.522923

6373.939056

6262.257000

6162.824321

6111.793700

6067.792971

6053.026045

6036.827673

6036.290890

6030.501307

6032.831781

6029.194677

6029.358829

6024.478816

6021.874524

6017.245429

6015.466811

6012.280515

6006.274581

5993.031992

6000.942694

6007.455111

6009.644411

6009.338698

6012.375478

6015.898121

6022.278252

6024.920156

6029.913464

6029.114880

6033.678654

6032.256856

6042.374658

6048.316546

6077.427475

6108.185954

6182.559099

6267.230306

6420.614909

6579.548005

6816.946061

7008.608081

7258.384294

7345.549395

7445.295379

7216.364800

6802.538285

6056.064633

5211.622977

4670.708885

4670.708885

5211.622977

6056.064633

6802.538285

7216.364800

7445.295379

7345.549395

7258.384294

7008.608081

6816.946061

6579.548005

6420.614909

6267.230306

6182.559099

6108.185954

6077.427475

6048.316546

6042.374658

6032.256856

6033.678654

6029.114880

6029.913464

6024.920156

6022.278252

6015.898121

6012.375478

6009.338698

6009.644411

6007.455111

6000.942694

6009.259681

6009.968025

6005.739385

6003.826079

6005.205435

6011.386301

6016.429832

6023.410657

6025.772532

6031.145368

6030.861203

6037.677948

6039.457513

6056.470036

6071.938662

6118.105493

6170.677969

6278.287071

6399.486113

6597.840624

6793.780203

7058.934142

7257.720050

7465.429971

7527.442836

7455.231134

7247.638284

6792.074288

6445.159475

6115.379743

6115.379743

6445.159475

6792.074288

7247.638284

7455.231134

7527.442836

7465.429971

7257.720050

7058.934142

6793.780203

6597.840624

6399.486113

6278.287071

6170.677969

6118.105493

6071.938662

6056.470036

6039.457513

6037.677948

6030.861203

6031.145368

6025.772532

6023.410657

6016.429832

6011.386301

6005.205435

6003.826079

6005.739385

6009.968025

6009.259681

6019.741705

6011.640026

6002.460738

5997.831704

6000.805438

6006.206005

6013.976906

6019.138486

6026.009884

6028.517418

6034.629688

6036.078719

6045.596640

6052.188672

6075.832984

6102.077478

6161.637745

6233.950240

6360.852735

6507.770075

6717.613340

6933.763829

7177.053015

7396.456897

7540.301952

7667.811387

7582.870394

7572.690930

7360.104446

7318.348744

7318.348744

7360.104446

7572.690930

7582.870394

7667.811387

7540.301952

7396.456897

7177.053015

6933.763829

6717.613340

6507.770075

6360.852735

6233.950240

6161.637745

6102.077478

6075.832984

6052.188672

6045.596640

6036.078719

6034.629688

6028.517418

6026.009884

6019.138486

6013.976906

6006.206005

6000.805438

5997.831704

6002.460738

6011.640026

6019.741705

6030.673460

6013.342615

5998.711064

5995.639563

5999.598482

6005.793090

6011.193464

6017.825296

6022.040788

6028.072447

6030.812951

6036.948816

6040.274520

6050.605723

6061.255398

6086.392015

6120.052770

6181.016955

6265.263833

6389.545683

6553.468600

6749.558182

6996.300038

7218.698849

7507.538531

7664.492249

7918.417067

7955.695499

8096.571743

8084.044406

8084.044406

8096.571743

7955.695499

7918.417067

7664.492249

7507.538531

7218.698849

6996.300038

6749.558182

6553.468600

6389.545683

6265.263833

6181.016955

6120.052770

6086.392015

6061.255398

6050.605723

6040.274520

6036.948816

6030.812951

6028.072447

6022.040788

6017.825296

6011.193464

6005.793090

5999.598482

5995.639563

5998.711064

6013.342615

6030.673460

6048.375406

6010.869035

5996.971674

6001.309381

6004.579168

6006.948164

6009.827067

6011.979619

6015.647070

6017.895053

6021.763447

6023.978035

6028.188691

6032.181751

6039.672644

6052.281972

6072.760505

6111.986741

6167.631850

6268.567516

6393.051329

6601.037597

6818.064550

7157.391773

7445.215086

7873.365814

8153.780481

8535.357006

8709.546029

8865.773339

8865.773339

8709.546029

8535.357006

8153.780481

7873.365814

7445.215086

7157.391773

6818.064550

6601.037597

6393.051329

6268.567516

6167.631850

6111.986741

6072.760505

6052.281972

6039.672644

6032.181751

6028.188691

6023.978035

6021.763447

6017.895053

6015.647070

6011.979619

6009.827067

6006.948164

6004.579168

6001.309381

5996.971674

6010.869035

6048.375406

6059.132953

6000.429416

6013.212545

6014.147675

6010.802414

6007.034416

6003.069104

6000.939475

5998.801250

5998.506663

5997.835073

5998.263862

5998.706926

5999.135452

6002.610074

6005.801029

6022.231181

6042.130811

6101.073006

6175.081185

6337.956537

6530.896427

6879.242192

7249.708708

7816.803922

8337.952821

9006.114095

9504.571259

9981.740107

10194.026250

10194.026250

9981.740107

9504.571259

9006.114095

8337.952821

7816.803922

7249.708708

6879.242192

6530.896427

6337.956537

6175.081185

6101.073006

6042.130811

6022.231181

6005.801029

6002.610074

5999.135452

5998.706926

5998.263862

5997.835073

5998.506663

5998.801250

6000.939475

6003.069104

6007.034416

6010.802414

6014.147675

6013.212545

6000.429416

6059.132953

6120.656760

6058.960526

6046.193923

6026.668480

6014.151534

6002.522788

5993.522685

5984.549006

5978.294925

5971.558674

5967.364780

5962.092665

5958.127767

5953.689249

5949.255858

5950.194163

5953.337260

5981.995774

6026.426937

6145.426484

6314.288912

6643.559823

7068.285838

7739.564768

8503.433221

9491.022635

10435.250451

11388.418040

12066.873472

12467.526247

12467.526247

12066.873472

11388.418040

10435.250451

9491.022635

8503.433221

7739.564768

7068.285838

6643.559823

6314.288912

6145.426484

6026.426937

5981.995774

5953.337260

5950.194163

5949.255858

5953.689249

5958.127767

5962.092665

5967.364780

5971.558674

5978.294925

5984.549006

5993.522685

6002.522788

6014.151534

6026.668480

6046.193923

6058.960526

6120.656760

