AXIS X

0.000000 0.001000 0.002000 0.003000 0.004000 0.005000 0.006000 0.007000 0.008000 0.009000 0.010000 0.011000 0.012000 0.013000 0.014000 0.015000 0.016000 0.017000 0.018000 0.019000 0.020000 0.021000 0.022000 0.023000 0.024000 0.025000 0.026000 0.027000 0.028000 0.029000 

AXIS Y

0.000000 0.001000 0.002000 0.003000 0.004000 0.005000 0.006000 0.007000 0.008000 0.009000 0.010000 0.011000 0.012000 0.013000 0.014000 0.015000 0.016000 0.017000 0.018000 0.019000 0.020000 0.021000 0.022000 0.023000 0.024000 0.025000 0.026000 0.027000 0.028000 0.029000 



DATA
4084.070450

4084.070450

4084.070450

4084.070450

4084.070450

4084.070450

4084.070450

4084.070450

4084.070450

4084.070450

4084.070450

4084.070450

4084.070450

4084.070450

4084.070450

4084.070450

4084.070450

4084.070450

4084.070450

4084.070450

4084.070450

4084.070450

4084.070450

4084.070450

4084.070450

4084.070450

4084.070450

4084.070450

4084.070450

4084.070450

4084.070450

4084.070450

4084.070450

4084.070450

4084.070450

4084.070450

4084.070450

4084.070450

4084.070450

4084.070450

4084.070450

4084.070450

4084.070450

4084.070450

4084.070450

4084.070450

4084.070450

4084.070450

4084.070450

4084.070450

4084.070450

4084.070450

4084.070450

4084.070450

4084.070450

4084.070450

4084.070450

4084.070450

4084.070450

4084.070450

4084.070450

4084.070450

4084.070450

4084.070450

4084.070450

4084.070450

4084.070450

4084.070450

4084.070450

4084.070450

4084.070450

4084.070450

4084.070450

4084.070450

4084.070450

4084.070450

4084.070450

4084.070450

4084.070450

4084.070450

4084.070450

4084.070450

4084.070450

4084.070450

4084.070450

4084.070450

4084.070450

4084.070450

4084.070450

4084.070450

4084.070450

4084.070450

4084.070450

4084.070450

4084.070450

4084.070450

4084.070450

4084.070450

4084.070450

4084.070450

4084.070450

4084.070450

4084.070450

4084.070450

4084.070450

4084.070450

4084.070450

4084.070450

4084.070450

4084.070450

4084.070450

4084.070450

4084.070450

4084.070450

4084.070450

4084.070450

4084.070450

4084.070450

4084.070450

4084.070450

4084.070450

4084.070450

4084.070450

4084.070450

4084.070450

4084.070450

4084.070450

4084.070450

4084.070450

4084.070450

4084.070450

4084.070450

4084.070450

4084.070450

4084.070450

4084.070450

4084.070450

4084.070450

4084.070450

4084.070450

4084.070450

4084.070450

4084.070450

4084.070450

4084.070450

4084.070450

4084.070450

4084.070450

4084.070450

4084.070450

4084.070450

4084.070450

4084.070450

4084.070450

4084.070450

4084.070450

4084.070450

4084.070450

4084.070450

4084.070450

4084.070450

4084.070450

4084.070450

4084.070450

4084.070450

4084.070450

4084.070450

4084.070450

4084.070450

4084.070450

4084.070450

4084.070450

4084.070450

4084.070450

4084.070450

4084.070450

4084.070450

4084.070450

4084.070450

4084.070450

4084.070450

4084.070450

4084.070450

4084.070450

4084.070450

4084.070450

4084.070450

4084.070450

4084.070450

4084.070450

4084.070450

4084.070450

4084.070450

4084.070450

4084.070450

4084.070450

4084.070450

4084.070450

4084.070450

4084.070450

4084.070450

4084.070450

4084.070450

4084.070450

4084.070450

4084.070450

4084.070450

4084.070450

4084.070450

4084.070450

4084.070450

4084.070450

4084.070450

4084.070450

4084.070450

4084.070450

4084.070450

4084.070450

4084.070450

4084.070450

4084.070450

4084.070450

4084.070450

4084.070450

4084.070450

4084.070450

4084.070450

4084.070450

4084.070450

4084.070450

4084.070450

4084.070450

4084.070450

4084.070450

4084.070450

4084.070450

4084.070450

4084.070450

4084.070450

4084.070450

4084.070450

4084.070450

4084.070450

4084.070450

4084.070450

4084.070450

4084.070450

4084.070450

4084.070450

4084.070450

4084.070450

4084.070450

5904.490630

6087.134669

6468.199123

6468.199123

6087.134669

5904.490630

4084.070450

4084.070450

4084.070450

4084.070450

4084.070450

4084.070450

4084.070450

4084.070450

4084.070450

4084.070450

4084.070450

4084.070450

4084.070450

4084.070450

4084.070450

4084.070450

4084.070450

4084.070450

4084.070450

4084.070450

4084.070450

4084.070450

4084.070450

5905.672229

6323.900355

6834.027764

7388.171417

7388.171417

6834.027764

6323.900355

5905.672229

4084.070450

4084.070450

4084.070450

4084.070450

4084.070450

4084.070450

4084.070450

4084.070450

4084.070450

4084.070450

4084.070450

4084.070450

4084.070450

4084.070450

4084.070450

4084.070450

4084.070450

4084.070450

4084.070450

4084.070450

4084.070450

5887.395300

6307.364681

6811.161193

7274.526144

7676.930952

7676.930952

7274.526144

6811.161193

6307.364681

5887.395300

4084.070450

4084.070450

4084.070450

4084.070450

4084.070450

4084.070450

4084.070450

4084.070450

4084.070450

4084.070450

4084.070450

4084.070450

4084.070450

4084.070450

4084.070450

4084.070450

4084.070450

4084.070450

4084.070450

5852.876042

6185.413419

6598.109601

6974.340824

7260.794708

7701.814405

7701.814405

7260.794708

6974.340824

6598.109601

6185.413419

5852.876042

4084.070450

4084.070450

4084.070450

4084.070450

4084.070450

4084.070450

4084.070450

4084.070450

4084.070450

4084.070450

4084.070450

4084.070450

4084.070450

4084.070450

4084.070450

4084.070450

4084.070450

5778.458042

6020.321409

6323.222919

6643.767336

6932.318596

7431.284819

8416.222710

8416.222710

7431.284819

6932.318596

6643.767336

6323.222919

6020.321409

5778.458042

4084.070450

4084.070450

4084.070450

4084.070450

4084.070450

4084.070450

4084.070450

4084.070450

4084.070450

4084.070450

4084.070450

4084.070450

4084.070450

4084.070450

4084.070450

4084.070450

5882.462809

6091.662841

6347.287467

6567.205686

6990.085557

7954.469219

9876.129230

9876.129230

7954.469219

6990.085557

6567.205686

6347.287467

6091.662841

5882.462809

4084.070450

4084.070450

4084.070450

4084.070450

4084.070450

4084.070450

4084.070450

4084.070450

4084.070450

4084.070450

4084.070450

4084.070450

4084.070450

4084.070450

4084.070450

4084.070450

5963.904322

6153.044120

6303.669179

6517.564345

7135.375881

8501.217394

11211.155530

11211.155530

8501.217394

7135.375881

6517.564345

6303.669179

6153.044120

5963.904322

4084.070450

4084.070450

4084.070450

4084.070450

4084.070450

4084.070450

4084.070450

4084.070450

4084.070450

4084.070450

4084.070450

4084.070450

4084.070450

4084.070450

4084.070450

4084.070450

5994.221385

6148.610584

6250.913115

6507.834892

7250.194149

8836.302346

11318.729740

11318.729740

8836.302346

7250.194149

6507.834892

6250.913115

6148.610584

5994.221385

4084.070450

4084.070450

4084.070450

4084.070450

4084.070450

4084.070450

4084.070450

4084.070450

4084.070450

4084.070450

4084.070450

4084.070450

4084.070450

4084.070450

4084.070450

4084.070450

5967.114363

6118.824464

6237.444791

6517.017533

7306.545066

9111.944941

11108.725273

11108.725273

9111.944941

7306.545066

6517.017533

6237.444791

6118.824464

5967.114363

4084.070450

4084.070450

4084.070450

4084.070450

4084.070450

4084.070450

4084.070450

4084.070450

4084.070450

4084.070450

4084.070450

4084.070450

4084.070450

4084.070450

4084.070450

4084.070450

5861.191834

6116.883886

6291.323092

6449.735217

7157.734514

9233.486031

10888.937791

10888.937791

9233.486031

7157.734514

6449.735217

6291.323092

6116.883886

5861.191834

4084.070450

4084.070450

4084.070450

4084.070450

4084.070450

4084.070450

4084.070450

4084.070450

4084.070450

4084.070450

4084.070450

4084.070450

4084.070450

4084.070450

4084.070450

4084.070450

4084.070450

6329.578342

6321.011497

6161.683535

6887.528892

9479.939621

9915.579301

9915.579301

9479.939621

6887.528892

6161.683535

6321.011497

6329.578342

4084.070450

4084.070450

4084.070450

4084.070450

4084.070450

4084.070450

4084.070450

4084.070450

4084.070450

4084.070450

4084.070450

4084.070450

4084.070450

4084.070450

4084.070450

4084.070450

4084.070450

4084.070450

4084.070450

6622.084442

5679.239598

6762.438593

9656.744558

9549.923095

9549.923095

9656.744558

6762.438593

5679.239598

6622.084442

4084.070450

4084.070450

4084.070450

4084.070450

4084.070450

4084.070450

4084.070450

4084.070450

4084.070450

4084.070450

4084.070450

4084.070450

4084.070450

4084.070450

4084.070450

4084.070450

4084.070450

4084.070450

4084.070450

4084.070450

4084.070450

5149.471863

6548.474268

8579.420127

3473.590174

3473.590174

8579.420127

6548.474268

5149.471863

4084.070450

4084.070450

4084.070450

4084.070450

4084.070450

4084.070450

4084.070450

4084.070450

4084.070450

4084.070450

4084.070450

4084.070450

4084.070450

4084.070450

4084.070450

4084.070450

4084.070450

4084.070450

4084.070450

4084.070450

4084.070450

4084.070450

4084.070450

5903.536199

7580.297843

4797.040703

4797.040703

7580.297843

5903.536199

4084.070450

4084.070450

4084.070450

4084.070450

4084.070450

4084.070450

4084.070450

4084.070450

4084.070450

4084.070450

4084.070450

4084.070450

4084.070450

4084.070450

4084.070450

4084.070450

4084.070450

4084.070450

4084.070450

4084.070450

4084.070450

4084.070450

4084.070450

4084.070450

4084.070450

4084.070450

4084.070450

4084.070450

4084.070450

4084.070450

4084.070450

4084.070450

4084.070450

4084.070450

4084.070450

4084.070450

4084.070450

4084.070450

4084.070450

4084.070450

4084.070450

4084.070450

4084.070450

4084.070450

4084.070450

4084.070450

4084.070450

4084.070450

4084.070450

4084.070450

4084.070450

4084.070450

4084.070450

4084.070450

4084.070450

4084.070450

4084.070450

4084.070450

4084.070450

4084.070450

4084.070450

4084.070450

4084.070450

4084.070450

4084.070450

4084.070450

4084.070450

4084.070450

4084.070450

4084.070450

4084.070450

4084.070450

4084.070450

4084.070450

4084.070450

4084.070450

4084.070450

4084.070450

4084.070450

4084.070450

4084.070450

4084.070450

4084.070450

4084.070450

4084.070450

4084.070450

4084.070450

4084.070450

4084.070450

4084.070450

4084.070450

4084.070450

4084.070450

4084.070450

4084.070450

4084.070450

4084.070450

4084.070450

4084.070450

4084.070450

4084.070450

4084.070450

4084.070450

4084.070450

4084.070450

4084.070450

4084.070450

4084.070450

4084.070450

4084.070450

4084.070450

4084.070450

4084.070450

4084.070450

4084.070450

4084.070450

4084.070450

4084.070450

4084.070450

4084.070450

4084.070450

4084.070450

4084.070450

4084.070450

4084.070450

4084.070450

4084.070450

4084.070450

4084.070450

4084.070450

4084.070450

4084.070450

4084.070450

4084.070450

4084.070450

4084.070450

4084.070450

4084.070450

4084.070450

4084.070450

4084.070450

4084.070450

4084.070450

4084.070450

4084.070450

4084.070450

4084.070450

4084.070450

4084.070450

4084.070450

4084.070450

4084.070450

4084.070450

4084.070450

4084.070450

4084.070450

4084.070450

4084.070450

4084.070450

4084.070450

4084.070450

4084.070450

4084.070450

4084.070450

4084.070450

4084.070450

4084.070450

4084.070450

4084.070450

4084.070450

4084.070450

4084.070450

4084.070450

4084.070450

4084.070450

4084.070450

4084.070450

4084.070450

4084.070450

4084.070450

4084.070450

4084.070450

4084.070450

4084.070450

4084.070450

4084.070450

4084.070450

4084.070450

4084.070450

4084.070450

4084.070450

4084.070450

4084.070450

4084.070450

4084.070450

4084.070450

4084.070450

4084.070450

4084.070450

4084.070450

4084.070450

4084.070450

4084.070450

4084.070450

4084.070450

4084.070450

4084.070450

4084.070450

4084.070450

4084.070450

4084.070450

4084.070450

4084.070450

4084.070450

4084.070450

4084.070450

4084.070450

4084.070450

4084.070450

4084.070450

4084.070450

4084.070450

4084.070450

4084.070450

4084.070450

4084.070450

4084.070450

4084.070450

4084.070450

4084.070450

4084.070450

4084.070450

4084.070450

4084.070450

4084.070450

4084.070450

4084.070450

4084.070450

4084.070450

4084.070450

4084.070450

4084.070450

4084.070450

4084.070450

4084.070450

4084.070450

4084.070450

4084.070450

4084.070450

4084.070450

4084.070450

4084.070450

