AXIS X

0.000000 0.001000 0.002000 0.003000 0.004000 0.005000 0.006000 0.007000 0.008000 0.009000 0.010000 0.011000 0.012000 0.013000 0.014000 0.015000 0.016000 0.017000 0.018000 0.019000 0.020000 0.021000 0.022000 0.023000 0.024000 0.025000 0.026000 0.027000 0.028000 0.029000 

AXIS Y

0.000000 0.001000 0.002000 0.003000 0.004000 0.005000 0.006000 0.007000 0.008000 0.009000 0.010000 0.011000 0.012000 0.013000 0.014000 0.015000 0.016000 0.017000 0.018000 0.019000 0.020000 0.021000 0.022000 0.023000 0.024000 0.025000 0.026000 0.027000 0.028000 0.029000 



DATA
9403.919736

9403.919736

9403.919736

9403.919736

9403.919736

9403.919736

9403.919736

9403.919736

9403.919736

9403.919736

9403.919736

9403.919736

9403.919736

9403.919736

9403.919736

9403.919736

9403.919736

9403.919736

9403.919736

9403.919736

9403.919736

9403.919736

9403.919736

9403.919736

9403.919736

9403.919736

9403.919736

9403.919736

9403.919736

9403.919736

9403.919736

9403.919736

9403.919736

9403.919736

9403.919736

9403.919736

9403.919736

9403.919736

9403.919736

9403.919736

9403.919736

9403.919736

9403.919736

9403.919736

9403.919736

9403.919736

9403.919736

9403.919736

9403.919736

9403.919736

9403.919736

9403.919736

9403.919736

9403.919736

9403.919736

9403.919736

9403.919736

9403.919736

9403.919736

9403.919736

9403.919736

9403.919736

9403.919736

9403.919736

9403.919736

9403.919736

9403.919736

9403.919736

9403.919736

9403.919736

9403.919736

9403.919736

9403.919736

9403.919736

9403.919736

9403.919736

9403.919736

9403.919736

9403.919736

9403.919736

9403.919736

9403.919736

9403.919736

9403.919736

9403.919736

9403.919736

9403.919736

9403.919736

9403.919736

9403.919736

9403.919736

9403.919736

9403.919736

9403.919736

9403.919736

9403.919736

9403.919736

9403.919736

9403.919736

9403.919736

9403.919736

9403.919736

9403.919736

9403.919736

9403.919736

9403.919736

9403.919736

9403.919736

9403.919736

9403.919736

9403.919736

9403.919736

9403.919736

9403.919736

9403.919736

9403.919736

9403.919736

9403.919736

9403.919736

9403.919736

9403.919736

9403.919736

9403.919736

9403.919736

9403.919736

9403.919736

9403.919736

9403.919736

9403.919736

9403.919736

9403.919736

9403.919736

9403.919736

9403.919736

9403.919736

9403.919736

9403.919736

9403.919736

9403.919736

9403.919736

9403.919736

9403.919736

9403.919736

9403.919736

9403.919736

9403.919736

9403.919736

9403.919736

9403.919736

9403.919736

9403.919736

9403.919736

9403.919736

9403.919736

9403.919736

9403.919736

9403.919736

9403.919736

9403.919736

9403.919736

9403.919736

9403.919736

9403.919736

9403.919736

9403.919736

9403.919736

9403.919736

9403.919736

9403.919736

9403.919736

9403.919736

9403.919736

9403.919736

9403.919736

9403.919736

9403.919736

9403.919736

9403.919736

9403.919736

9403.919736

9403.919736

9403.919736

9403.919736

9403.919736

9403.919736

9403.919736

9403.919736

9403.919736

9403.919736

9403.919736

9403.919736

9403.919736

9403.919736

9403.919736

9403.919736

9403.919736

9403.919736

9403.919736

9403.919736

9403.919736

9403.919736

9403.919736

9403.919736

9403.919736

9403.919736

9403.919736

9403.919736

9403.919736

9403.919736

9403.919736

9403.919736

9403.919736

9403.919736

9403.919736

9403.919736

9403.919736

9403.919736

9403.919736

9403.919736

9403.919736

9403.919736

9403.919736

9403.919736

9403.919736

9403.919736

9403.919736

9403.919736

9403.919736

9403.919736

9403.919736

9403.919736

9403.919736

9403.919736

9403.919736

9403.919736

9403.919736

9403.919736

9403.919736

9403.919736

9403.919736

9403.919736

9403.919736

9403.919736

9403.919736

9403.919736

9403.919736

9403.919736

9403.919736

9403.919736

9403.919736

9403.919736

9403.919736

13595.592107

14016.145548

14893.578879

14893.578879

14016.145548

13595.592107

9403.919736

9403.919736

9403.919736

9403.919736

9403.919736

9403.919736

9403.919736

9403.919736

9403.919736

9403.919736

9403.919736

9403.919736

9403.919736

9403.919736

9403.919736

9403.919736

9403.919736

9403.919736

9403.919736

9403.919736

9403.919736

9403.919736

9403.919736

13598.312839

14561.318688

15735.930454

17011.893369

17011.893369

15735.930454

14561.318688

13598.312839

9403.919736

9403.919736

9403.919736

9403.919736

9403.919736

9403.919736

9403.919736

9403.919736

9403.919736

9403.919736

9403.919736

9403.919736

9403.919736

9403.919736

9403.919736

9403.919736

9403.919736

9403.919736

9403.919736

9403.919736

9403.919736

13556.228654

14523.243889

15683.278230

16750.215458

17676.786770

17676.786770

16750.215458

15683.278230

14523.243889

13556.228654

9403.919736

9403.919736

9403.919736

9403.919736

9403.919736

9403.919736

9403.919736

9403.919736

9403.919736

9403.919736

9403.919736

9403.919736

9403.919736

9403.919736

9403.919736

9403.919736

9403.919736

9403.919736

9403.919736

13476.745124

14242.440733

15192.708809

16059.013214

16718.597657

17734.083039

17734.083039

16718.597657

16059.013214

15192.708809

14242.440733

13476.745124

9403.919736

9403.919736

9403.919736

9403.919736

9403.919736

9403.919736

9403.919736

9403.919736

9403.919736

9403.919736

9403.919736

9403.919736

9403.919736

9403.919736

9403.919736

9403.919736

9403.919736

13305.391349

13862.302332

14559.758833

15297.839630

15962.253459

17111.165646

19379.068950

19379.068950

17111.165646

15962.253459

15297.839630

14559.758833

13862.302332

13305.391349

9403.919736

9403.919736

9403.919736

9403.919736

9403.919736

9403.919736

9403.919736

9403.919736

9403.919736

9403.919736

9403.919736

9403.919736

9403.919736

9403.919736

9403.919736

9403.919736

13544.871174

14026.572048

14615.169504

15121.549916

16095.266802

18315.842246

22740.627941

22740.627941

18315.842246

16095.266802

15121.549916

14615.169504

14026.572048

13544.871174

9403.919736

9403.919736

9403.919736

9403.919736

9403.919736

9403.919736

9403.919736

9403.919736

9403.919736

9403.919736

9403.919736

9403.919736

9403.919736

9403.919736

9403.919736

9403.919736

13732.397189

14167.907666

14514.734682

15007.246503

16429.810137

19574.776444

25814.639599

25814.639599

19574.776444

16429.810137

15007.246503

14514.734682

14167.907666

13732.397189

9403.919736

9403.919736

9403.919736

9403.919736

9403.919736

9403.919736

9403.919736

9403.919736

9403.919736

9403.919736

9403.919736

9403.919736

9403.919736

9403.919736

9403.919736

9403.919736

13802.204806

14157.699073

14393.259355

14984.843609

16694.188968

20346.338060

26062.338372

26062.338372

20346.338060

16694.188968

14984.843609

14393.259355

14157.699073

13802.204806

9403.919736

9403.919736

9403.919736

9403.919736

9403.919736

9403.919736

9403.919736

9403.919736

9403.919736

9403.919736

9403.919736

9403.919736

9403.919736

9403.919736

9403.919736

9403.919736

13739.788580

14089.113998

14362.247395

15005.987422

16823.941751

20981.028590

25578.785217

25578.785217

20981.028590

16823.941751

15005.987422

14362.247395

14089.113998

13739.788580

9403.919736

9403.919736

9403.919736

9403.919736

9403.919736

9403.919736

9403.919736

9403.919736

9403.919736

9403.919736

9403.919736

9403.919736

9403.919736

9403.919736

9403.919736

9403.919736

13495.892944

14084.645653

14486.306768

14851.064164

16481.292790

21260.887292

25072.705837

25072.705837

21260.887292

16481.292790

14851.064164

14486.306768

14084.645653

13495.892944

9403.919736

9403.919736

9403.919736

9403.919736

9403.919736

9403.919736

9403.919736

9403.919736

9403.919736

9403.919736

9403.919736

9403.919736

9403.919736

9403.919736

9403.919736

9403.919736

9403.919736

14574.392736

14554.666847

14187.800656

15859.121353

21828.367654

22831.465087

22831.465087

21828.367654

15859.121353

14187.800656

14554.666847

14574.392736

9403.919736

9403.919736

9403.919736

9403.919736

9403.919736

9403.919736

9403.919736

9403.919736

9403.919736

9403.919736

9403.919736

9403.919736

9403.919736

9403.919736

9403.919736

9403.919736

9403.919736

9403.919736

9403.919736

15247.912920

13076.932438

15571.090297

22235.476066

21989.510557

21989.510557

22235.476066

15571.090297

13076.932438

15247.912920

9403.919736

9403.919736

9403.919736

9403.919736

9403.919736

9403.919736

9403.919736

9403.919736

9403.919736

9403.919736

9403.919736

9403.919736

9403.919736

9403.919736

9403.919736

9403.919736

9403.919736

9403.919736

9403.919736

9403.919736

9403.919736

11857.097149

15078.419230

19754.844890

7998.236955

7998.236955

19754.844890

15078.419230

11857.097149

9403.919736

9403.919736

9403.919736

9403.919736

9403.919736

9403.919736

9403.919736

9403.919736

9403.919736

9403.919736

9403.919736

9403.919736

9403.919736

9403.919736

9403.919736

9403.919736

9403.919736

9403.919736

9403.919736

9403.919736

9403.919736

9403.919736

9403.919736

13593.394447

17454.280814

11045.594413

11045.594413

17454.280814

13593.394447

9403.919736

9403.919736

9403.919736

9403.919736

9403.919736

9403.919736

9403.919736

9403.919736

9403.919736

9403.919736

9403.919736

9403.919736

9403.919736

9403.919736

9403.919736

9403.919736

9403.919736

9403.919736

9403.919736

9403.919736

9403.919736

9403.919736

9403.919736

9403.919736

9403.919736

9403.919736

9403.919736

9403.919736

9403.919736

9403.919736

9403.919736

9403.919736

9403.919736

9403.919736

9403.919736

9403.919736

9403.919736

9403.919736

9403.919736

9403.919736

9403.919736

9403.919736

9403.919736

9403.919736

9403.919736

9403.919736

9403.919736

9403.919736

9403.919736

9403.919736

9403.919736

9403.919736

9403.919736

9403.919736

9403.919736

9403.919736

9403.919736

9403.919736

9403.919736

9403.919736

9403.919736

9403.919736

9403.919736

9403.919736

9403.919736

9403.919736

9403.919736

9403.919736

9403.919736

9403.919736

9403.919736

9403.919736

9403.919736

9403.919736

9403.919736

9403.919736

9403.919736

9403.919736

9403.919736

9403.919736

9403.919736

9403.919736

9403.919736

9403.919736

9403.919736

9403.919736

9403.919736

9403.919736

9403.919736

9403.919736

9403.919736

9403.919736

9403.919736

9403.919736

9403.919736

9403.919736

9403.919736

9403.919736

9403.919736

9403.919736

9403.919736

9403.919736

9403.919736

9403.919736

9403.919736

9403.919736

9403.919736

9403.919736

9403.919736

9403.919736

9403.919736

9403.919736

9403.919736

9403.919736

9403.919736

9403.919736

9403.919736

9403.919736

9403.919736

9403.919736

9403.919736

9403.919736

9403.919736

9403.919736

9403.919736

9403.919736

9403.919736

9403.919736

9403.919736

9403.919736

9403.919736

9403.919736

9403.919736

9403.919736

9403.919736

9403.919736

9403.919736

9403.919736

9403.919736

9403.919736

9403.919736

9403.919736

9403.919736

9403.919736

9403.919736

9403.919736

9403.919736

9403.919736

9403.919736

9403.919736

9403.919736

9403.919736

9403.919736

9403.919736

9403.919736

9403.919736

9403.919736

9403.919736

9403.919736

9403.919736

9403.919736

9403.919736

9403.919736

9403.919736

9403.919736

9403.919736

9403.919736

9403.919736

9403.919736

9403.919736

9403.919736

9403.919736

9403.919736

9403.919736

9403.919736

9403.919736

9403.919736

9403.919736

9403.919736

9403.919736

9403.919736

9403.919736

9403.919736

9403.919736

9403.919736

9403.919736

9403.919736

9403.919736

9403.919736

9403.919736

9403.919736

9403.919736

9403.919736

9403.919736

9403.919736

9403.919736

9403.919736

9403.919736

9403.919736

9403.919736

9403.919736

9403.919736

9403.919736

9403.919736

9403.919736

9403.919736

9403.919736

9403.919736

9403.919736

9403.919736

9403.919736

9403.919736

9403.919736

9403.919736

9403.919736

9403.919736

9403.919736

9403.919736

9403.919736

9403.919736

9403.919736

9403.919736

9403.919736

9403.919736

9403.919736

9403.919736

9403.919736

9403.919736

9403.919736

9403.919736

9403.919736

9403.919736

9403.919736

9403.919736

9403.919736

9403.919736

9403.919736

9403.919736

9403.919736

9403.919736

9403.919736

9403.919736

9403.919736

9403.919736

9403.919736

9403.919736

9403.919736

9403.919736

9403.919736

9403.919736

9403.919736

9403.919736

