AXIS X

0.000000 0.000500 0.001000 0.001500 0.002000 0.002500 0.003000 0.003500 0.004000 0.004500 0.005000 0.005500 0.006000 0.006500 0.007000 0.007500 0.008000 0.008500 0.009000 0.009500 0.010000 0.010500 0.011000 0.011500 0.012000 0.012500 0.013000 0.013500 0.014000 0.014500 0.015000 0.015500 0.016000 0.016500 0.017000 0.017500 0.018000 0.018500 0.019000 0.019500 0.020000 0.020500 0.021000 0.021500 0.022000 0.022500 0.023000 0.023500 0.024000 0.024500 0.025000 0.025500 0.026000 0.026500 0.027000 0.027500 0.028000 0.028500 0.029000 0.029500 

AXIS Y

0.000000 0.000500 0.001000 0.001500 0.002000 0.002500 0.003000 0.003500 0.004000 0.004500 0.005000 0.005500 0.006000 0.006500 0.007000 0.007500 0.008000 0.008500 0.009000 0.009500 0.010000 0.010500 0.011000 0.011500 0.012000 0.012500 0.013000 0.013500 0.014000 0.014500 0.015000 0.015500 0.016000 0.016500 0.017000 0.017500 0.018000 0.018500 0.019000 0.019500 0.020000 0.020500 0.021000 0.021500 0.022000 0.022500 0.023000 0.023500 0.024000 0.024500 0.025000 0.025500 0.026000 0.026500 0.027000 0.027500 0.028000 0.028500 0.029000 0.029500 



DATA
4215.077358

5649.981631

6222.601920

6908.759033

7484.266658

7944.447232

8325.266603

8617.268097

8831.491470

8909.972410

8844.149006

8566.227964

8101.218967

7431.531858

6654.173248

5814.994263

5036.516100

4355.723480

3841.967985

3488.017230

3329.318193

3362.882916

3669.919836

4331.500080

5637.284159

7905.963913

11957.577566

17399.249392

24578.132415

22220.868887

22220.868892

24578.132431

17399.249409

11957.577576

7905.963919

5637.284164

4331.500083

3669.919838

3362.882918

3329.318194

3488.017231

3841.967986

4355.723480

5036.516099

5814.994262

6654.173247

7431.531857

8101.218965

8566.227962

8844.149004

8909.972408

8831.491468

8617.268096

8325.266602

7944.447231

7484.266657

6908.759032

6222.601919

5649.981630

4215.077357

5536.119896

8433.302880

8134.871367

8093.478943

8206.233952

8355.397616

8402.920437

8329.770934

8081.346029

7683.061194

7115.127136

6440.257596

5679.111727

4923.212788

4207.819596

3597.133946

3092.226312

2709.381594

2425.958538

2242.273605

2137.933222

2119.711146

2178.472460

2340.335104

2618.642876

3107.601401

3926.639633

5733.732283

10138.199492

8417.896670

8417.896672

10138.199497

5733.732288

3926.639637

3107.601405

2618.642878

2340.335106

2178.472461

2119.711147

2137.933224

2242.273607

2425.958539

2709.381595

3092.226313

3597.133947

4207.819596

4923.212788

5679.111727

6440.257595

7115.127136

7683.061194

8081.346029

8329.770933

8402.920436

8355.397616

8206.233951

8093.478943

8134.871366

8433.302880

5536.119895

5864.280217

8216.115977

9035.312648

8951.972007

8902.039371

8773.951440

8516.910354

8032.429162

7364.865718

6538.240289

5664.209260

4795.520792

4018.657877

3347.733742

2808.905389

2379.573256

2054.654595

1806.482014

1627.142867

1496.235233

1409.974171

1354.482894

1330.265932

1329.867940

1363.400172

1445.245127

1633.956970

2106.344190

2890.852971

3546.891995

3546.891996

2890.852972

2106.344192

1633.956971

1445.245129

1363.400173

1329.867941

1330.265933

1354.482895

1409.974172

1496.235234

1627.142868

1806.482015

2054.654596

2379.573257

2808.905390

3347.733743

4018.657878

4795.520792

5664.209261

6538.240290

7364.865718

8032.429162

8516.910355

8773.951440

8902.039371

8951.972007

9035.312648

8216.115976

5864.280216

6355.262882

7998.818590

8945.389237

9208.871910

9097.211821

8796.192180

8219.708524

7407.687336

6406.567744

5376.938290

4408.907077

3594.417935

2932.489336

2424.608743

2032.184711

1738.447713

1512.569498

1343.916622

1212.917266

1114.635931

1036.078191

975.610724

924.953348

886.812491

861.835222

865.238864

926.239486

1088.289183

1361.228028

1687.422203

1687.422203

1361.228028

1088.289184

926.239486

865.238865

861.835222

886.812491

924.953348

975.610725

1036.078191

1114.635932

1212.917267

1343.916622

1512.569498

1738.447714

2032.184712

2424.608744

2932.489337

3594.417937

4408.907078

5376.938292

6406.567745

7407.687337

8219.708525

8796.192181

9097.211821

9208.871910

8945.389236

7998.818589

6355.262882

6807.274932

7978.692261

8700.668646

8899.806542

8702.974122

8162.901610

7349.460948

6312.716013

5228.016502

4214.622420

3378.913514

2719.329915

2226.928777

1855.255484

1581.287808

1372.054160

1215.395123

1091.811758

996.276273

916.160633

850.030457

789.522357

736.779010

689.262551

656.084385

644.941303

677.986539

763.099260

920.786715

1199.003826

1199.003826

920.786716

763.099260

677.986539

644.941304

656.084385

689.262551

736.779010

789.522357

850.030458

916.160633

996.276273

1091.811758

1215.395124

1372.054161

1581.287809

1855.255485

2226.928778

2719.329916

3378.913516

4214.622421

5228.016503

6312.716014

7349.460949

8162.901610

8702.974122

8899.806542

8700.668645

7978.692260

6807.274932

7251.705836

8040.493039

8404.680253

8315.029191

7823.901018

7043.100858

6051.140968

5007.375562

4026.559527

3214.536513

2575.484078

2101.586181

1747.723198

1490.102829

1295.925218

1152.527319

1040.476699

954.648679

882.278968

822.052050

764.988162

713.233622

662.508972

620.653484

590.263272

587.324411

617.201466

696.487670

814.174558

1019.044470

1019.044470

814.174558

696.487670

617.201466

587.324411

590.263272

620.653484

662.508972

713.233622

764.988162

822.052050

882.278968

954.648680

1040.476699

1152.527319

1295.925219

1490.102830

1747.723199

2101.586182

2575.484079

3214.536514

4026.559528

5007.375563

6051.140969

7043.100859

7823.901018

8315.029191

8404.680253

8040.493038

7251.705836

7678.091183

8085.097484

8040.198657

7537.855876

6719.306786

5722.923128

4714.831817

3791.056850

3031.996982

2434.458202

1989.928478

1658.017550

1417.711873

1238.920977

1109.858939

1011.983442

940.296419

882.021112

835.687177

791.352107

750.741707

707.578032

669.193755

635.670039

622.326332

635.173973

694.104551

790.036185

910.961171

1082.617812

1082.617812

910.961171

790.036185

694.104551

635.173973

622.326332

635.670039

669.193755

707.578032

750.741708

791.352107

835.687178

882.021113

940.296420

1011.983443

1109.858940

1238.920978

1417.711873

1658.017551

1989.928478

2434.458203

3031.996983

3791.056851

4714.831818

5722.923129

6719.306787

7537.855876

8040.198657

8085.097484

7678.091183

8061.864264

8044.378930

7541.538609

6648.425043

5561.914126

4504.272549

3582.112064

2851.664773

2289.164273

1874.426974

1565.863527

1343.455708

1179.881657

1064.842780

981.501075

925.493184

884.740816

857.758660

833.971715

814.255233

789.933445

767.256234

743.363200

734.399879

746.830505

809.625315

933.798721

1119.395189

1252.224350

1334.244625

1334.244624

1252.224350

1119.395189

933.798721

809.625315

746.830505

734.399879

743.363201

767.256234

789.933445

814.255233

833.971715

857.758660

884.740816

925.493185

981.501075

1064.842780

1179.881657

1343.455709

1565.863527

1874.426975

2289.164274

2851.664774

3582.112065

4504.272550

5561.914127

6648.425044

7541.538610

8044.378931

8061.864265

8344.416742

7847.708443

6902.620671

5696.013720

4511.075122

3507.640001

2744.371802

2179.141432

1774.056315

1478.431716

1268.249130

1115.979631

1011.720028

940.067463

897.516187

873.374782

866.714067

867.401231

875.700205

880.938390

887.291020

887.837528

898.461739

924.055997

1003.183771

1166.581502

1490.150595

1930.204408

2144.395731

1953.405557

1953.405557

2144.395730

1930.204408

1490.150594

1166.581502

1003.183771

924.055997

898.461739

887.837528

887.291021

880.938390

875.700205

867.401232

866.714068

873.374782

897.516187

940.067464

1011.720028

1115.979631

1268.249131

1478.431717

1774.056315

2179.141433

2744.371802

3507.640002

4511.075123

5696.013721

6902.620672

7847.708444

8344.416742

8447.837306

7450.763352

6129.325073

4777.237282

3626.025445

2766.536413

2150.483444

1722.923763

1419.591310

1208.593217

1058.636000

958.289357

892.226833

857.391241

844.472277

853.609067

876.295032

913.248953

953.403690

998.662458

1037.493553

1082.254730

1132.913329

1232.179664

1417.039435

1824.167425

2623.263951

3942.948829

4511.335390

3216.912497

3216.912494

4511.335382

3942.948823

2623.263949

1824.167424

1417.039434

1232.179664

1132.913329

1082.254730

1037.493553

998.662458

953.403690

913.248953

876.295032

853.609068

844.472278

857.391242

892.226833

958.289358

1058.636000

1208.593218

1419.591310

1722.923763

2150.483445

2766.536414

3626.025446

4777.237283

6129.325073

7450.763352

8447.837307

8282.549036

6830.302585

5290.047945

3945.851776

2938.202908

2227.862266

1745.710613

1411.734823

1183.949500

1024.646767

919.289766

851.002085

816.414662

806.834618

823.471057

859.850322

918.339725

989.557890

1074.526547

1158.184559

1246.087460

1328.862364

1441.929291

1613.031838

1974.092708

2721.994993

4478.782740

7727.522388

11728.422064

11632.264950

11632.264932

11728.422022

7727.522365

4478.782733

2721.994991

1974.092707

1613.031838

1441.929291

1328.862364

1246.087460

1158.184559

1074.526547

989.557891

918.339725

859.850323

823.471057

806.834619

816.414662

851.002085

919.289766

1024.646767

1183.949500

1411.734824

1745.710613

2227.862267

2938.202909

3945.851776

5290.047946

6830.302586

8282.549037

7793.870525

6021.945196

4448.810143

3252.876536

2413.802010

1850.517813

1466.081060

1206.901286

1027.126743

908.164288

830.255741

789.035390

775.340642

790.991976

830.906733

899.515511

990.212315

1105.335964

1228.832678

1359.070485

1474.551407

1593.466125

1723.915889

1956.216092

2402.161991

3444.256761

5697.575103

10276.682907

27296.710079

214076.756682

214076.757360

27296.710042

10276.682872

5697.575092

3444.256758

2402.161990

1956.216092

1723.915889

1593.466124

1474.551407

1359.070486

1228.832678

1105.335964

990.212315

899.515512

830.906733

790.991976

775.340643

789.035391

830.255741

908.164288

1027.126744

1206.901286

1466.081060

1850.517814

2413.802011

3252.876537

4448.810144

6021.945197

7793.870526

6971.441098

5105.234307

3682.748675

2690.972184

2029.398900

1581.631244

1280.795501

1072.153281

932.851239

839.560476

786.641059

763.548648

772.242338

807.887128

876.590560

973.990731

1105.095069

1254.930354

1417.414532

1559.602605

1679.585078

1764.598024

1870.318772

2048.963011

2468.115961

3382.620970

5420.606428

9885.113441

48580.483353

584941.253914

584941.255772

48580.483458

9885.113422

5420.606419

3382.620967

2468.115959

2048.963010

1870.318772

1764.598024

1679.585078

1559.602605

1417.414532

1254.930354

1105.095069

973.990731

876.590560

807.887129

772.242338

763.548649

786.641059

839.560476

932.851239

1072.153281

1280.795501

1581.631245

2029.398900

2690.972185

3682.748675

5105.234308

6971.441099

5912.310876

4189.871731

3021.682779

2255.129044

1742.470793

1398.131639

1157.931871

995.160299

883.240996

815.691885

780.260619

779.008679

806.429664

869.888633

965.961776

1102.547219

1265.947339

1448.789016

1608.669838

1726.604310

1771.885885

1781.446956

1788.505927

1887.118068

2169.764287

2874.465042

4559.973111

10115.289252

63192.109363

611274.885072

611274.887483

63192.109572

10115.289247

4559.973108

2874.465041

2169.764286

1887.118067

1788.505926

1781.446956

1771.885885

1726.604310

1608.669838

1448.789017

1265.947339

1102.547220

965.961776

869.888633

806.429664

779.008679

780.260619

815.691886

883.240996

995.160299

1157.931871

1398.131640

1742.470793

2255.129045

3021.682779

4189.871732

5912.310878

4757.065636

3361.919280

2483.273932

1914.179083

1535.902158

1271.267956

1088.841845

959.781746

877.861218

829.681707

818.071739

836.594978

894.065872

987.027514

1126.495814

1299.131302

1498.369278

1672.243488

1788.138787

1798.668114

1734.498818

1629.195715

1561.713028

1582.758748

1793.234651

2378.090171

4163.994302

10389.379896

50519.558188

383821.228837

383821.231320

50519.558444

10389.379908

4163.994303

2378.090171

1793.234650

1582.758748

1561.713027

1629.195715

1734.498818

1798.668114

1788.138788

1672.243489

1498.369278

1299.131302

1126.495814

987.027514

894.065872

836.594979

818.071739

829.681707

877.861218

959.781747

1088.841845

1271.267956

1535.902158

1914.179084

2483.273933

3361.919281

4757.065637

3678.387726

2669.287136

2051.717710

1655.423102

1383.383185

1194.799773

1058.216788

968.072642

910.992475

891.813868

903.769821

958.144266

1051.358314

1198.771913

1386.878149

1612.064361

1809.696972

1933.279177

1912.799387

1781.442353

1582.960299

1405.666382

1290.673449

1293.818505

1484.189454

2117.050911

4251.091651

9729.820654

28139.983942

168248.517908

168248.519666

28139.984141

9729.820680

4251.091653

2117.050911

1484.189454

1293.818505

1290.673449

1405.666382

1582.960299

1781.442354

1912.799387

1933.279178

1809.696973

1612.064362

1386.878149

1198.771913

1051.358314

958.144266

903.769821

891.813868

910.992475

968.072642

1058.216788

1194.799773

1383.383185

1655.423103

2051.717711

2669.287136

3678.387727

2770.453912

2116.640158

1716.008107

1455.043759

1279.580314

1153.463434

1069.463106

1014.481149

996.019553

1008.194756

1066.397998

1167.952726

1335.172798

1555.333706

1831.922176

2082.787953

2242.871986

2200.200585

1994.822225

1688.765122

1403.525198

1183.425159

1067.234768

1073.221209

1291.751365

2070.657204

4594.637986

9502.009692

20468.648110

91971.969717

91971.971003

20468.648286

9502.009731

4594.637992

2070.657204

1291.751365

1073.221209

1067.234768

1183.425159

1403.525198

1688.765122

1994.822226

2200.200586

2242.871987

2082.787954

1831.922177

1555.333707

1335.172798

1167.952726

1066.397998

1008.194756

996.019553

1014.481149

1069.463107

1153.463434

1279.580315

1455.043760

1716.008107

2116.640158

2770.453913

2071.501316

1689.861335

1453.766783

1306.368637

1209.222624

1150.496880

1115.940894

1113.922452

1140.059448

1215.039820

1339.229353

1545.800608

1826.281018

2199.143383

2560.664750

2820.504597

2784.073265

2492.435785

2029.485269

1592.194998

1243.341888

1020.930964

912.073966

940.657668

1205.956140

2195.763898

5165.295292

10297.234879

21298.935271

81782.468525

81782.469720

21298.935481

10297.234935

5165.295304

2195.763899

1205.956140

940.657668

912.073966

1020.930964

1243.341888

1592.194999

2029.485269

2492.435786

2784.073267

2820.504599

2560.664751

2199.143384

1826.281019

1545.800609

1339.229353

1215.039820

1140.059448

1113.922452

1115.940894

1150.496880

1209.222624

1306.368638

1453.766783

1689.861335

2071.501317

1556.054139

1364.985265

1253.376107

1194.086750

1173.782368

1177.581937

1211.537029

1271.857441

1383.490149

1552.350586

1826.863197

2210.282996

2748.433469

3316.155863

3793.765145

3841.478148

3476.300907

2775.044583

2084.377225

1519.832259

1147.983084

924.415467

835.767434

891.084012

1239.859213

2553.448359

5755.170421

12637.913132

24847.166111

84797.796253

84797.797297

24847.166361

12637.913214

5755.170438

2553.448361

1239.859213

891.084012

835.767434

924.415467

1147.983084

1519.832259

2084.377226

2775.044586

3476.300911

3841.478152

3793.765149

3316.155865

2748.433471

2210.282996

1826.863197

1552.350586

1383.490150

1271.857441

1211.537030

1177.581938

1173.782368

1194.086750

1253.376107

1364.985265

1556.054139

1189.105245

1121.077039

1098.727483

1116.222379

1163.650832

1245.134752

1357.420676

1526.647662

1765.791252

2141.500910

2681.071389

3473.789444

4380.584999

5245.524834

5525.667392

5196.042787

4215.062778

3131.565296

2169.188367

1523.647704

1116.985596

903.654125

832.589077

939.385952

1455.480258

3237.431469

7029.999130

14966.578133

28242.790974

67998.680015

67998.680489

28242.791228

14966.578231

7029.999154

3237.431472

1455.480258

939.385951

832.589077

903.654125

1116.985596

1523.647705

2169.188368

3131.565300

4215.062785

5196.042796

5525.667401

5245.524841

4380.585003

3473.789446

2681.071391

2141.500910

1765.791252

1526.647663

1357.420676

1245.134753

1163.650832

1116.222379

1098.727484

1121.077039

1189.105245

929.740996

938.820922

983.056740

1062.722192

1184.476813

1349.305246

1583.301778

1906.939438

2403.948300

3138.407516

4259.393516

5632.695529

7035.229124

7699.057431

7606.860310

6530.339408

5101.487068

3529.030346

2367.896767

1594.422850

1167.356894

949.425574

912.611899

1117.512325

1988.703889

4692.901488

8825.820722

17993.467682

28644.194907

51870.785828

51870.785908

28644.195089

17993.467790

8825.820750

4692.901493

1988.703889

1117.512325

912.611899

949.425574

1167.356894

1594.422851

2367.896769

3529.030352

5101.487080

6530.339425

7606.860330

7699.057448

7035.229136

5632.695536

4259.393519

3138.407517

2403.948300

1906.939439

1583.301779

1349.305247

1184.476813

1062.722192

983.056740

938.820922

929.740996

748.893968

804.733024

896.300355

1034.717070

1229.176671

1508.112669

1900.530034

2501.009857

3412.301221

4848.872259

6715.101505

8687.611468

9781.882938

10005.624238

9143.313972

7862.653800

5937.497832

4117.638172

2634.543442

1765.556508

1275.376436

1067.574595

1079.181683

1474.828195

3128.147012

6763.812185

12925.633031

19908.664203

26822.501958

34619.565605

34619.565580

26822.502039

19908.664292

12925.633065

6763.812189

3128.147012

1474.828195

1079.181683

1067.574595

1275.376437

1765.556510

2634.543446

4117.638181

5937.497850

7862.653827

9143.314005

10005.624272

9781.882965

8687.611486

6715.101514

4848.872263

3412.301223

2501.009858

1900.530035

1508.112670

1229.176671

1034.717070

896.300355

804.733024

748.893968

623.187040

707.165346

835.775183

1024.824047

1306.164362

1718.234172

2358.869622

3355.709967

4970.786300

7192.480507

9642.188641

11154.197408

11635.193142

11032.279404

10169.836034

8680.216276

6917.324736

4692.932473

3028.241974

1961.189582

1441.736923

1224.292134

1326.684063

2107.064057

4667.451684

9174.800571

16174.830115

23437.876853

22871.150695

21383.233693

21383.233631

22871.150694

23437.876921

16174.830137

9174.800566

4667.451682

2107.064056

1326.684063

1224.292135

1441.736924

1961.189585

3028.241979

4692.932486

6917.324763

8680.216315

10169.836082

11032.279453

11635.193188

11154.197443

9642.188663

7192.480518

4970.786304

3355.709968

2358.869623

1718.234173

1306.164363

1024.824047

835.775183

707.165346

623.187040

537.970085

639.277836

795.071650

1036.193438

1406.414855

2000.265912

2952.015381

4535.365874

6851.688358

9605.199666

11557.728420

12347.739626

11966.438679

11295.238147

10298.348317

9315.047385

7483.475741

5332.556573

3308.487572

2174.162446

1569.208231

1390.583062

1607.783580

2965.534198

6527.857030

10088.434389

16955.047822

20592.965533

27171.137000

37690.583540

37690.583461

27171.136948

20592.965526

16955.047818

10088.434367

6527.857017

2965.534197

1607.783581

1390.583063

1569.208233

2174.162449

3308.487580

5332.556592

7483.475777

9315.047436

10298.348375

11295.238208

11966.438737

12347.739677

11557.728458

9605.199688

6851.688368

4535.365878

2952.015383

2000.265913

1406.414855

1036.193438

795.071650

639.277836

537.970085

482.760108

594.735472

774.368491

1061.342277

1537.507367

2328.416741

3686.719096

5808.217779

8608.537416

10996.118894

12282.362000

12263.052796

11706.603512

10872.764428

10238.457483

9268.767472

7889.817594

5471.171056

3482.891896

2196.464978

1632.327985

1449.259522

1829.711234

4134.417411

7523.409391

11712.164295

12785.939379

15536.542185

19049.018255

26806.263110

26806.262983

19049.018155

15536.542103

12785.939325

11712.164239

7523.409360

4134.417405

1829.711234

1449.259523

1632.327987

2196.464982

3482.891906

5471.171080

7889.817639

9268.767531

10238.457549

10872.764494

11706.603578

12263.052856

12282.362049

10996.118927

8608.537433

5808.217786

3686.719099

2328.416742

1537.507368

1061.342277

774.368491

594.735472

482.760108

451.643728

571.309487

768.991724

1104.371643

1678.333300

2698.412466

4400.669336

6926.131735

9563.715467

11466.940711

12070.596754

11841.784985

11139.168926

10507.265228

9833.856541

9179.909398

7557.689000

5337.160119

3204.249975

2074.104869

1486.560416

1384.953706

1838.234750

4863.846459

7833.992610

11230.359031

12589.116272

13403.773058

17880.668326

27298.698609

27298.698519

17880.668197

13403.772926

12589.116145

11230.358938

7833.992552

4863.846445

1838.234750

1384.953707

1486.560417

2074.104873

3204.249985

5337.160144

7557.689048

9179.909464

9833.856611

10507.265299

11139.168994

11841.785050

12070.596809

11466.940751

9563.715492

6926.131746

4400.669340

2698.412467

1678.333300

1104.371643

768.991724

571.309487

451.643728

441.438676

566.124097

781.366078

1154.405807

1830.133954

3020.812455

4996.000973

7504.486097

9863.678099

11237.369715

11667.141075

11331.324750

10765.440421

10145.062224

9657.152302

8720.432976

7093.203291

4546.644523

2752.358154

1681.528615

1232.756481

1108.750487

1586.381964

5137.435668

6794.746100

10602.273427

13526.236802

17992.415886

18638.744448

22815.212731

22815.212649

18638.744283

17992.415639

13526.236627

10602.273292

6794.746025

5137.435644

1586.381963

1108.750487

1232.756482

1681.528618

2752.358162

4546.644544

7093.203339

8720.433043

9657.152377

10145.062298

10765.440493

11331.324816

11667.141133

11237.369758

9863.678127

7504.486112

4996.000979

3020.812457

1830.133955

1154.405807

781.366079

566.124097

441.438676

451.784063

580.590193

807.207715

1216.205255

1952.526500

3275.172314

5270.681975

7656.641084

9605.484466

10836.839690

11209.896540

11022.199783

10532.698225

10091.115627

9475.738633

8433.515130

6095.492312

3693.932586

2048.803371

1260.286223

864.347811

790.197223

1082.520749

3911.621774

6055.895818

9932.846612

16630.446238

22197.803020

20535.571793

23335.683395

23335.683348

20535.571587

22197.802748

16630.445991

9932.846433

6055.895722

3911.621753

1082.520747

790.197223

864.347812

1260.286225

2048.803377

3693.932603

6095.492352

8433.515198

9475.738710

10091.115706

10532.698299

11022.199851

11209.896598

10836.839734

9605.484495

7656.641100

5270.681982

3275.172317

1952.526501

1216.205255

807.207715

580.590193

451.784063

485.309416

614.660093

851.134548

1274.126055

2051.228252

3364.796839

5307.125046

7379.253862

9163.177000

10309.247478

10874.782283

10841.859094

10559.837173

10166.432758

9626.674754

7918.525350

5146.448877

2682.344053

1451.511974

824.820691

566.068841

482.345354

657.927915

2338.460089

5802.226511

12061.520035

15127.131334

22517.987398

21298.578113

15913.112668

15913.112594

21298.577957

22517.987191

15127.131060

12061.519733

5802.226396

2338.460076

657.927914

482.345354

566.068842

824.820692

1451.511977

2682.344064

5146.448908

7918.525412

9626.674837

10166.432841

10559.837251

10841.859164

10874.782340

10309.247521

9163.177029

7379.253879

5307.125054

3364.796842

2051.228253

1274.126055

851.134548

614.660093

485.309416

548.171880

673.821864

908.556389

1336.801558

2085.231350

3347.111519

5051.731908

6944.801864

8523.888851

9787.593329

10554.605937

10832.827966

10703.859206

10545.415065

9817.185063

7570.887899

4015.911674

1912.169009

937.377236

526.630031

341.310514

291.393972

361.259177

1182.492287

7497.141454

11856.781227

19883.618692

17764.837690

30235.791255

21749.621399

21749.621326

30235.791205

17764.837466

19883.618266

11856.780890

7497.141257

1182.492282

361.259177

291.393972

341.310514

526.630032

937.377237

1912.169015

4015.911695

7570.887957

9817.185149

10545.415154

10703.859287

10832.828037

10554.605992

9787.593368

8523.888877

6944.801879

5051.731915

3347.111522

2085.231351

1336.801558

908.556389

673.821864

548.171880

652.633154

761.618125

987.062942

1387.910590

2088.831407

3175.962767

4692.012260

6290.139277

7846.517830

9138.294181

10240.911664

10851.189362

11055.376440

10999.713392

10380.380389

7007.080935

3136.365671

1298.489715

611.620521

326.472211

214.005167

174.436522

214.524217

599.816665

8552.750369

15888.852968

14541.206947

16158.310719

15068.362196

29923.445346

29923.445702

15068.362265

16158.310455

14541.206619

15888.852484

8552.750116

599.816663

214.524217

174.436522

214.005167

326.472211

611.620521

1298.489718

3136.365685

7007.080985

10380.380481

10999.713487

11055.376526

10851.189433

10240.911716

9138.294216

7846.517852

6290.139290

4692.012266

3175.962770

2088.831408

1387.910590

987.062942

761.618125

652.633154

819.788560

889.910313

1082.419876

1445.321688

2037.692516

2964.942660

4162.613938

5600.864832

6972.017745

8392.379600

9727.229487

10893.018726

11428.259721

11763.486081

10953.122111

6685.089895

2390.702064

915.350435

406.921388

216.224907

138.244832

115.475406

134.890380

373.713835

10236.847403

13858.984588

9359.752743

14577.869260

21763.165153

29020.489138

29020.489248

21763.165424

14577.869247

9359.752568

13858.984147

10236.847072

373.713834

134.890380

115.475406

138.244832

216.224907

406.921389

915.350437

2390.702072

6685.089939

10953.122206

11763.486183

11428.259810

10893.018794

9727.229534

8392.379629

6972.017762

5600.864842

4162.613943

2964.942662

2037.692517

1445.321688

1082.419877

889.910313

819.788560

1087.606287

1068.583834

1207.582466

1497.271290

1986.931469

2682.919438

3643.186221

4732.429657

6035.747092

7343.070868

8953.468662

10667.771630

11975.657890

12482.245342

12019.496362

6313.472572

1935.779595

679.568139

296.277739

154.377153

98.328919

81.277668

102.107842

256.514229

5979.891248

7257.813596

11928.665039

31388.452371

25144.457148

22267.943833

22267.943807

25144.457100

31388.452663

11928.664927

7257.813447

5979.891088

256.514228

102.107842

81.277668

98.328919

154.377153

296.277739

679.568140

1935.779600

6313.472609

12019.496464

12482.245450

11975.657980

10667.771693

8953.468700

7343.070890

6035.747105

4732.429664

3643.186225

2682.919440

1986.931470

1497.271290

1207.582466

1068.583834

1087.606286

1520.579819

1321.470185

1361.477549

1570.732275

1919.963049

2437.351121

3073.541204

3913.355397

4861.448965

6139.187298

7664.878797

10023.676044

12378.602310

13604.822398

12899.411844

6555.834895

1687.885352

561.723674

239.393123

123.913688

77.433885

62.493603

84.491833

326.863272

2214.298552

7566.252127

29536.693498

24336.506609

20177.022863

25668.274273

25668.274179

20177.022818

24336.506193

29536.692924

7566.251952

2214.298509

326.863271

84.491833

62.493603

77.433885

123.913688

239.393123

561.723675

1687.885356

6555.834929

12899.411949

13604.822513

12378.602400

10023.676096

7664.878824

6139.187313

4861.448974

3913.355401

3073.541207

2437.351122

1919.963050

1570.732275

1361.477549

1321.470185

1520.579819

2228.440916

1671.539299

1566.916475

1657.921278

1887.265361

2196.784756

2611.459372

3085.875395

3780.509096

4665.109486

6112.395499

8483.597643

12555.530711

14863.366078

14326.102723

7210.636421

1687.625158

526.347343

220.323515

112.341747

69.774143

53.501885

64.957155

650.248111

21508.599398

32847.576549

13632.927135

14080.651961

22342.523357

30629.955310

30629.955502

22342.523381

14080.651657

13632.926663

32847.575553

21508.598651

650.248109

64.957155

53.501885

69.774143

112.341747

220.323515

526.347343

1687.625161

7210.636458

14326.102837

14863.366200

12555.530794

8483.597679

6112.395515

4665.109494

3780.509101

3085.875397

2611.459374

2196.784757

1887.265361

1657.921278

1566.916476

1671.539298

2228.440916

3374.629049

2167.312978

1829.547587

1789.987902

1870.375724

2030.068082

2208.961376

2463.715229

2786.945040

3397.089298

4345.139025

6379.568873

11299.277178

16991.525501

15479.647631

9037.527532

1968.508455

566.194458

231.565634

117.428441

71.523344

55.005612

51.235180

226.319920

200665.573710

21773.080777

8496.847977

16348.879267

24176.145302

32645.383207

32645.383289

24176.145190

16348.879065

8496.847845

21773.080444

200665.557893

226.319920

51.235180

55.005612

71.523344

117.428441

231.565634

566.194458

1968.508458

9037.527580

15479.647751

16991.525635

11299.277242

6379.568894

4345.139033

3397.089302

2786.945043

2463.715231

2208.961377

2030.068082

1870.375725

1789.987903

1829.547587

2167.312978

3374.629049

5155.506114

2856.343055

2185.831022

1960.177371

1908.014820

1903.730237

1938.683663

1980.544686

2113.590895

2359.198810

2974.319936

4153.600857

8097.150803

18880.033806

18800.391771

10385.149726

2766.907461

698.792592

275.558450

140.466858

87.089385

64.766945

65.044662

93.927428

9539.988689

29053.589415

45237.314105

19822.154787

26226.827195

30514.259898

30514.259818

26226.827285

19822.154953

45237.313941

29053.589619

9539.988584

93.927428

65.044662

64.766945

87.089385

140.466858

275.558450

698.792593

2766.907467

10385.149782

18800.391916

18880.033946

8097.150837

4153.600866

2974.319939

2359.198812

2113.590897

1980.544687

1938.683664

1903.730238

1908.014821

1960.177371

2185.831022

2856.343054

5155.506113

7658.267989

3819.452322

2645.864600

2203.569555

1983.637015

1857.512004

1749.155131

1682.375655

1647.955156

1729.761448

1968.124010

2664.645886

4453.332659

15800.383678

24651.791319

12882.028528

4191.187879

943.425859

372.177256

186.626877

122.993943

95.772621

101.092759

132.493336

197.469916

573.181254

33479.942774

56836.199640

32994.709155

33710.763676

33710.763166

32994.709471

56836.200450

33479.943538

573.181254

197.469915

132.493336

101.092759

95.772621

122.993943

186.626877

372.177256

943.425859

4191.187889

12882.028606

24651.791512

15800.383775

4453.332671

2664.645890

1968.124012

1729.761449

1647.955157

1682.375656

1749.155132

1857.512005

1983.637016

2203.569555

2645.864600

3819.452322

7658.267989

10707.528584

5083.129397

3257.200335

2516.186115

2134.984533

1867.569712

1667.223996

1495.776848

1386.189668

1335.116168

1412.513746

1687.183232

2502.926732

6807.227616

35485.652503

19162.302939

5730.134473

1406.245366

517.376264

273.738080

184.189391

169.904047

164.967743

202.299468

300.902941

211.647203

170.494855

28803.982258

83080.822237

61555.628499

61555.628731

83080.820513

28803.982960

170.494856

211.647202

300.902940

202.299468

164.967743

169.904047

184.189391

273.738080

517.376264

1406.245366

5730.134494

19162.303066

35485.652785

6807.227641

2502.926736

1687.183233

1412.513747

1335.116168

1386.189668

1495.776849

1667.223996

1867.569713

2134.984533

2516.186115

3257.200335

5083.129396

10707.528584

13787.257830

6640.181579

4014.712511

2943.017251

2355.523637

1969.022744

1661.942347

1426.879306

1241.604448

1130.540059

1090.083561

1180.298706

1501.259697

2611.076982

22767.035675

34501.407827

10137.040889

2245.688820

716.864197

397.213431

287.058277

265.404378

312.387523

308.710840

608.260908

2558.874910

2894.997832

2.764552

2738.877842

127963.111279

127963.107549

2738.878007

2.764552

2894.997812

2558.874890

608.260906

308.710839

312.387523

265.404378

287.058277

397.213431

716.864197

2245.688822

10137.040941

34501.408113

22767.035819

2611.076987

1501.259698

1180.298706

1090.083562

1130.540059

1241.604448

1426.879306

1661.942347

1969.022744

2355.523638

2943.017251

4014.712511

6640.181578

13787.257833

16430.917670

8279.466265

4941.027297

3478.929508

2692.623371

2155.299545

1759.473722

1442.843761

1206.862023

1032.470304

933.567123

904.691013

1016.689172

1309.982737

4173.147765

58537.088275

20544.444431

4381.845973

1169.567185

490.633156

418.652139

383.427945

446.393634

609.903946

679.013533

1943.117505

20561.495755

5.062207

7.260168

122707.344027

122707.346905

7.260168

5.062207

20561.495599

1943.117495

679.013531

609.903945

446.393634

383.427945

418.652139

490.633156

1169.567185

4381.845986

20544.444575

58537.088779

4173.147775

1309.982738

1016.689172

904.691013

933.567123

1032.470304

1206.862024

1442.843761

1759.473723

2155.299545

2692.623371

3478.929508

4941.027297

8279.466265

16430.917676

18217.118795

9802.379194

5938.863254

4164.912687

3148.293570

2471.340491

1955.691094

1562.737157

1255.280490

1030.396679

869.685308

780.927709

752.757214

880.979350

1171.660106

21860.491049

50910.897841

13890.060730

3167.752617

823.097967

413.466622

584.331454

597.682582

845.365937

808.667543

491.279204

4.576186

0.042734

485988102.822870

137.169445

137.169445

485988103.026091

0.042734

4.576186

491.279204

808.667541

845.365936

597.682582

584.331454

413.466622

823.097967

3167.752620

13890.060810

50910.898294

21860.491153

1171.660107

880.979350

752.757214

780.927710

869.685309

1030.396680

1255.280490

1562.737158

1955.691094

2471.340491

3148.293571

4164.912687

5938.863255

9802.379195

18217.118803

19076.302986

10911.911034

6956.477242

4955.255113

3771.197118

2927.173202

2291.738706

1789.932179

1403.821513

1107.574449

890.503897

737.873498

648.768659

626.791550

682.789143

1372.682314

177999.601790

32602.776658

13909.688001

5455.097249

815.468478

450.132729

1215.932095

1175.450378

771.631691

122.240386

1.475295

0.022701

120571.521394

15.135552

15.135552

120571.521554

0.022701

1.475295

122.240386

771.631690

1175.450377

1215.932095

450.132729

815.468478

5455.097253

13909.688050

32602.776882

177999.602602

1372.682316

682.789143

626.791550

648.768659

737.873498

890.503897

1107.574450

1403.821514

1789.932179

2291.738706

2927.173202

3771.197118

4955.255114

6956.477242

10911.911036

19076.302995

18900.624203

11590.758883

7837.416322

5847.630538

4541.285533

3571.740349

2788.746062

2163.756850

1667.462288

1281.317402

989.577033

770.844190

624.264983

520.699218

522.131490

502.029616

2348.857225

646320.707299

33094.165360

30213.837335

16325.162202

2038.908731

855.119942

1466.760128

346.830754

55.999290

1.859001

0.182288

33058501688.466164

1695.484791

1695.484792

33058501691.765507

0.182288

1.859001

55.999290

346.830754

1466.760127

855.119942

2038.908731

16325.162195

30213.837351

33094.165460

646320.707821

2348.857228

502.029617

522.131490

520.699218

624.264983

770.844190

989.577033

1281.317402

1667.462288

2163.756851

2788.746062

3571.740350

4541.285533

5847.630539

7837.416322

11590.758886

18900.624211

17942.382981

11762.141792

8576.632468

6739.890279

5465.460333

4402.047870

3492.887355

2720.462392

2085.035481

1581.663378

1182.928181

888.257240

661.193994

520.901960

412.501763

402.218449

408.896372

5915.370873

319525.067093

103362.289415

336324.623076

25828.336865

10276.419897

562.575497

206.064786

54.080210

2.591653

0.149520

215072249.554983

8753.976044

8753.976048

215072249.608067

0.149520

2.591653

54.080210

206.064786

562.575497

10276.419869

25828.336683

336324.619472

103362.289049

319525.066599

5915.370879

408.896373

402.218450

412.501763

520.901960

661.193994

888.257240

1182.928181

1581.663379

2085.035482

2720.462393

3492.887356

4402.047871

5465.460333

6739.890279

8576.632469

11762.141795

17942.382988

16349.537265

11614.489880

9086.671931

7610.948430

6460.491587

5416.777881

4416.281106

3501.661417

2712.187053

2047.125200

1520.888835

1099.379682

795.487352

567.022985

423.654186

336.556609

295.407334

347.912423

7760.608921

63175.654062

117666.054272

61710.452953

110414.184552

29282.136391

920.861086

149.494438

7.699957

0.163373

83818295317.802887

31418626.370632

31418626.613692

83818295322.929977

0.163373

7.699957

149.494438

920.861087

29282.135983

110414.182708

61710.452623

117666.053762

63175.654138

7760.608928

347.912423

295.407334

336.556609

423.654186

567.022985

795.487352

1099.379683

1520.888835

2047.125201

2712.187054

3501.661417

4416.281106

5416.777882

6460.491588

7610.948431

9086.671932

11614.489882

16349.537270

14549.373908

11171.662398

9436.541320

8358.244320

7476.814725

6538.753885

5539.593601

4534.220760

3586.324881

2756.780464

2044.885084

1477.678423

1034.230558

713.558573

499.349607

347.510801

279.859227

227.211184

252.070215

1768.291751

1847557.891929

17237.903602

163411.516507

27746.196027

207868.575469

16053.479809

161702.046659

1.830200

24188257695.580589

15283322.622501

15283322.648227

24188257694.135242

1.830200

161702.051888

16053.479706

207868.574122

27746.195966

163411.515584

17237.903643

1847557.891987

1768.291752

252.070215

227.211184

279.859227

347.510801

499.349607

713.558573

1034.230558

1477.678424

2044.885084

2756.780465

3586.324882

4534.220761

5539.593602

6538.753886

7476.814726

8358.244321

9436.541321

11171.662400

14549.373912

12707.959722

10635.645671

9580.773691

8982.938679

8398.251527

7682.758373

6785.743787

5778.607796

4746.353356

3752.213362

2854.502618

2085.831805

1458.439261

1003.183189

660.431464

463.741022

310.437928

251.551357

197.106573

180.523910

206.777662

2291.765193

80599.808058

2063.773047

57201.119038

2143.993641

39347.601611

180.762294

17.806537

12181855309.485844

12181855306.419504

17.806537

180.762294

39347.601592

2143.993649

57201.119336

2063.773057

80599.807874

2291.765199

206.777662

180.523910

197.106573

251.551357

310.437928

463.741022

660.431464

1003.183189

1458.439262

2085.831806

2854.502618

3752.213363

4746.353357

5778.607797

6785.743788

7682.758374

8398.251528

8982.938680

9580.773692

10635.645673

12707.959725

11102.349818

10004.632106

9607.047906

9410.808686

9178.991038

8721.947838

8037.966454

7150.444639

6142.883517

5068.819995

4020.565701

3019.978361

2193.039133

1488.949717

1025.488760

661.543282

474.675211

325.376689

276.841967

270.164279

254.549017

134.138346

120.460697

107.475830

70.227938

226.084895

529.163299

320.883820

25.678354

0.495735

0.495735

25.678354

320.883820

529.163299

226.084895

70.227938

107.475830

120.460697

134.138346

254.549017

270.164279

276.841967

325.376689

474.675211

661.543282

1025.488760

1488.949717

2193.039134

3019.978362

4020.565702

5068.819997

6142.883518

7150.444641

8037.966455

8721.947839

9178.991040

9410.808687

9607.047907

10004.632107

11102.349819

9718.313773

9414.466752

9484.391940

9679.066419

9735.742655

9582.038484

9159.539516

8519.034782

7659.576728

6670.756386

5527.291903

4417.031718

3278.802290

2389.692996

1601.173582

1117.511790

734.395912

544.338672

421.372056

376.311744

359.733478

541.460711

1468.405683

567.141207

203.772795

206.316845

280.710219

41.772283

16.763994

224.570857

224.570857

16.763994

41.772283

280.710219

206.316845

203.772796

567.141208

1468.405684

541.460711

359.733478

376.311744

421.372056

544.338672

734.395912

1117.511790

1601.173582

2389.692997

3278.802291

4417.031719

5527.291905

6670.756388

7659.576730

8519.034784

9159.539517

9582.038485

9735.742657

9679.066420

9484.391941

9414.466754

9718.313774

8633.457344

8828.453946

9300.353434

9757.712689

10085.960397

10183.334575

10070.461136

9716.714198

9170.266612

8343.630008

7370.535699

6115.108062

4922.727522

3627.595643

2655.840290

1786.091260

1252.401157

857.651439

641.088866

513.119329

506.822017

685.086947

741.462122

770.723287

499.916131

462.594460

206.769472

259.404756

2308.056675

1359.618503

1359.618504

2308.056679

259.404756

206.769472

462.594460

499.916131

770.723287

741.462122

685.086947

506.822017

513.119329

641.088866

857.651439

1252.401158

1786.091260

2655.840290

3627.595644

4922.727524

6115.108064

7370.535701

8343.630011

9170.266615

9716.714201

10070.461138

10183.334577

10085.960398

9757.712690

9300.353435

8828.453946

8633.457345

7744.818752

8326.463226

9040.420640

9717.584702

10219.268640

10544.815912

10683.022288

10665.362137

10413.015772

9962.782393

9127.810494

8120.680858

6714.478087

5395.945996

3955.192316

2860.223191

1923.117003

1314.112119

895.435014

663.619743

559.728853

493.172744

515.854593

492.371561

610.506451

593.234222

936.041216

3624.418708

12038.348751

12292.330060

12292.330069

12038.348818

3624.418717

936.041217

593.234222

610.506451

492.371561

515.854593

493.172744

559.728853

663.619743

895.435014

1314.112118

1923.117003

2860.223191

3955.192317

5395.945998

6714.478089

8120.680861

9127.810497

9962.782396

10413.015775

10665.362140

10683.022291

10544.815914

10219.268641

9717.584703

9040.420640

8326.463226

7744.818752

7056.614143

7863.029799

8777.807676

9576.709092

10204.159904

10670.035725

11013.441013

11224.450789

11298.630120

11101.781655

10666.163631

9753.924995

8628.341015

7072.154201

5579.445251

4028.312610

2801.167034

1829.170823

1200.180602

812.426763

576.416041

464.533232

395.202150

419.870393

469.476595

767.426605

1791.923851

5107.305874

108150.187916

70033.623765

70033.623931

108150.188539

5107.305904

1791.923856

767.426606

469.476595

419.870393

395.202150

464.533232

576.416041

812.426763

1200.180602

1829.170823

2801.167034

4028.312611

5579.445253

7072.154203

8628.341019

9753.924999

10666.163636

11101.781659

11298.630124

11224.450792

11013.441016

10670.035727

10204.159906

9576.709093

8777.807677

7863.029800

7056.614144

6464.951154

7482.022873

8521.542059

9399.257677

10083.050987

10609.168530

11044.311080

11393.120723

11625.831428

11697.217612

11463.794715

10934.658841

9914.341427

8618.780286

6956.733682

5301.293339

3705.699198

2455.884069

1566.078354

1003.690872

684.090270

496.897553

421.219168

395.513375

472.572752

674.552363

1214.114187

3889.820556

34342.144365

125431.072107

125431.071801

34342.144701

3889.820579

1214.114189

674.552363

472.572752

395.513375

421.219168

496.897553

684.090270

1003.690872

1566.078354

2455.884069

3705.699199

5301.293340

6956.733684

8618.780290

9914.341431

10934.658846

11463.794720

11697.217617

11625.831432

11393.120727

11044.311082

10609.168532

10083.050988

9399.257678

8521.542060

7482.022874

6464.951154

5963.219176

7153.288624

8316.095304

9235.923550

9880.373059

10383.725532

10787.073916

11157.192363

11446.390634

11628.059726

11614.839794

11307.317920

10649.665284

9554.906453

8117.607925

6417.941235

4711.214303

3211.612691

2081.586073

1346.157563

893.481645

651.042900

517.038078

485.456934

518.024210

669.930097

923.037540

1289.382388

1962.822828

2174.470556

2174.470559

1962.822831

1289.382389

923.037540

669.930097

518.024210

485.456934

517.038078

651.042900

893.481645

1346.157562

2081.586073

3211.612691

4711.214304

6417.941237

8117.607928

9554.906456

10649.665288

11307.317925

11614.839799

11628.059730

11446.390637

11157.192366

10787.073918

10383.725533

9880.373060

9235.923551

8316.095304

7153.288625

5963.219176

5447.227842

6912.098644

8225.262257

9072.261886

9602.619894

9940.898173

10275.764477

10576.489598

10884.490891

11109.912555

11252.345165

11180.366714

10855.204675

10129.448807

9030.604765

7535.826828

5892.290962

4255.000606

2930.062530

1948.207027

1339.492064

955.380207

760.322892

652.418710

653.852971

695.042679

847.964936

1074.849085

1315.699897

1498.937583

1498.937583

1315.699896

1074.849085

847.964936

695.042679

653.852971

652.418710

760.322892

955.380207

1339.492064

1948.207027

2930.062531

4255.000606

5892.290963

7535.826830

9030.604768

10129.448811

10855.204679

11180.366718

11252.345169

11109.912559

10884.490894

10576.489601

10275.764479

9940.898174

9602.619895

9072.261887

8225.262257

6912.098644

5447.227843

4928.495171

6815.823053

8233.364103

8889.267830

9069.183220

9283.880684

9514.699293

9821.921162

10120.203525

10453.023333

10720.991130

10948.816057

10960.171311

10758.391771

10092.742917

9084.540203

7593.313864

6027.130606

4417.409312

3170.288832

2194.580221

1592.652100

1165.771398

943.706739

777.232092

728.175780

695.990530

732.392236

768.705387

810.458993

810.458993

768.705387

732.392236

695.990530

728.175780

777.232092

943.706739

1165.771398

1592.652101

2194.580222

3170.288833

4417.409313

6027.130608

7593.313866

9084.540206

10092.742921

10758.391775

10960.171315

10948.816061

10720.991133

10453.023337

10120.203527

9821.921164

9514.699294

9283.880685

9069.183221

8889.267830

8233.364104

6815.823053

4928.495171

4251.627902

6995.027426

8338.154859

8188.070064

8221.365999

8370.661117

8667.904220

9009.023914

9434.377608

9892.107989

10440.202379

10990.163247

11580.511096

11988.200168

12210.593377

11823.989769

10981.260913

9322.978893

7499.511852

5429.142917

3817.049352

2491.409372

1679.715423

1101.233098

793.446931

575.871592

470.866761

394.287914

364.229158

345.103316

345.103316

364.229158

394.287914

470.866761

575.871592

793.446931

1101.233098

1679.715423

2491.409373

3817.049354

5429.142920

7499.511857

9322.978898

10981.260920

11823.989776

12210.593383

11988.200173

11580.511101

10990.163251

10440.202382

9892.107992

9434.377610

9009.023916

8667.904221

8370.661117

8221.366000

8188.070064

8338.154859

6995.027426

4251.627903

3822.063875

7666.457427

6939.468420

6848.073919

7044.738318

7413.412652

7852.269834

8378.269743

8988.080312

9745.868864

10663.840896

11829.331586

13208.064202

14821.722794

16351.690824

17459.772491

17198.140565

15398.280405

11953.800544

8296.713072

5028.210822

2897.777917

1570.863972

893.336634

509.137708

322.425471

211.766937

158.184256

125.936335

113.892887

113.892887

125.936335

158.184256

211.766937

322.425471

509.137708

893.336634

1570.863972

2897.777919

5028.210825

8296.713078

11953.800554

15398.280419

17198.140580

17459.772506

16351.690836

14821.722803

13208.064208

11829.331591

10663.840899

9745.868866

8988.080313

8378.269744

7852.269835

7413.412653

7044.738318

6848.073919

6939.468420

7666.457428

3822.063875

2398.741194

3847.139745

4388.105728

5216.004947

5918.233735

6615.875965

7320.678779

8111.047466

9053.295488

10235.217329

11774.734025

13812.164399

16437.316495

19613.087522

22624.438648

24316.514743

23011.975961

18958.909681

13284.705939

8122.445891

4288.419396

2052.302556

942.862589

436.540446

215.912779

112.040882

65.216801

41.030504

30.188861

25.394523

25.394523

30.188861

41.030504

65.216801

112.040882

215.912779

436.540446

942.862590

2052.302557

4288.419398

8122.445895

13284.705946

18958.909693

23011.975979

24316.514766

22624.438669

19613.087538

16437.316506

13812.164405

11774.734028

10235.217331

9053.295489

8111.047466

7320.678779

6615.875965

5918.233735

5216.004947

4388.105729

3847.139745

2398.741195

