AXIS X

0.000000 0.000500 0.001000 0.001500 0.002000 0.002500 0.003000 0.003500 0.004000 0.004500 0.005000 0.005500 0.006000 0.006500 0.007000 0.007500 0.008000 0.008500 0.009000 0.009500 0.010000 0.010500 0.011000 0.011500 0.012000 0.012500 0.013000 0.013500 0.014000 0.014500 0.015000 0.015500 0.016000 0.016500 0.017000 0.017500 0.018000 0.018500 0.019000 0.019500 0.020000 0.020500 0.021000 0.021500 0.022000 0.022500 0.023000 0.023500 0.024000 0.024500 0.025000 0.025500 0.026000 0.026500 0.027000 0.027500 0.028000 0.028500 0.029000 0.029500 

AXIS Y

0.000000 0.000500 0.001000 0.001500 0.002000 0.002500 0.003000 0.003500 0.004000 0.004500 0.005000 0.005500 0.006000 0.006500 0.007000 0.007500 0.008000 0.008500 0.009000 0.009500 0.010000 0.010500 0.011000 0.011500 0.012000 0.012500 0.013000 0.013500 0.014000 0.014500 0.015000 0.015500 0.016000 0.016500 0.017000 0.017500 0.018000 0.018500 0.019000 0.019500 0.020000 0.020500 0.021000 0.021500 0.022000 0.022500 0.023000 0.023500 0.024000 0.024500 0.025000 0.025500 0.026000 0.026500 0.027000 0.027500 0.028000 0.028500 0.029000 0.029500 



DATA
6849.500707

9181.220151

10111.728120

11226.733428

12161.933319

12909.726752

13528.558230

14003.060657

14351.173639

14478.705167

14371.742134

13920.120442

13164.480822

12076.239270

10813.031528

9449.365677

8184.338662

7078.050654

6243.197976

5668.027999

5410.142063

5464.684739

5963.619733

7038.687630

9160.586759

12847.191358

19431.063544

28273.780261

39939.465175

36108.911942

36108.911950

39939.465200

28273.780289

19431.063561

12847.191369

9160.586766

7038.687635

5963.619736

5464.684742

5410.142065

5668.028000

6243.197977

7078.050655

8184.338662

9449.365675

10813.031526

12076.239267

13164.480819

13920.120439

14371.742131

14478.705164

14351.173636

14003.060655

13528.558228

12909.726751

12161.933317

11226.733427

10111.728118

9181.220149

6849.500706

8996.194832

13704.117180

13219.165971

13151.903282

13335.130171

13577.521126

13654.745710

13535.877768

13132.187298

12484.974441

11562.081596

10465.418593

9228.556557

8000.220780

6837.706843

5845.342663

5024.867757

4402.745090

3942.182624

3643.694609

3474.141486

3444.530612

3540.017747

3803.044544

4255.294673

5049.852277

6380.789403

9317.314960

16474.574174

13679.082089

13679.082092

16474.574182

9317.314968

6380.789410

5049.852283

4255.294677

3803.044548

3540.017750

3444.530614

3474.141488

3643.694611

3942.182626

4402.745092

5024.867759

5845.342664

6837.706844

8000.220780

9228.556557

10465.418593

11562.081596

12484.974440

13132.187297

13535.877767

13654.745709

13577.521126

13335.130171

13151.903282

13219.165970

13704.117179

8996.194830

9529.455353

13351.188462

14682.383053

14546.954511

14465.813978

14257.671090

13839.979326

13052.697388

11967.906791

10624.640470

9204.340048

7792.721286

6530.319050

5440.067330

4564.471258

3866.806541

3338.813717

2935.533272

2644.107160

2431.382254

2291.208028

2201.034703

2161.682139

2161.035403

2215.525280

2348.523332

2655.180076

3422.809309

4697.636077

5763.699491

5763.699493

4697.636080

3422.809311

2655.180078

2348.523334

2215.525282

2161.035404

2161.682140

2201.034704

2291.208029

2431.382256

2644.107161

2935.533274

3338.813719

3866.806543

4564.471259

5440.067332

6530.319051

7792.721288

9204.340049

10624.640471

11967.906792

13052.697388

13839.979326

14257.671090

14465.813978

14546.954511

14682.383053

13351.188462

9529.455351

10327.302184

12998.080209

14536.257509

14964.416854

14782.969209

14293.812293

13357.026351

12037.491921

10410.672585

8737.524722

7164.474000

5840.929145

4765.295171

3939.989208

3302.300156

2824.977533

2457.925434

2183.864510

1970.990557

1811.283389

1683.627060

1585.367427

1503.049190

1441.070297

1400.482236

1406.013155

1505.139164

1768.469923

2211.995545

2742.061080

2742.061080

2211.995546

1768.469923

1505.139165

1406.013155

1400.482236

1441.070298

1503.049191

1585.367428

1683.627061

1811.283390

1970.990558

2183.864511

2457.925435

2824.977535

3302.300157

3939.989209

4765.295173

5840.929147

7164.474002

8737.524724

10410.672586

12037.491922

13357.026353

14293.812294

14782.969210

14964.416854

14536.257509

12998.080208

10327.302182

11061.821765

12965.374924

14138.586549

14462.185631

14142.332948

13264.715116

11942.874040

10258.163520

8495.526815

6848.761432

5490.734461

4418.911112

3618.759263

3014.790162

2569.592688

2229.588011

1975.017075

1774.194106

1618.948943

1488.761029

1381.299493

1282.973830

1197.265890

1120.051645

1066.137125

1048.029618

1101.728126

1240.036298

1496.278412

1948.381217

1948.381218

1496.278413

1240.036298

1101.728126

1048.029618

1066.137125

1120.051645

1197.265891

1282.973831

1381.299494

1488.761029

1618.948944

1774.194107

1975.017076

2229.588012

2569.592690

3014.790163

3618.759265

4418.911114

5490.734463

6848.761434

8495.526817

10258.163522

11942.874042

13264.715117

14142.332948

14462.185631

14138.586549

12965.374923

11061.821764

11784.021984

13065.801188

13657.605411

13511.922435

12713.839154

11445.038894

9833.104073

8136.985288

6543.159231

5223.621834

4185.161626

3415.077544

2840.050197

2421.417098

2105.878480

1872.856893

1690.774636

1551.304104

1433.703322

1335.834582

1243.105764

1159.004636

1076.577079

1008.561911

959.177817

954.402168

1002.952383

1131.792464

1323.033656

1655.947264

1655.947265

1323.033657

1131.792464

1002.952383

954.402168

959.177817

1008.561911

1076.577080

1159.004636

1243.105764

1335.834582

1433.703323

1551.304104

1690.774636

1872.856894

2105.878481

2421.417099

2840.050198

3415.077545

4185.161628

5223.621836

6543.159233

8136.985290

9833.104075

11445.038895

12713.839155

13511.922435

13657.605411

13065.801187

11784.021983

12476.898172

13138.283412

13065.322817

12249.015798

10918.873528

9299.750083

7661.601703

6160.467381

4926.995095

3955.994579

3233.633776

2694.278519

2303.781793

2013.246588

1803.520777

1644.473094

1527.981682

1433.284308

1357.991663

1285.947174

1219.955275

1149.814301

1087.439851

1032.963813

1011.280289

1032.157706

1127.919895

1283.808801

1480.311903

1759.253945

1759.253945

1480.311903

1283.808801

1127.919895

1032.157706

1011.280289

1032.963813

1087.439852

1149.814302

1219.955275

1285.947174

1357.991664

1433.284308

1527.981682

1644.473095

1803.520777

2013.246589

2303.781794

2694.278520

3233.633778

3955.994580

4926.995097

6160.467383

7661.601705

9299.750085

10918.873529

12249.015798

13065.322817

13138.283412

12476.898172

13100.529429

13072.115762

12255.000240

10803.690695

9038.110455

7319.442892

5820.932104

4633.955257

3719.891944

3045.943833

2544.528231

2183.115526

1917.307692

1730.369517

1594.939247

1503.926424

1437.703826

1393.857823

1355.204037

1323.164753

1283.641848

1246.791380

1207.965201

1193.399803

1213.599571

1315.641136

1517.422922

1819.017182

2034.864569

2168.147515

2168.147515

2034.864569

1819.017182

1517.422922

1315.641136

1213.599571

1193.399803

1207.965201

1246.791380

1283.641848

1323.164753

1355.204038

1393.857823

1437.703826

1503.926425

1594.939247

1730.369518

1917.307693

2183.115527

2544.528232

3045.943834

3719.891945

4633.955258

5820.932106

7319.442894

9038.110456

10803.690696

12255.000241

13072.115762

13100.529430

13559.677205

12752.526220

11216.758591

9256.022296

7330.497074

5699.915002

4459.604178

3541.104828

2882.841511

2402.451539

2060.904836

1813.466900

1644.045046

1527.609628

1458.463804

1419.234021

1408.410360

1409.527001

1423.012833

1431.524883

1441.847908

1442.735984

1460.000326

1501.590995

1630.173628

1895.694941

2421.494716

3136.582163

3484.643063

3174.284031

3174.284030

3484.643062

3136.582162

2421.494716

1895.694941

1630.173628

1501.590995

1460.000326

1442.735984

1441.847909

1431.524883

1423.012833

1409.527001

1408.410360

1419.234021

1458.463805

1527.609629

1644.045046

1813.466901

2060.904837

2402.451540

2882.841512

3541.104829

4459.604179

5699.915004

7330.497075

9256.022297

11216.758592

12752.526221

13559.677207

13727.735622

12107.490446

9960.153243

7763.010583

5892.291348

4495.621671

3494.535597

2799.751114

2306.835878

1963.963978

1720.283500

1557.220205

1449.868603

1393.260767

1372.267451

1387.114734

1423.979426

1484.029548

1549.280996

1622.826494

1685.927024

1758.663936

1840.984160

2002.291955

2302.689081

2964.272065

4262.803921

6407.291847

7330.920009

5227.482808

5227.482803

7330.919996

6407.291838

4262.803917

2964.272064

2302.689081

2002.291954

1840.984160

1758.663936

1685.927024

1622.826494

1549.280996

1484.029548

1423.979427

1387.114735

1372.267451

1393.260768

1449.868603

1557.220206

1720.283501

1963.963978

2306.835879

2799.751115

3494.535598

4495.621672

5892.291349

7763.010585

9960.153244

12107.490448

13727.735624

13459.142183

11099.241700

8596.327910

6412.009135

4774.579726

3620.276183

2836.779746

2294.069088

1923.917938

1665.050997

1493.845870

1382.878387

1326.673825

1311.106255

1338.140467

1397.256774

1492.302053

1608.031572

1746.105638

1882.049909

2024.892122

2159.401341

2343.135098

2621.176737

3207.900651

4423.241863

7278.021953

12557.223881

19058.685854

18902.430544

18902.430515

19058.685786

12557.223844

7278.021942

4423.241860

3207.900649

2621.176736

2343.135097

2159.401341

2024.892122

1882.049909

1746.105638

1608.031572

1492.302053

1397.256774

1338.140468

1311.106255

1326.673825

1382.878388

1493.845870

1665.050997

1923.917938

2294.069089

2836.779746

3620.276184

4774.579727

6412.009137

8596.327911

11099.241702

13459.142185

12665.039602

9785.660943

7229.316482

5285.924372

3922.428266

3007.091446

2382.381723

1961.214589

1669.080958

1475.766967

1349.165579

1282.182509

1259.928544

1285.361960

1350.223441

1461.712706

1609.095012

1796.170941

1996.853101

2208.489539

2396.146036

2589.382452

2801.363320

3178.851150

3903.513236

5596.917237

9258.559542

16699.609724

44357.153878

347874.729609

347874.730710

44357.153818

16699.609667

9258.559524

5596.917232

3903.513234

3178.851149

2801.363319

2589.382452

2396.146036

2208.489539

1996.853101

1796.170941

1609.095013

1461.712706

1350.223442

1285.361961

1259.928544

1282.182510

1349.165579

1475.766968

1669.080959

1961.214590

2382.381723

3007.091447

3922.428267

5285.924373

7229.316484

9785.660945

12665.039605

11328.591784

8296.005749

5984.466596

4372.829800

3297.773212

2570.150772

2081.292689

1742.249082

1515.883263

1364.285774

1278.291720

1240.766554

1254.893799

1312.816584

1424.459660

1582.734938

1795.779487

2039.261825

2303.298614

2534.354234

2729.325752

2867.471790

3039.268005

3329.564893

4010.688436

5496.759076

8808.485446

16063.309342

78943.285449

950529.537610

950529.540629

78943.285618

16063.309310

8808.485432

5496.759071

4010.688434

3329.564892

3039.268004

2867.471789

2729.325752

2534.354234

2303.298615

2039.261826

1795.779488

1582.734938

1424.459660

1312.816584

1254.893800

1240.766554

1278.291721

1364.285774

1515.883263

1742.249082

2081.292689

2570.150773

3297.773213

4372.829801

5984.466598

8296.005750

11328.591786

9607.505174

6808.541563

4910.234515

3664.584697

2831.515038

2271.963914

1881.639290

1617.135486

1435.266619

1325.499314

1267.923506

1265.889103

1310.448204

1413.569028

1569.687886

1791.639232

2057.164425

2354.282152

2614.088487

2805.732004

2879.314563

2894.851304

2906.322131

3066.566860

3525.866967

4671.005694

7409.956306

16437.345034

102687.177714

993321.688242

993321.692160

102687.178054

16437.345027

7409.956301

4671.005691

3525.866965

3066.566859

2906.322130

2894.851304

2879.314563

2805.732004

2614.088487

2354.282152

2057.164426

1791.639232

1569.687886

1413.569029

1310.448204

1265.889103

1267.923506

1325.499314

1435.266619

1617.135486

1881.639291

2271.963915

2831.515039

3664.584698

4910.234517

6808.541565

9607.505176

7730.231659

5463.118830

4035.320140

3110.541010

2495.841007

2065.810428

1769.367997

1559.645338

1426.524479

1348.232774

1329.366576

1359.466840

1452.857042

1603.919710

1830.555698

2111.088366

2434.850076

2717.395668

2905.725529

2922.835685

2818.560580

2647.443037

2537.783670

2571.982966

2914.006308

3864.396529

6766.490741

16882.742331

82094.282055

623709.496860

623709.500895

82094.282472

16882.742351

6766.490742

3864.396528

2914.006307

2571.982965

2537.783669

2647.443037

2818.560580

2922.835685

2905.725530

2717.395669

2434.850077

2111.088366

1830.555698

1603.919711

1452.857042

1359.466840

1329.366576

1348.232775

1426.524480

1559.645338

1769.367998

2065.810429

2495.841007

3110.541011

4035.320141

5463.118832

7730.231661

5977.380055

4337.591595

3334.041279

2690.062541

2247.997675

1941.549631

1719.602281

1573.118043

1480.362772

1449.197536

1468.625958

1556.984432

1708.457260

1948.004358

2253.676991

2619.604587

2940.757580

3141.578663

3108.299004

2894.843824

2572.310486

2284.207871

2097.344355

2102.455071

2411.807863

3440.207731

6908.023932

15810.958563

45727.473906

273403.841601

273403.844457

45727.474229

15810.958606

6908.023937

3440.207730

2411.807862

2102.455071

2097.344355

2284.207871

2572.310486

2894.843825

3108.299005

3141.578664

2940.757581

2619.604588

2253.676992

1948.004359

1708.457261

1556.984433

1468.625959

1449.197536

1480.362773

1573.118044

1719.602281

1941.549632

2247.997676

2690.062542

3334.041280

4337.591596

5977.380056

4501.987608

3439.540256

2788.513173

2364.446109

2079.318011

1874.378081

1737.877548

1648.531867

1618.531774

1638.316478

1732.896746

1897.923180

2169.655797

2527.417273

2976.873536

3384.530423

3644.666978

3575.325950

3241.586116

2744.243323

2280.728447

1923.065883

1734.256498

1743.984465

2099.095969

3364.817956

7466.286728

15440.765749

33261.553178

149454.450790

149454.452879

33261.553464

15440.765814

7466.286737

3364.817956

2099.095968

1743.984465

1734.256498

1923.065883

2280.728447

2744.243323

3241.586117

3575.325952

3644.666980

3384.530425

2976.873537

2527.417274

2169.655798

1897.923180

1732.896747

1638.316478

1618.531774

1648.531868

1737.877548

1874.378081

2079.318011

2364.446110

2788.513174

3439.540257

4501.987609

3366.189639

2746.024669

2362.371022

2122.849036

1964.986763

1869.557430

1813.403953

1810.123985

1852.596603

1974.439707

2176.247698

2511.925988

2967.706654

3573.607998

4161.080219

4583.319970

4524.119056

4050.208151

3297.913562

2587.316872

2020.430568

1659.012817

1482.120195

1528.568710

1959.678728

3568.116335

8393.604850

16733.006678

34610.769816

132896.511353

132896.513295

34610.770156

16733.006769

8393.604868

3568.116336

1959.678728

1528.568710

1482.120195

1659.012817

2020.430568

2587.316873

3297.913563

4050.208153

4524.119059

4583.319973

4161.080221

3573.608000

2967.706655

2511.925989

2176.247699

1974.439708

1852.596604

1810.123985

1813.403954

1869.557431

1964.986764

2122.849036

2362.371023

2746.024670

3366.189640

2528.587975

2218.101055

2036.736173

1940.390968

1907.396348

1913.570648

1968.747673

2066.768342

2248.171493

2522.569702

2968.652695

3591.709868

4466.204388

5388.753277

6164.868361

6242.401991

5648.988974

4509.447448

3387.112991

2469.727421

1865.472511

1502.175134

1358.122081

1448.011520

2014.771221

4149.353583

9352.151934

20536.608840

40376.644931

137796.418911

137796.420607

40376.645337

20536.608972

9352.151962

4149.353586

2014.771221

1448.011519

1358.122081

1502.175135

1865.472511

2469.727421

3387.112993

4509.447452

5648.988980

6242.401997

6164.868367

5388.753280

4466.204390

3591.709869

2968.652696

2522.569702

2248.171493

2066.768342

1968.747673

1913.570649

1907.396349

1940.390968

2036.736174

2218.101056

2528.587976

1932.296023

1821.750189

1785.432160

1813.861365

1890.932602

2023.343972

2205.808598

2480.802451

2869.410784

3479.938978

4356.741008

5644.907846

7118.450624

8523.977855

8979.209512

8443.569528

6849.477015

5088.793607

3524.931096

2475.927520

1815.101593

1468.437953

1352.957251

1526.502171

2365.155420

5260.826137

11423.748587

24320.689466

45894.535333

110497.855024

110497.855795

45894.535745

24320.689625

11423.748625

5260.826142

2365.155420

1526.502171

1352.957251

1468.437954

1815.101593

2475.927521

3524.931098

5088.793613

6849.477025

8443.569543

8979.209527

8523.977866

7118.450630

5644.907849

4356.741010

3479.938979

2869.410785

2480.802452

2205.808599

2023.343973

1890.932603

1813.861366

1785.432161

1821.750189

1932.296023

1510.829119

1525.583999

1597.467202

1726.923561

1924.774821

2192.621025

2572.865390

3098.776587

3906.415987

5099.912213

6921.514464

9153.130235

11432.247327

12510.968325

12361.148004

10611.801538

8289.916486

5734.674313

3847.832246

2590.937131

1896.954952

1542.816557

1482.994336

1815.957528

3231.643819

7625.964919

14341.958673

29239.384983

46546.816724

84290.026970

84290.027100

46546.817019

29239.385159

14341.958719

7625.964927

3231.643819

1815.957528

1482.994336

1542.816558

1896.954953

2590.937132

3847.832250

5734.674322

8289.916504

10611.801565

12361.148036

12510.968354

11432.247347

9153.130246

6921.514469

5099.912215

3906.415988

3098.776588

2572.865390

2192.621026

1924.774821

1726.923562

1597.467203

1525.583999

1510.829119

1216.952698

1307.691164

1456.488077

1681.415239

1997.412090

2450.683088

3088.361305

4064.141018

5544.989485

7879.417420

10912.039945

14117.368635

15895.559774

16259.139386

14857.885204

12776.812425

9648.433977

6691.162030

4281.133094

2869.029326

2072.486709

1734.808717

1753.670234

2396.595817

5083.238895

10991.194800

21004.153675

32351.579330

43586.565681

56256.794107

56256.794067

43586.565813

32351.579474

21004.153731

10991.194807

5083.238894

2396.595817

1753.670235

1734.808718

2072.486711

2869.029328

4281.133100

6691.162045

9648.434005

12776.812470

14857.885258

16259.139442

15895.559819

14117.368665

10912.039961

7879.417427

5544.989488

4064.141020

3088.361306

2450.683089

1997.412091

1681.415239

1456.488077

1307.691164

1216.952699

1012.678940

1149.143687

1358.134672

1665.339077

2122.517089

2792.130530

3833.163136

5453.028696

8077.527737

11687.780824

15668.556541

18125.570787

18907.188856

17927.454031

16525.983555

14105.351449

11240.652696

7626.015268

4920.893207

3186.933071

2342.822500

1989.474718

2155.861602

3423.979092

7584.608987

14909.050928

26284.098937

38086.549886

37165.619879

34747.754751

34747.754651

37165.619878

38086.549997

26284.098973

14909.050920

7584.608983

3423.979091

2155.861603

1989.474719

2342.822502

3186.933075

4920.893217

7626.015290

11240.652739

14105.351512

16525.983633

17927.454111

18907.188931

18125.570846

15668.556578

11687.780841

8077.527744

5453.028699

3833.163137

2792.130530

2122.517090

1665.339077

1358.134672

1149.143687

1012.678940

874.201388

1038.826483

1291.991431

1683.814336

2285.424139

3250.432107

4797.024994

7369.969545

11133.993581

15608.449457

18781.308683

20065.076892

19445.462853

18354.761989

16734.816016

15136.952000

12160.648079

8665.404431

5376.292305

3533.013975

2549.963376

2259.697476

2612.648318

4818.993072

10607.767674

16393.705881

27551.952710

33463.568991

44153.097624

61247.198252

61247.198125

44153.097541

33463.568980

27551.952704

16393.705846

10607.767653

4818.993070

2612.648319

2259.697478

2549.963379

3533.013980

5376.292318

8665.404463

12160.648137

15136.952083

16734.816109

18354.762088

19445.462947

20065.076975

18781.308745

15608.449493

11133.993597

7369.969552

4797.024997

3250.432109

2285.424140

1683.814337

1291.991431

1038.826483

874.201388

784.485176

966.445143

1258.348798

1724.681199

2498.449472

3783.677204

5990.918532

9438.353891

13988.873300

17868.693203

19958.838250

19927.460793

19023.230707

17668.242195

16637.493411

15061.747143

12820.953590

8890.652967

5659.699330

3569.255589

2652.532975

2355.046724

2973.280755

6718.428293

12225.540261

19032.266979

20777.151490

25246.881051

30954.654664

43560.177554

43560.177347

30954.654503

25246.880917

20777.151404

19032.266889

12225.540210

6718.428283

2973.280755

2355.046725

2652.532978

3569.255596

5659.699347

8890.653004

12820.953663

15061.747238

16637.493518

17668.242303

19023.230814

19927.460890

19958.838330

17868.693257

13988.873329

9438.353902

5990.918536

3783.677205

2498.449473

1724.681200

1258.348798

966.445143

784.485176

733.921058

928.377916

1249.611551

1794.603919

2727.291612

4384.920257

7151.087671

11254.964069

15541.037635

18633.778655

19614.719726

19242.900600

18101.149504

17074.305995

15980.016879

14917.352771

12281.244625

8672.885193

5206.906210

3370.420411

2415.660675

2250.549772

2987.131469

7903.750497

12730.237991

18249.333425

20457.313943

21781.131219

29056.086029

44360.385240

44360.385094

29056.085819

21781.131005

20457.313736

18249.333275

12730.237897

7903.750474

2987.131468

2250.549774

2415.660678

3370.420418

5206.906226

8672.885234

12281.244702

14917.352878

15980.016993

17074.306110

18101.149616

19242.900705

19614.719815

18633.778721

15541.037674

11254.964087

7151.087678

4384.920260

2727.291613

1794.603920

1249.611551

928.377916

733.921058

717.337848

919.951658

1269.719878

1875.909436

2973.967676

4908.820239

8118.501582

12194.789908

16028.476911

18260.725786

18959.104247

18413.402718

17493.840684

16485.726114

15692.872490

14170.703586

11526.455348

7388.297349

4472.582000

2732.484000

2003.229281

1801.719541

2577.870692

8348.332960

11041.462413

17228.694320

21980.134803

29237.675814

30287.959729

37074.720687

37074.720554

30287.959459

29237.675414

21980.134518

17228.694100

11041.462291

8348.332921

2577.870690

1801.719542

2003.229283

2732.484005

4472.582014

7388.297385

11526.455425

14170.703694

15692.872612

16485.726234

17493.840800

18413.402827

18959.104340

18260.725857

16028.476957

12194.789931

8118.501591

4908.820242

2973.967677

1875.909436

1269.719878

919.951658

717.337848

734.149102

943.459064

1311.712537

1976.333540

3172.855562

5322.155011

8564.858209

12442.041762

15608.912257

17609.864496

18216.081877

17911.074648

17115.634615

16398.062894

15398.075278

13704.462087

9905.175007

6002.640452

3329.305479

2047.965113

1404.565193

1284.070487

1759.096216

6356.385383

9840.830704

16140.875744

27024.475137

36071.429907

33370.304163

37920.485517

37920.485440

33370.303829

36071.429466

27024.474736

16140.875453

9840.830549

6356.385348

1759.096214

1284.070487

1404.565194

2047.965116

3329.305488

6002.640479

9905.175071

13704.462196

15398.075404

16398.063022

17115.634736

17911.074759

18216.081971

17609.864568

15608.912305

12442.041788

8564.858221

5322.155015

3172.855564

1976.333540

1311.712537

943.459064

734.149102

788.627801

998.822651

1383.093640

2070.454839

3333.245910

5467.794863

8624.078200

11991.287526

14890.162625

16752.527152

17671.521210

17618.021028

17159.735407

16520.453232

15643.346476

12867.603693

8362.979425

4358.809087

2358.706957

1340.333623

919.861867

783.811200

1069.132862

3799.997644

9428.618081

19599.970057

24581.588418

36591.729522

34610.189433

25858.808085

25858.807966

34610.189180

36591.729186

24581.587972

19599.969567

9428.617894

3799.997623

1069.132861

783.811200

919.861868

1340.333625

2358.706963

4358.809104

8362.979476

12867.603795

15643.346610

16520.453367

17159.735534

17618.021141

17671.521303

16752.527221

14890.162671

11991.287553

8624.078212

5467.794868

3333.245912

2070.454840

1383.093640

998.822651

788.627801

890.779305

1094.960530

1476.404132

2172.302532

3388.500943

5439.056218

8209.064350

11285.303029

13851.319383

15904.839159

17151.234647

17603.345445

17393.771210

17136.299480

15952.925727

12302.692836

6525.856470

3107.274639

1523.238008

855.773801

554.629586

473.515205

587.046162

1921.549966

12182.854862

19267.269494

32310.880374

28867.861246

49133.160790

35343.134774

35343.134655

49133.160708

28867.860882

32310.879682

19267.268946

12182.854543

1921.549958

587.046162

473.515205

554.629586

855.773802

1523.238011

3107.274649

6525.856504

12302.692931

15952.925867

17136.299626

17393.771342

17603.345560

17151.234737

15904.839224

13851.319424

11285.303053

8209.064362

5439.056223

3388.500945

2172.302533

1476.404132

1094.960530

890.779305

1060.528876

1237.629453

1603.977280

2255.354709

3394.351037

5160.939496

7624.519922

10221.476325

12750.591473

14849.728044

16641.481454

17633.182714

17964.986716

17874.534262

16868.118132

11386.506519

5096.594216

2110.045786

993.883346

530.517343

347.758396

283.459348

348.601853

974.702081

13898.219349

25819.386073

23629.461289

26257.254918

24486.088568

48625.598688

48625.599265

24486.088681

26257.254490

23629.460757

25819.385287

13898.218939

974.702078

348.601853

283.459348

347.758396

530.517343

993.883347

2110.045791

5096.594238

11386.506600

16868.118281

17874.534416

17964.986854

17633.182828

16641.481539

14849.728101

12750.591509

10221.476345

7624.519933

5160.939500

3394.351038

2255.354709

1603.977281

1237.629453

1060.528875

1332.156411

1446.104259

1758.932299

2348.647743

3311.250338

4818.031823

6764.247650

9101.405351

11329.528835

13637.616850

15806.747917

17701.155429

18570.922047

19115.664881

17798.823430

10863.271079

3884.890853

1487.444457

661.247256

351.365474

224.647853

187.647534

219.196868

607.284982

16634.877029

22520.849956

15209.598208

23689.037547

35365.143373

47158.294849

47158.295028

35365.143814

23689.037527

15209.597924

22520.849239

16634.876492

607.284980

219.196868

187.647534

224.647853

351.365474

661.247257

1487.444460

3884.890867

10863.271150

17798.823584

19115.665047

18570.922191

17701.155540

15806.747992

13637.616898

11329.528864

9101.405368

6764.247658

4818.031826

3311.250340

2348.647744

1758.932299

1446.104259

1332.156410

1767.360216

1736.448731

1962.321507

2433.065846

3228.763637

4359.744087

5920.177609

7690.198193

9808.089024

11932.490160

14549.386575

17335.128898

19460.444071

20283.648681

19531.681588

10259.392929

3145.641842

1104.298226

481.451325

250.862874

159.784493

132.076211

165.925244

416.835622

9717.323278

11793.947094

19384.080688

51006.235103

40859.742866

36185.408729

36185.408687

40859.742787

51006.235578

19384.080507

11793.946852

9717.323018

416.835621

165.925244

132.076211

159.784493

250.862874

481.451326

1104.298227

3145.641850

10259.392989

19531.681753

20283.648855

19460.444218

17335.129000

14549.386637

11932.490196

9808.089045

7690.198205

5920.177615

4359.744090

3228.763639

2433.065847

1962.321507

1736.448731

1767.360215

2470.942206

2147.389051

2212.401017

2552.439946

3119.939955

3960.695571

4994.504457

6359.202520

7899.854569

9976.179359

12455.428045

16288.473572

20115.228755

22107.836397

20961.544246

10653.231704

2742.813698

912.800970

389.013826

201.359743

125.830063

101.552106

137.299229

531.152817

3598.235146

12295.159706

47997.126935

39546.823240

32787.662153

41710.945693

41710.945541

32787.662079

39546.822564

47997.126002

12295.159422

3598.235078

531.152816

137.299229

101.552106

125.830063

201.359743

389.013826

912.800971

2742.813704

10653.231760

20961.544417

22107.836584

20115.228900

16288.473657

12455.428089

9976.179383

7899.854582

6359.202527

4994.504461

3960.695574

3119.939956

2552.439947

2212.401017

2147.389051

2470.942206

3621.216489

2716.251360

2546.239273

2694.122076

3066.806211

3569.775229

4243.621480

5014.547516

6143.327281

7580.802914

9932.642685

13785.846170

20402.737405

24152.969877

23279.916925

11717.284185

2742.390882

855.314432

358.025711

182.555339

113.382982

86.940563

105.555377

1056.653180

34951.474022

53377.311892

22153.506595

22881.059436

36306.600456

49773.677378

49773.677691

36306.600495

22881.058943

22153.505828

53377.310274

34951.472807

1056.653177

105.555377

86.940563

113.382982

182.555339

358.025711

855.314433

2742.390887

11717.284244

23279.917110

24152.970076

20402.737540

13785.846229

9932.642712

7580.802928

6143.327288

5014.547521

4243.621483

3569.775231

3066.806212

2694.122077

2546.239273

2716.251360

3621.216488

5483.772205

3521.883589

2973.014829

2908.730342

3039.360551

3298.860633

3589.562236

4003.537248

4528.785690

5520.270109

7060.850915

10366.799419

18361.325415

27611.228939

25154.427401

14685.982240

3198.826239

920.065994

376.294156

190.821216

116.225434

89.384119

83.257167

367.769870

326081.557279

35381.256263

13807.377962

26566.928809

39286.236115

53048.747711

53048.747844

39286.235934

26566.928481

13807.377748

35381.255722

326081.531577

367.769869

83.257167

89.384119

116.225434

190.821216

376.294156

920.065995

3198.826244

14685.982317

25154.427595

27611.229157

18361.325518

10366.799452

7060.850929

5520.270116

4528.785694

4003.537250

3589.562237

3298.860634

3039.360552

2908.730342

2973.014830

3521.883589

5483.772204

8377.697435

4641.557464

3551.975410

3185.288227

3100.524083

3093.561635

3150.360953

3218.385115

3434.585205

3833.698067

4833.269895

6749.601393

13157.870056

30680.054935

30550.636627

16875.868304

4496.224625

1135.537963

447.782481

228.258645

141.520251

105.246285

105.697575

152.632071

15502.481620

47212.082799

73510.635421

32211.001528

42618.594192

49585.672334

49585.672204

42618.594339

32211.001798

73510.635154

47212.083131

15502.481450

152.632071

105.697575

105.246285

141.520251

228.258645

447.782482

1135.537963

4496.224633

16875.868396

30550.636864

30680.055162

13157.870110

6749.601407

4833.269901

3833.698070

3434.585207

3218.385116

3150.360954

3093.561637

3100.524084

3185.288228

3551.975411

4641.557463

8377.697434

12444.685483

6206.610024

4299.529975

3580.800526

3223.410150

3018.457007

2842.377089

2733.860439

2677.927129

2810.862353

3198.201517

4330.049565

7236.665572

25675.623477

40059.160894

20933.296358

6810.680303

1533.067020

604.788041

303.268675

199.865158

155.630508

164.275733

215.301670

320.888613

931.419537

54404.907008

92358.824416

53616.402376

54779.990973

54779.990145

53616.402890

92358.825732

54404.908249

931.419538

320.888612

215.301670

164.275733

155.630508

199.865158

303.268675

604.788041

1533.067021

6810.680320

20933.296485

40059.161208

25675.623635

7236.665590

4330.049571

3198.201519

2810.862355

2677.927130

2733.860441

2842.377090

3018.457008

3223.410151

3580.800527

4299.529975

6206.610023

12444.685481

17399.733949

8260.085270

5292.950544

4088.802436

3469.349866

3034.800782

2709.238993

2430.637379

2252.558210

2169.563773

2295.334838

2741.672752

4067.255940

11061.744876

57664.185318

31138.742275

9311.468518

2285.148719

840.736428

444.824381

299.307760

276.094077

268.072582

328.736636

488.967279

343.926704

277.054140

46806.471169

135006.336135

100027.896311

100027.896688

135006.333333

46806.472310

277.054141

343.926704

488.967278

328.736636

268.072582

276.094077

299.307760

444.824381

840.736428

2285.148720

9311.468552

31138.742483

57664.185775

11061.744916

4067.255946

2741.672754

2295.334839

2169.563774

2252.558211

2430.637379

2709.238994

3034.800783

3469.349866

4088.802437

5292.950544

8260.085269

17399.733950

22404.293974

10790.295065

6523.907831

4782.403033

3827.725911

3199.661958

2700.656314

2318.678872

2017.607228

1837.127595

1771.385787

1917.985397

2439.547007

4243.000096

36996.432971

56064.787719

16472.691445

3649.244333

1164.904320

645.471826

466.469701

431.282114

507.629725

501.655114

988.423976

4158.171729

4704.371477

4.492396

4450.676493

207940.055828

207940.049767

4450.676761

4.492396

4704.371444

4158.171696

988.423973

501.655114

507.629725

431.282114

466.469701

645.471826

1164.904320

3649.244336

16472.691529

56064.788184

36996.433206

4243.000104

2439.547009

1917.985398

1771.385788

1837.127596

2017.607228

2318.678872

2700.656314

3199.661959

3827.725911

4782.403033

6523.907831

10790.295065

22404.293979

26700.241213

13454.132681

8029.169357

5653.260450

4375.512977

3502.361761

2859.144799

2344.621111

1961.150788

1677.764243

1517.046575

1470.122896

1652.119904

2128.721948

6781.365118

95122.768447

33384.722200

7120.499705

1900.546675

797.278878

680.309726

623.070410

725.389655

991.093912

1103.396990

3157.565945

33412.430602

8.226086

11.797774

199399.434044

199399.438721

11.797774

8.226086

33412.430348

3157.565930

1103.396988

991.093911

725.389654

623.070410

680.309726

797.278878

1900.546675

7120.499727

33384.722434

95122.769265

6781.365135

2128.721950

1652.119905

1470.122897

1517.046575

1677.764244

1961.150788

2344.621112

2859.144799

3502.361761

4375.512978

5653.260451

8029.169357

13454.132681

26700.241223

29602.818042

15928.866190

9650.652788

6767.983116

5115.977052

4015.928297

3177.998027

2539.447881

2039.830796

1674.394604

1413.238626

1269.007528

1223.230473

1431.591443

1903.947672

35523.297955

82730.208991

22571.348687

5147.598003

1337.534197

671.883260

949.538613

971.234195

1373.719648

1314.084757

798.328707

7.436303

0.069442

789730667.087163

222.900348

222.900348

789730667.417398

0.069442

7.436303

798.328707

1314.084755

1373.719647

971.234195

949.538613

671.883260

1337.534197

5147.598008

22571.348816

82730.209728

35523.298124

1903.947675

1431.591444

1223.230473

1269.007528

1413.238626

1674.394605

2039.830796

2539.447881

3177.998028

4015.928298

5115.977053

6767.983117

9650.652789

15928.866192

29602.818056

30998.992352

17731.855431

11304.275518

8052.289559

6128.195317

4756.656453

3724.075397

2908.639791

2281.209959

1799.808480

1447.068832

1199.044434

1054.249071

1018.536268

1109.532357

2230.608761

289249.352908

52979.512069

22603.243001

8864.533029

1325.136276

731.465684

1975.889654

1910.106864

1253.901497

198.640627

2.397355

0.036890

195928.722265

24.595271

24.595271

195928.722526

0.036890

2.397355

198.640627

1253.901496

1910.106863

1975.889654

731.465684

1325.136276

8864.533036

22603.243081

52979.512434

289249.354229

2230.608764

1109.532358

1018.536269

1054.249071

1199.044434

1447.068833

1799.808481

2281.209960

2908.639792

3724.075397

4756.656454

6128.195318

8052.289559

11304.275518

17731.855433

30998.992366

30713.514330

18834.983185

12735.801523

9502.399625

7379.588991

5804.078068

4531.712350

3516.104882

2709.626217

2082.140778

1608.062679

1252.621809

1014.430597

846.136229

848.463671

815.798127

3816.892991

1050271.149361

53778.018709

49097.485669

26528.388578

3313.226688

1389.569905

2383.485208

563.599976

90.998846

3.020877

0.296217

53720065243.757507

2755.162786

2755.162788

53720065249.118942

0.296217

3.020877

90.998846

563.599976

2383.485206

1389.569905

3313.226688

26528.388567

49097.485696

53778.018872

1050271.150209

3816.892996

815.798127

848.463671

846.136230

1014.430597

1252.621809

1608.062679

2082.140778

2709.626218

3516.104882

4531.712351

5804.078069

7379.588991

9502.399626

12735.801524

18834.983189

30713.514344

29156.372344

19113.480413

13937.027761

10952.321703

8881.373040

7153.327789

5675.941952

4420.751387

3388.182657

2570.202990

1922.258294

1443.418015

1074.440241

846.465685

670.315365

653.604980

664.456605

9612.477669

519228.234026

167963.720300

546527.512499

41971.047405

16699.182332

914.185183

334.855278

87.880341

4.211437

0.242970

349492405.526848

14225.211072

14225.211077

349492405.613108

0.242970

4.211437

87.880341

334.855278

914.185183

16699.182287

41971.047110

546527.506642

167963.719704

519228.233224

9612.477678

664.456606

653.604981

670.315365

846.465685

1074.440241

1443.418015

1922.258294

2570.202990

3388.182658

4420.751388

5675.941953

7153.327790

8881.373041

10952.321704

13937.027762

19113.480417

29156.372356

26567.998056

18873.546055

14765.841888

12367.791199

10498.298828

8802.264057

7176.456797

5690.199802

4407.303962

3326.578450

2471.444356

1786.491984

1292.666946

921.412350

688.438053

546.904489

480.036917

565.357687

12610.989496

102660.437851

191207.338192

100279.486049

179423.049897

47583.471636

1496.399265

242.928461

12.512430

0.265480

136204729891.429688

51055267.852278

51055268.247250

136204729899.761200

0.265480

12.512430

242.928462

1496.399266

47583.470973

179423.046900

100279.485513

191207.337363

102660.437975

12610.989508

565.357688

480.036917

546.904489

688.438053

921.412350

1292.666947

1786.491984

2471.444357

3326.578451

4407.303963

5690.199803

7176.456798

8802.264058

10498.298830

12367.791201

14765.841890

18873.546059

26567.998064

23642.732600

18153.951397

15334.379645

13582.147020

12149.823928

10625.475063

9001.839602

7368.108734

5827.777932

4479.768254

3322.938261

2401.227438

1680.624656

1159.532680

811.443112

564.705052

454.771243

369.218175

409.614100

2873.474096

3002281.574384

28011.593353

265543.714324

45087.568544

337786.435137

26086.904690

262765.825821

2.974076

39305918755.318451

24835399.261564

24835399.303369

39305918752.969765

2.974076

262765.834318

26086.904522

337786.432948

45087.568445

265543.712823

28011.593421

3002281.574479

2873.474096

409.614100

369.218175

454.771243

564.705052

811.443112

1159.532681

1680.624657

2401.227438

3322.938262

4479.768256

5827.777933

7368.108736

9001.839603

10625.475065

12149.823930

13582.147022

15334.379647

18153.951400

23642.732607

20650.434549

17282.924215

15568.757247

14597.275353

13647.158732

12484.482355

11026.833653

9390.237669

7712.824204

6097.346714

4638.566754

3389.476683

2369.963800

1630.172682

1073.201129

753.579161

504.461633

408.770956

320.298181

293.351353

336.013700

3724.118439

130974.688095

3353.631202

92951.818437

3483.989666

63939.852619

293.738728

28.935623

19795514877.914494

19795514872.931694

28.935623

293.738728

63939.852587

3483.989679

92951.818922

3353.631218

130974.687795

3724.118449

336.013700

293.351353

320.298181

408.770956

504.461633

753.579161

1073.201129

1630.172683

2369.963800

3389.476684

4638.566755

6097.346715

7712.824205

9390.237671

11026.833655

12484.482357

13647.158734

14597.275355

15568.757250

17282.924218

20650.434553

18041.318454

16257.527172

15611.452847

15292.564114

14915.860437

14173.165236

13061.695488

11619.472539

9982.185715

8236.832493

6533.419264

4907.464836

3563.688591

2419.543290

1666.419235

1075.007834

771.347217

528.737119

449.868196

439.016954

413.642152

217.974812

195.748633

174.648223

114.120400

367.387954

859.890361

521.436208

41.727324

0.805569

0.805569

41.727324

521.436208

859.890361

367.387954

114.120400

174.648223

195.748633

217.974812

413.642152

439.016954

449.868196

528.737119

771.347217

1075.007834

1666.419235

2419.543291

3563.688592

4907.464838

6533.419266

8236.832495

9982.185717

11619.472541

13061.695490

14173.165239

14915.860439

15292.564116

15611.452850

16257.527174

18041.318457

15792.259881

15298.508473

15412.136902

15728.482931

15820.581815

15570.812536

14884.251713

13843.431521

12446.812184

10839.979127

8981.849343

7177.676542

5328.053721

3883.251119

2601.907070

1815.956659

1193.393357

884.550342

684.729591

611.506584

584.566901

879.873656

2386.159235

921.604462

331.130793

335.264872

456.154106

67.879960

27.241490

364.927643

364.927643

27.241490

67.879960

456.154106

335.264872

331.130793

921.604462

2386.159237

879.873656

584.566901

611.506584

684.729591

884.550342

1193.393357

1815.956659

2601.907071

3883.251120

5328.053723

7177.676544

8981.849346

10839.979130

12446.812187

13843.431525

14884.251716

15570.812539

15820.581817

15728.482933

15412.136904

15298.508475

15792.259883

14029.368185

14346.237661

15113.074330

15856.283119

16389.685645

16547.918685

16364.499346

15789.660572

14901.683244

13558.398763

11977.120510

9937.050601

7999.432223

5894.842920

4315.740471

2902.398298

2035.151881

1393.683588

1041.769407

833.818909

823.585778

1113.266288

1204.875948

1252.425342

812.363712

751.715998

336.000392

421.532728

3750.592096

2209.380067

2209.380069

3750.592104

421.532728

336.000392

751.715998

812.363713

1252.425342

1204.875948

1113.266289

823.585778

833.818909

1041.769407

1393.683588

2035.151881

2902.398298

4315.740472

5894.842922

7999.432226

9937.050604

11977.120514

13558.398768

14901.683249

15789.660576

16364.499350

16547.918688

16389.685647

15856.283122

15113.074332

14346.237663

14029.368186

12585.330471

13530.502742

14690.683539

15791.075140

16606.311539

17135.325857

17359.911218

17331.213473

16921.150630

16189.521389

14832.692053

13196.106395

10911.026891

8768.412244

6427.187514

4647.862685

3125.065130

2135.432193

1455.081897

1078.382083

909.559386

801.405710

838.263714

800.103787

992.072982

964.005611

1521.066977

5889.680400

19562.316721

19975.036348

19975.036363

19562.316829

5889.680416

1521.066978

964.005611

992.072982

800.103787

838.263714

801.405710

909.559386

1078.382083

1455.081897

2135.432192

3125.065130

4647.862686

6427.187516

8768.412247

10911.026895

13196.106400

14832.692058

16189.521394

16921.150635

17331.213478

17359.911222

17135.325860

16606.311542

15791.075142

14690.683541

13530.502743

12585.330472

11466.997982

12777.423423

14263.937473

15562.152275

16581.759845

17338.808053

17896.841646

18239.732531

18360.273945

18040.395189

17332.515901

15850.128117

14021.054150

11492.250576

9066.598533

6546.007991

4551.896429

2972.402588

1950.293478

1320.193490

936.676067

754.866501

642.203493

682.289389

762.899466

1247.068234

2911.876257

8299.372046

175744.055364

113804.638619

113804.638888

175744.056376

8299.372094

2911.876266

1247.068235

762.899466

682.289389

642.203493

754.866501

936.676067

1320.193489

1950.293478

2972.402587

4551.896430

6546.007992

9066.598536

11492.250580

14021.054155

15850.128124

17332.515908

18040.395195

18360.273951

18239.732537

17896.841650

17338.808056

16581.759847

15562.152277

14263.937474

12777.423424

11466.997983

10505.545625

12158.287169

13847.505847

15273.793725

16384.957854

17239.898861

17947.005505

18513.821175

18891.976070

19007.978620

18628.666412

17768.820617

16110.804819

14005.517966

11304.692233

8614.601676

6021.761197

3990.811612

2544.877325

1630.997668

1111.646689

807.458524

684.481149

642.709235

767.930722

1096.147590

1972.935554

6320.958403

55805.984593

203825.492174

203825.491676

55805.985140

6320.958440

1972.935557

1096.147590

767.930722

642.709235

684.481149

807.458524

1111.646689

1630.997667

2544.877325

3990.811612

6021.761198

8614.601678

11304.692236

14005.517971

16110.804825

17768.820625

18628.666420

19007.978627

18891.976077

18513.821181

17947.005509

17239.898864

16384.957856

15273.793726

13847.505848

12158.287170

10505.545626

9690.231160

11624.094015

13513.654868

15008.375769

16055.606221

16873.553989

17528.995113

18130.437590

18600.384780

18895.597054

18874.114665

18374.391620

17305.706087

15526.722985

13191.112878

10429.154507

7655.723243

5218.870623

3382.577369

2187.506039

1451.907673

1057.944712

840.186877

788.867518

841.789341

1088.636408

1499.936002

2095.246381

3189.587096

3533.514653

3533.514658

3189.587101

2095.246382

1499.936003

1088.636408

841.789341

788.867518

840.186877

1057.944712

1451.907673

2187.506039

3382.577369

5218.870623

7655.723244

10429.154510

13191.112883

15526.722991

17305.706094

18374.391628

18874.114673

18895.597061

18600.384786

18130.437594

17528.995117

16873.553991

16055.606222

15008.375770

13513.654869

11624.094015

9690.231161

8851.745244

11232.160297

13366.051167

14742.425565

15604.257328

16153.959530

16698.117276

17186.795597

17687.297697

18053.607902

18285.060892

18168.095910

17639.707596

16460.354312

14674.732744

12245.718596

9574.972813

6914.375984

4761.351612

3165.836420

2176.674604

1552.492836

1235.524700

1060.180403

1062.511077

1129.444353

1377.943021

1746.629764

2138.012332

2435.773572

2435.773572

2138.012332

1746.629764

1377.943021

1129.444353

1062.511078

1060.180403

1235.524700

1552.492836

2176.674604

3165.836419

4761.351612

6914.375985

9574.972815

12245.718599

14674.732748

16460.354318

17639.707603

18168.095917

18285.060899

18053.607908

17687.297702

17186.795602

16698.117279

16153.959532

15604.257330

14742.425566

13366.051168

11232.160297

8851.745244

8008.804653

11075.712460

13379.216668

14445.060223

14737.422733

15086.306112

15461.386351

15960.621889

16445.330727

16986.162917

17421.610586

17791.826092

17810.278380

17482.386628

16400.707240

14762.377829

12339.135029

9794.087235

7178.290131

5151.719352

3566.192860

2588.059663

1894.378521

1533.523451

1263.002150

1183.285643

1130.984612

1190.137384

1249.146255

1316.995864

1316.995864

1249.146255

1190.137384

1130.984612

1183.285643

1263.002150

1533.523451

1894.378521

2588.059664

3566.192860

5151.719353

7178.290133

9794.087237

12339.135032

14762.377834

16400.707246

17482.386634

17810.278386

17791.826099

17421.610592

16986.162922

16445.330732

15960.621892

15461.386353

15086.306114

14737.422734

14445.060224

13379.216668

11075.712461

8008.804653

6908.895341

11366.919567

13549.501646

13305.613853

13359.719749

13602.324315

14085.344358

14639.663861

15330.863613

16074.675483

16965.328866

17859.015277

18818.330531

19480.825273

19842.214238

19213.983375

17844.548984

15149.840701

12186.706759

8822.357240

6202.705196

4048.540229

2729.537562

1789.503784

1289.351262

935.791337

765.158486

640.717860

591.872382

560.792888

560.792888

591.872382

640.717860

765.158486

935.791337

1289.351263

1789.503784

2729.537562

4048.540231

6202.705199

8822.357245

12186.706767

15149.840710

17844.548994

19213.983385

19842.214248

19480.825282

18818.330538

17859.015283

16965.328871

16074.675487

15330.863616

14639.663863

14085.344359

13602.324316

13359.719749

13305.613854

13549.501646

11366.919567

6908.895342

6210.853797

12457.993320

11276.636182

11128.120119

11447.699766

12046.795560

12759.938480

13614.688332

14605.630507

15837.036904

17328.741455

19222.663828

21463.104328

24085.299539

26571.497589

28372.130297

27946.978418

25022.205659

19424.925884

13482.158742

8170.842586

4708.889116

2552.653954

1451.672030

827.348775

523.941390

344.121272

257.049416

204.646544

185.075941

185.075941

204.646544

257.049416

344.121272

523.941390

827.348775

1451.672030

2552.653955

4708.889118

8170.842591

13482.158752

19424.925900

25022.205681

27946.978443

28372.130322

26571.497609

24085.299554

21463.104339

19222.663835

17328.741460

15837.036907

14605.630509

13614.688333

12759.938481

12046.795561

11447.699767

11128.120119

11276.636183

12457.993320

6210.853797

3897.954441

6251.602085

7130.671809

8476.008038

9617.129819

10750.798443

11896.103015

13180.452132

14711.605168

16632.228159

19133.942790

22444.767148

26710.639305

31871.267223

36764.712803

39514.336457

37394.460936

30808.228232

21587.647150

13198.974573

6968.681518

3334.991653

1532.151708

709.378225

350.858265

182.066433

105.977301

66.674569

49.056899

41.266100

41.266100

49.056899

66.674569

105.977301

182.066433

350.858265

709.378225

1532.151708

3334.991654

6968.681522

13198.974579

21587.647162

30808.228251

37394.460966

39514.336494

36764.712838

31871.267249

26710.639322

22444.767159

19133.942796

16632.228162

14711.605170

13180.452133

11896.103016

10750.798444

9617.129819

8476.008039

7130.671809

6251.602086

3897.954441

