AXIS X

0.000000 0.000500 0.001000 0.001500 0.002000 0.002500 0.003000 0.003500 0.004000 0.004500 0.005000 0.005500 0.006000 0.006500 0.007000 0.007500 0.008000 0.008500 0.009000 0.009500 0.010000 0.010500 0.011000 0.011500 0.012000 0.012500 0.013000 0.013500 0.014000 0.014500 0.015000 0.015500 0.016000 0.016500 0.017000 0.017500 0.018000 0.018500 0.019000 0.019500 0.020000 0.020500 0.021000 0.021500 0.022000 0.022500 0.023000 0.023500 0.024000 0.024500 0.025000 0.025500 0.026000 0.026500 0.027000 0.027500 0.028000 0.028500 0.029000 0.029500 

AXIS Y

0.000000 0.000500 0.001000 0.001500 0.002000 0.002500 0.003000 0.003500 0.004000 0.004500 0.005000 0.005500 0.006000 0.006500 0.007000 0.007500 0.008000 0.008500 0.009000 0.009500 0.010000 0.010500 0.011000 0.011500 0.012000 0.012500 0.013000 0.013500 0.014000 0.014500 0.015000 0.015500 0.016000 0.016500 0.017000 0.017500 0.018000 0.018500 0.019000 0.019500 0.020000 0.020500 0.021000 0.021500 0.022000 0.022500 0.023000 0.023500 0.024000 0.024500 0.025000 0.025500 0.026000 0.026500 0.027000 0.027500 0.028000 0.028500 0.029000 0.029500 



DATA
3770.346430

3770.137857

3770.166962

3770.198848

3770.360290

3770.591190

3770.856250

3771.074971

3771.163694

3771.119025

3770.953404

3770.782079

3770.666859

3770.714318

3770.896409

3771.188497

3771.427607

3771.498104

3771.228103

3770.583784

3769.544393

3768.256265

3766.841623

3765.531214

3764.390386

3763.578717

3762.868634

3762.555291

3761.022596

3760.674455

3760.674455

3761.022596

3762.555291

3762.868634

3763.578717

3764.390386

3765.531214

3766.841623

3768.256265

3769.544393

3770.583784

3771.228103

3771.498104

3771.427607

3771.188497

3770.896409

3770.714318

3770.666859

3770.782079

3770.953404

3771.119025

3771.163694

3771.074971

3770.856250

3770.591190

3770.360290

3770.198848

3770.166962

3770.137857

3770.346430

3770.121107

3770.021187

3770.240348

3770.438755

3770.634908

3770.827291

3770.977405

3771.113461

3771.254666

3771.392702

3771.535568

3771.655904

3771.767113

3771.830403

3771.854652

3771.793409

3771.659721

3771.415604

3771.092193

3770.663210

3770.182844

3769.627466

3769.081267

3768.516933

3768.071817

3767.678321

3767.481281

3766.938912

3765.896987

3767.647153

3767.647153

3765.896987

3766.938912

3767.481281

3767.678321

3768.071817

3768.516933

3769.081267

3769.627466

3770.182844

3770.663210

3771.092193

3771.415604

3771.659721

3771.793409

3771.854652

3771.830403

3771.767113

3771.655904

3771.535568

3771.392702

3771.254666

3771.113461

3770.977405

3770.827291

3770.634908

3770.438755

3770.240348

3770.021187

3770.121107

3770.142700

3770.184785

3770.403667

3770.737032

3771.010088

3771.173489

3771.245894

3771.296729

3771.395732

3771.584763

3771.820850

3772.060644

3772.206787

3772.223617

3772.063155

3771.775751

3771.407805

3771.075592

3770.835709

3770.755782

3770.785700

3770.889267

3770.925387

3770.854474

3770.583227

3770.165237

3769.567706

3768.838670

3769.151668

3770.829550

3770.829550

3769.151668

3768.838670

3769.567706

3770.165237

3770.583227

3770.854474

3770.925387

3770.889267

3770.785700

3770.755782

3770.835709

3771.075592

3771.407805

3771.775751

3772.063155

3772.223617

3772.206787

3772.060644

3771.820850

3771.584763

3771.395732

3771.296729

3771.245894

3771.173489

3771.010088

3770.737032

3770.403667

3770.184785

3770.142700

3770.212966

3770.354358

3770.634877

3771.008386

3771.334293

3771.505384

3771.526526

3771.466917

3771.440510

3771.496170

3771.649736

3771.814714

3771.934209

3771.911203

3771.750546

3771.462674

3771.158264

3770.919696

3770.851403

3770.949541

3771.192875

3771.436796

3771.591564

3771.502505

3771.150453

3770.487884

3769.589653

3768.784251

3768.531441

3769.681102

3769.681102

3768.531441

3768.784251

3769.589653

3770.487884

3771.150453

3771.502505

3771.591564

3771.436796

3771.192875

3770.949541

3770.851403

3770.919696

3771.158264

3771.462674

3771.750546

3771.911203

3771.934209

3771.814714

3771.649736

3771.496170

3771.440510

3771.466917

3771.526526

3771.505384

3771.334293

3771.008386

3770.634877

3770.354358

3770.212966

3770.399423

3770.616089

3770.932958

3771.285935

3771.574490

3771.719408

3771.677498

3771.510268

3771.310981

3771.204363

3771.207687

3771.330074

3771.475306

3771.616967

3771.680644

3771.698095

3771.671952

3771.672810

3771.700099

3771.775689

3771.817427

3771.812201

3771.652281

3771.373209

3770.882719

3770.216162

3769.292279

3768.242795

3767.477809

3768.032500

3768.032500

3767.477809

3768.242795

3769.292279

3770.216162

3770.882719

3771.373209

3771.652281

3771.812201

3771.817427

3771.775689

3771.700099

3771.672810

3771.671952

3771.698095

3771.680644

3771.616967

3771.475306

3771.330074

3771.207687

3771.204363

3771.310981

3771.510268

3771.677498

3771.719408

3771.574490

3771.285935

3770.932958

3770.616089

3770.399423

3770.690092

3770.920728

3771.283183

3771.561880

3771.723006

3771.740266

3771.600868

3771.314199

3771.009817

3770.795373

3770.792474

3770.971195

3771.332549

3771.754168

3772.203124

3772.565731

3772.828475

3772.924538

3772.875520

3772.640969

3772.295736

3771.822341

3771.376881

3770.922884

3770.582537

3770.140352

3769.538435

3768.531186

3767.189917

3765.369987

3765.369987

3767.189917

3768.531186

3769.538435

3770.140352

3770.582537

3770.922884

3771.376881

3771.822341

3772.295736

3772.640969

3772.875520

3772.924538

3772.828475

3772.565731

3772.203124

3771.754168

3771.332549

3770.971195

3770.792474

3770.795373

3771.009817

3771.314199

3771.600868

3771.740266

3771.723006

3771.561880

3771.283183

3770.920728

3770.690092

3771.070849

3771.292716

3771.624728

3771.784862

3771.736010

3771.567871

3771.291268

3770.958000

3770.647926

3770.538234

3770.676810

3771.118356

3771.733382

3772.469726

3773.132561

3773.642201

3773.845150

3773.735069

3773.284610

3772.637436

3771.869600

3771.243769

3770.794470

3770.730998

3770.820413

3771.004002

3770.724216

3769.678190

3767.208538

3762.428324

3762.428324

3767.208538

3769.678190

3770.724216

3771.004002

3770.820413

3770.730998

3770.794470

3771.243769

3771.869600

3772.637436

3773.284610

3773.735069

3773.845150

3773.642201

3773.132561

3772.469726

3771.733382

3771.118356

3770.676810

3770.538234

3770.647926

3770.958000

3771.291268

3771.567871

3771.736010

3771.784862

3771.624728

3771.292716

3771.070849

3771.526765

3771.681979

3771.921005

3771.878741

3771.596407

3771.228041

3770.887599

3770.600994

3770.495447

3770.644034

3771.141208

3771.862345

3772.744678

3773.546873

3774.168220

3774.395311

3774.199033

3773.543269

3772.618946

3771.599521

3770.862956

3770.552792

3770.946912

3771.790083

3772.977606

3773.750529

3773.689462

3771.861584

3767.918270

3761.453970

3761.453970

3767.918270

3771.861584

3773.689462

3773.750529

3772.977606

3771.790083

3770.946912

3770.552792

3770.862956

3771.599521

3772.618946

3773.543269

3774.199033

3774.395311

3774.168220

3773.546873

3772.744678

3771.862345

3771.141208

3770.644034

3770.495447

3770.600994

3770.887599

3771.228041

3771.596407

3771.878741

3771.921005

3771.681979

3771.526765

3772.034976

3772.046439

3772.096560

3771.822168

3771.307970

3770.832385

3770.520027

3770.447280

3770.642034

3771.197144

3772.006500

3772.989725

3773.861790

3774.515453

3774.713657

3774.438787

3773.637425

3772.511880

3771.284432

3770.417213

3770.192880

3771.011748

3772.698437

3775.133017

3777.388959

3778.874660

3778.391023

3775.611103

3770.157379

3763.373866

3763.373866

3770.157379

3775.611103

3778.391023

3778.874660

3777.388959

3775.133017

3772.698437

3771.011748

3770.192880

3770.417213

3771.284432

3772.511880

3773.637425

3774.438787

3774.713657

3774.515453

3773.861790

3772.989725

3772.006500

3771.197144

3770.642034

3770.447280

3770.520027

3770.832385

3771.307970

3771.822168

3772.096560

3772.046439

3772.034976

3772.531233

3772.321823

3772.136846

3771.626131

3770.978895

3770.498307

3770.354227

3770.534666

3771.069334

3771.872768

3772.871179

3773.756381

3774.396964

3774.537314

3774.205627

3773.353616

3772.196567

3770.942104

3770.044957

3769.842878

3770.820115

3772.948253

3776.221343

3779.765171

3782.932001

3784.318877

3783.450827

3779.587871

3773.569330

3766.798143

3766.798143

3773.569330

3779.587871

3783.450827

3784.318877

3782.932001

3779.765171

3776.221343

3772.948253

3770.820115

3769.842878

3770.044957

3770.942104

3772.196567

3773.353616

3774.205627

3774.537314

3774.396964

3773.756381

3772.871179

3771.872768

3771.069334

3770.534666

3770.354227

3770.498307

3770.978895

3771.626131

3772.136846

3772.321823

3772.531233

3772.943672

3772.482008

3772.064097

3771.413317

3770.744615

3770.400961

3770.460356

3770.878568

3771.534726

3772.370615

3773.122809

3773.649293

3773.663622

3773.228956

3772.316327

3771.202340

3770.075924

3769.348237

3769.305012

3770.384675

3772.610746

3776.073051

3780.073554

3784.098131

3786.841680

3787.774143

3785.916577

3781.816571

3775.679002

3770.340328

3770.340328

3775.679002

3781.816571

3785.916577

3787.774143

3786.841680

3784.098131

3780.073554

3776.073051

3772.610746

3770.384675

3769.305012

3769.348237

3770.075924

3771.202340

3772.316327

3773.228956

3773.663622

3773.649293

3773.122809

3772.370615

3771.534726

3770.878568

3770.460356

3770.400961

3770.744615

3771.413317

3772.064097

3772.482008

3772.943672

3773.160583

3772.526748

3771.995435

3771.327879

3770.787272

3770.634258

3770.885756

3771.349134

3771.906774

3772.366224

3772.636168

3772.436942

3771.830365

3770.772232

3769.617672

3768.556556

3768.012684

3768.203393

3769.469797

3771.780855

3775.203023

3779.145821

3783.240321

3786.422273

3788.261069

3787.844898

3785.404841

3780.730079

3775.440815

3770.496344

3770.496344

3775.440815

3780.730079

3785.404841

3787.844898

3788.261069

3786.422273

3783.240321

3779.145821

3775.203023

3771.780855

3769.469797

3768.203393

3768.012684

3768.556556

3769.617672

3770.772232

3771.830365

3772.436942

3772.636168

3772.366224

3771.906774

3771.349134

3770.885756

3770.634258

3770.787272

3771.327879

3771.995435

3772.526748

3773.160583

3773.124420

3772.511886

3772.049140

3771.538521

3771.191974

3771.228540

3771.522567

3771.852375

3772.005377

3771.947050

3771.490694

3770.707043

3769.501444

3768.251098

3767.112778

3766.573399

3766.810852

3768.139529

3770.481163

3773.847040

3777.679860

3781.667589

3784.928631

3787.160170

3787.693489

3786.630610

3783.506929

3778.840524

3773.177497

3769.626434

3769.626434

3773.177497

3778.840524

3783.506929

3786.630610

3787.693489

3787.160170

3784.928631

3781.667589

3777.679860

3773.847040

3770.481163

3768.139529

3766.810852

3766.573399

3767.112778

3768.251098

3769.501444

3770.707043

3771.490694

3771.947050

3772.005377

3771.852375

3771.522567

3771.228540

3771.191974

3771.538521

3772.049140

3772.511886

3773.124420

3772.809546

3772.499312

3772.342656

3772.091775

3771.954584

3772.048726

3772.226344

3772.200639

3771.888904

3771.215184

3770.313379

3769.081429

3767.849337

3766.665921

3766.044202

3766.097372

3767.191484

3769.255289

3772.337642

3775.960207

3779.851662

3783.220125

3785.801090

3787.122505

3787.360862

3786.323705

3783.978645

3779.319428

3773.060676

3768.502978

3768.502978

3773.060676

3779.319428

3783.978645

3786.323705

3787.360862

3787.122505

3785.801090

3783.220125

3779.851662

3775.960207

3772.337642

3769.255289

3767.191484

3766.097372

3766.044202

3766.665921

3767.849337

3769.081429

3770.313379

3771.215184

3771.888904

3772.200639

3772.226344

3772.048726

3771.954584

3772.091775

3772.342656

3772.499312

3772.809546

3772.319158

3772.563936

3772.866732

3772.930941

3772.892639

3772.894901

3772.767383

3772.343605

3771.559597

3770.608455

3769.481032

3768.458771

3767.457406

3766.919129

3766.811273

3767.540383

3769.020589

3771.427968

3774.453137

3777.979591

3781.355300

3784.313593

3786.391657

3787.754746

3788.574292

3789.090549

3788.521380

3785.484252

3777.864255

3769.712490

3769.712490

3777.864255

3785.484252

3788.521380

3789.090549

3788.574292

3787.754746

3786.391657

3784.313593

3781.355300

3777.979591

3774.453137

3771.427968

3769.020589

3767.540383

3766.811273

3766.919129

3767.457406

3768.458771

3769.481032

3770.608455

3771.559597

3772.343605

3772.767383

3772.894901

3772.892639

3772.930941

3772.866732

3772.563936

3772.319158

3771.810250

3772.726639

3773.535677

3773.818825

3773.753805

3773.495695

3773.011789

3772.213122

3771.259475

3770.271520

3769.539749

3768.928502

3768.737753

3768.735792

3769.287407

3770.195820

3771.748342

3773.779688

3776.424622

3779.316075

3782.341902

3785.051984

3787.507245

3789.950696

3792.815606

3795.960457

3798.455524

3797.258103

3789.196812

3777.637134

3777.637134

3789.196812

3797.258103

3798.455524

3795.960457

3792.815606

3789.950696

3787.507245

3785.051984

3782.341902

3779.316075

3776.424622

3773.779688

3771.748342

3770.195820

3769.287407

3768.735792

3768.737753

3768.928502

3769.539749

3770.271520

3771.259475

3772.213122

3773.011789

3773.495695

3773.753805

3773.818825

3773.535677

3772.726639

3771.810250

3771.509103

3772.996371

3774.136119

3774.487451

3774.229397

3773.665296

3772.865359

3771.934457

3771.043382

3770.511881

3770.288988

3770.544947

3770.888424

3771.557023

3772.178325

3773.074836

3774.087685

3775.557221

3777.411877

3779.835909

3782.570918

3785.755547

3789.619787

3794.666604

3801.158457

3808.425063

3813.692236

3814.246426

3805.072130

3788.731121

3788.731121

3805.072130

3814.246426

3813.692236

3808.425063

3801.158457

3794.666604

3789.619787

3785.755547

3782.570918

3779.835909

3777.411877

3775.557221

3774.087685

3773.074836

3772.178325

3771.557023

3770.888424

3770.544947

3770.288988

3770.511881

3771.043382

3771.934457

3772.865359

3773.665296

3774.229397

3774.487451

3774.136119

3772.996371

3771.509103

3771.586481

3773.313420

3774.491759

3774.657787

3774.135003

3773.307262

3772.403726

3771.581691

3771.119584

3771.106228

3771.656857

3772.345621

3773.237700

3773.813211

3774.373260

3774.667411

3775.149224

3775.894771

3777.326012

3779.424581

3782.512311

3786.806530

3793.081264

3802.138872

3813.690569

3825.349942

3833.737266

3833.301810

3824.828797

3810.810124

3810.810124

3824.828797

3833.301810

3833.737266

3825.349942

3813.690569

3802.138872

3793.081264

3786.806530

3782.512311

3779.424581

3777.326012

3775.894771

3775.149224

3774.667411

3774.373260

3773.813211

3773.237700

3772.345621

3771.656857

3771.106228

3771.119584

3771.581691

3772.403726

3773.307262

3774.135003

3774.657787

3774.491759

3773.313420

3771.586481

3772.126166

3773.644304

3774.446096

3774.240013

3773.423339

3772.513356

3771.759592

3771.346262

3771.399183

3772.012187

3772.853472

3773.828840

3774.363735

3774.699758

3774.520849

3774.374770

3774.356918

3775.024849

3776.500766

3779.111838

3782.871811

3788.701932

3797.737622

3810.873553

3827.493776

3843.838110

3853.311478

3853.994263

3845.452451

3830.051942

3830.051942

3845.452451

3853.994263

3853.311478

3843.838110

3827.493776

3810.873553

3797.737622

3788.701932

3782.871811

3779.111838

3776.500766

3775.024849

3774.356918

3774.374770

3774.520849

3774.699758

3774.363735

3773.828840

3772.853472

3772.012187

3771.399183

3771.346262

3771.759592

3772.513356

3773.423339

3774.240013

3774.446096

3773.644304

3772.126166

3773.062693

3773.910957

3774.029812

3773.289974

3772.279968

3771.496968

3771.159139

3771.297324

3771.904764

3772.748529

3773.622279

3773.991445

3773.991119

3773.338495

3772.695107

3772.169041

3772.479999

3773.810318

3776.327869

3779.672768

3784.325949

3791.013947

3801.887989

3818.499896

3839.166067

3859.216159

3871.735895

3872.166695

3870.720867

3861.890680

3861.890680

3870.720867

3872.166695

3871.735895

3859.216159

3839.166067

3818.499896

3801.887989

3791.013947

3784.325949

3779.672768

3776.327869

3773.810318

3772.479999

3772.169041

3772.695107

3773.338495

3773.991119

3773.991445

3773.622279

3772.748529

3771.904764

3771.297324

3771.159139

3771.496968

3772.279968

3773.289974

3774.029812

3773.910957

3773.062693

3774.197808

3774.111269

3773.340990

3772.095525

3771.007571

3770.569755

3770.798784

3771.514126

3772.422336

3773.206559

3773.397541

3772.976497

3771.768998

3770.513281

3769.416637

3769.452231

3770.851468

3773.742434

3777.425829

3781.419099

3785.494265

3792.105392

3803.897766

3822.938070

3848.456012

3872.302824

3887.663606

3891.791086

3890.955337

3892.654090

3892.654090

3890.955337

3891.791086

3887.663606

3872.302824

3848.456012

3822.938070

3803.897766

3792.105392

3785.494265

3781.419099

3777.425829

3773.742434

3770.851468

3769.452231

3769.416637

3770.513281

3771.768998

3772.976497

3773.397541

3773.206559

3772.422336

3771.514126

3770.798784

3770.569755

3771.007571

3772.095525

3773.340990

3774.111269

3774.197808

3775.271611

3774.199977

3772.633028

3770.973041

3769.999337

3770.011236

3770.824642

3771.948718

3772.879939

3773.117125

3772.452490

3770.800508

3768.859240

3767.029283

3766.534438

3767.701014

3770.922657

3775.317600

3779.506452

3782.200104

3784.748730

3789.815512

3802.816854

3826.112670

3855.290934

3884.467718

3900.407197

3904.699310

3904.708208

3920.459838

3920.459838

3904.708208

3904.699310

3900.407197

3884.467718

3855.290934

3826.112670

3802.816854

3789.815512

3784.748730

3782.200104

3779.506452

3775.317600

3770.922657

3767.701014

3766.534438

3767.029283

3768.859240

3770.800508

3772.452490

3773.117125

3772.879939

3771.948718

3770.824642

3770.011236

3769.999337

3770.973041

3772.633028

3774.199977

3775.271611

3776.015136

3774.223415

3772.081597

3770.283738

3769.527666

3770.024936

3771.260583

3772.533422

3773.143116

3772.659997

3770.960533

3768.562713

3766.060813

3764.774420

3765.210520

3768.200737

3772.879022

3777.678617

3780.410484

3780.445172

3779.694029

3784.539778

3799.395934

3826.079792

3859.782720

3885.134742

3900.626447

3900.788930

3903.917431

3950.756708

3950.756708

3903.917431

3900.788930

3900.626447

3885.134742

3859.782720

3826.079792

3799.395934

3784.539778

3779.694029

3780.445172

3780.410484

3777.678617

3772.879022

3768.200737

3765.210520

3764.774420

3766.060813

3768.562713

3770.960533

3772.659997

3773.143116

3772.533422

3771.260583

3770.024936

3769.527666

3770.283738

3772.081597

3774.223415

3776.015136

3776.285131

3774.153665

3771.883251

3770.168682

3769.771577

3770.608573

3772.046228

3773.146832

3773.243806

3772.005622

3769.679669

3766.910010

3764.894370

3764.369395

3766.447308

3770.490283

3775.523988

3778.866956

3778.411072

3774.568046

3771.866645

3776.022280

3793.368258

3820.493349

3848.030137

3868.398118

3870.515266

3880.875920

3899.172604

3952.446038

3952.446038

3899.172604

3880.875920

3870.515266

3868.398118

3848.030137

3820.493349

3793.368258

3776.022280

3771.866645

3774.568046

3778.411072

3778.866956

3775.523988

3770.490283

3766.447308

3764.369395

3764.894370

3766.910010

3769.679669

3772.005622

3773.243806

3773.146832

3772.046228

3770.608573

3769.771577

3770.168682

3771.883251

3774.153665

3776.285131

3776.034757

3774.056423

3772.015080

3770.690192

3770.611364

3771.675570

3772.984677

3773.720362

3773.249442

3771.544882

3769.078021

3766.782947

3765.547960

3766.411194

3769.102224

3773.419673

3776.810917

3777.136844

3772.985228

3765.963796

3761.602072

3767.034050

3782.584944

3805.325721

3820.759119

3823.588609

3822.146724

3828.597488

3919.536761

4044.523780

4044.523780

3919.536761

3828.597488

3822.146724

3823.588609

3820.759119

3805.325721

3782.584944

3767.034050

3761.602072

3765.963796

3772.985228

3777.136844

3776.810917

3773.419673

3769.102224

3766.411194

3765.547960

3766.782947

3769.078021

3771.544882

3773.249442

3773.720362

3772.984677

3771.675570

3770.611364

3770.690192

3772.015080

3774.056423

3776.034757

3775.408507

3773.900794

3772.458475

3771.610054

3771.889949

3772.904066

3773.946616

3774.160204

3773.315610

3771.563863

3769.570591

3768.178965

3768.119506

3769.440525

3772.245373

3774.688739

3775.633135

3772.456836

3764.957772

3756.345981

3751.999459

3757.120905

3772.767184

3784.731087

3788.064335

3771.113309

3762.655723

3758.453391

3819.871815

4053.680155

4053.680155

3819.871815

3758.453391

3762.655723

3771.113309

3788.064335

3784.731087

3772.767184

3757.120905

3751.999459

3756.345981

3764.957772

3772.456836

3775.633135

3774.688739

3772.245373

3769.440525

3768.119506

3768.178965

3769.570591

3771.563863

3773.315610

3774.160204

3773.946616

3772.904066

3771.889949

3771.610054

3772.458475

3773.900794

3775.408507

3774.580981

3773.761562

3772.998262

3772.740763

3773.197863

3774.117719

3774.671211

3774.524191

3773.531801

3772.190282

3771.112425

3770.768468

3771.309141

3772.575185

3773.582548

3774.133003

3771.748511

3766.011586

3756.757884

3747.336009

3744.804134

3752.686946

3765.692119

3774.518178

3755.944591

3734.173870

3706.983033

3739.097492

3695.169905

3858.126384

3858.126384

3695.169905

3739.097492

3706.983033

3734.173870

3755.944591

3774.518178

3765.692119

3752.686946

3744.804134

3747.336009

3756.757884

3766.011586

3771.748511

3774.133003

3773.582548

3772.575185

3771.309141

3770.768468

3771.112425

3772.190282

3773.531801

3774.524191

3774.671211

3774.117719

3773.197863

3772.740763

3772.998262

3773.761562

3774.580981

3773.819156

3773.614786

3773.547356

3773.721860

3774.358017

3774.963410

3775.193087

3774.720806

3773.982528

3773.341496

3773.216998

3773.657260

3774.101508

3774.019155

3773.419540

3771.166568

3767.391243

3759.558991

3749.460743

3741.769423

3742.195341

3754.691097

3769.489034

3763.749053

3736.736342

3694.574735

3716.954796

3798.167304

3946.095435

4359.927988

4359.927988

3946.095435

3798.167304

3716.954796

3694.574735

3736.736342

3763.749053

3769.489034

3754.691097

3742.195341

3741.769423

3749.460743

3759.558991

3767.391243

3771.166568

3773.419540

3774.019155

3774.101508

3773.657260

3773.216998

3773.341496

3773.982528

3774.720806

3775.193087

3774.963410

3774.358017

3773.721860

3773.547356

3773.614786

3773.819156

3773.276506

3773.545502

3773.927583

3774.464988

3775.062635

3775.493109

3775.325846

3774.917567

3774.518539

3774.682567

3775.330223

3775.806172

3775.465070

3773.883113

3771.317284

3768.542890

3763.077434

3755.049264

3744.652326

3738.939393

3746.042902

3762.282397

3773.237116

3755.682217

3708.307694

3694.856249

3779.434686

4011.601619

4266.563356

4550.826050

4550.826050

4266.563356

4011.601619

3779.434686

3694.856249

3708.307694

3755.682217

3773.237116

3762.282397

3746.042902

3738.939393

3744.652326

3755.049264

3763.077434

3768.542890

3771.317284

3773.883113

3775.465070

3775.806172

3775.330223

3774.682567

3774.518539

3774.917567

3775.325846

3775.493109

3775.062635

3774.464988

3773.927583

3773.545502

3773.276506

3773.096554

3773.538876

3774.177909

3774.814714

3775.417548

3775.551676

3775.328456

3774.935702

3775.109706

3775.819285

3776.691908

3776.777212

3775.133169

3772.321658

3769.491994

3766.245526

3761.531741

3751.772379

3741.912309

3739.813972

3751.494105

3772.357233

3774.624773

3744.976999

3706.080129

3733.696984

3925.256428

4265.168315

4526.136177

4791.587311

4791.587311

4526.136177

4265.168315

3925.256428

3733.696984

3706.080129

3744.976999

3774.624773

3772.357233

3751.494105

3739.813972

3741.912309

3751.772379

3761.531741

3766.245526

3769.491994

3772.321658

3775.133169

3776.777212

3776.691908

3775.819285

3775.109706

3774.935702

3775.328456

3775.551676

3775.417548

3774.814714

3774.177909

3773.538876

3773.096554

3773.259032

3773.669874

3774.272268

3774.931247

3775.378680

3775.444004

3775.076592

3775.000442

3775.431431

3776.458404

3777.090670

3776.242608

3773.740335

3770.553441

3768.338962

3766.582551

3760.839616

3750.612399

3739.865918

3740.970133

3759.508990

3779.084199

3779.098818

3746.669012

3731.828949

3809.884862

4052.650666

4461.666743

4784.765680

4861.534887

4861.534887

4784.765680

4461.666743

4052.650666

3809.884862

3731.828949

3746.669012

3779.098818

3779.084199

3759.508990

3740.970133

3739.865918

3750.612399

3760.839616

3766.582551

3768.338962

3770.553441

3773.740335

3776.242608

3777.090670

3776.458404

3775.431431

3775.000442

3775.076592

3775.444004

3775.378680

3774.931247

3774.272268

3773.669874

3773.259032

3773.739914

3773.908308

3774.353606

3774.853234

3775.238555

3775.145024

3774.898689

3774.873278

3775.577144

3776.387134

3776.472963

3774.850749

3771.871281

3769.540799

3769.047780

3768.079198

3762.001018

3748.814444

3738.174708

3743.122301

3765.189750

3788.483595

3781.363940

3754.967876

3753.060974

3848.745956

4082.943061

4447.042735

4861.064796

4902.841036

4902.841036

4861.064796

4447.042735

4082.943061

3848.745956

3753.060974

3754.967876

3781.363940

3788.483595

3765.189750

3743.122301

3738.174708

3748.814444

3762.001018

3768.079198

3769.047780

3769.540799

3771.871281

3774.850749

3776.472963

3776.387134

3775.577144

3774.873278

3774.898689

3775.145024

3775.238555

3774.853234

3774.353606

3773.908308

3773.739914

3774.411450

3774.290304

3774.440307

3774.797648

3775.031601

3774.951061

3774.663186

3774.800046

3775.317801

3775.837333

3775.186179

3773.102888

3770.537212

3769.720482

3771.137670

3770.817913

3762.642918

3747.248053

3736.731886

3744.748830

3771.785209

3788.868178

3774.903189

3737.542946

3734.139140

3823.245896

4016.548970

4288.849432

4615.659826

4437.284909

4437.284909

4615.659826

4288.849432

4016.548970

3823.245896

3734.139140

3737.542946

3774.903189

3788.868178

3771.785209

3744.748830

3736.731886

3747.248053

3762.642918

3770.817913

3771.137670

3769.720482

3770.537212

3773.102888

3775.186179

3775.837333

3775.317801

3774.800046

3774.663186

3774.951061

3775.031601

3774.797648

3774.440307

3774.290304

3774.411450

3775.204185

3774.748039

3774.629513

3774.774550

3774.952160

3774.798177

3774.576319

3774.593983

3774.947603

3774.872307

3773.811400

3771.614553

3770.121950

3771.072493

3774.077404

3773.408030

3762.979653

3745.985206

3735.872915

3747.791082

3770.550898

3777.271011

3743.330701

3695.630121

3699.977114

3788.418101

3967.674659

4131.488786

4147.903652

4004.555672

4004.555672

4147.903652

4131.488786

3967.674659

3788.418101

3699.977114

3695.630121

3743.330701

3777.271011

3770.550898

3747.791082

3735.872915

3745.985206

3762.979653

3773.408030

3774.077404

3771.072493

3770.121950

3771.614553

3773.811400

3774.872307

3774.947603

3774.593983

3774.576319

3774.798177

3774.952160

3774.774550

3774.629513

3774.748039

3775.204185

3776.007090

3775.277357

3774.862720

3774.867245

3774.934363

3774.787642

3774.503315

3774.428201

3774.411307

3773.974428

3772.567379

3770.941660

3770.489280

3773.287461

3776.850767

3775.424710

3763.344419

3745.302777

3737.705354

3747.028779

3762.286668

3748.889242

3702.650465

3667.399078

3693.254313

3829.290520

3977.998657

4082.799447

3857.728646

3756.378263

3756.378263

3857.728646

4082.799447

3977.998657

3829.290520

3693.254313

3667.399078

3702.650465

3748.889242

3762.286668

3747.028779

3737.705354

3745.302777

3763.344419

3775.424710

3776.850767

3773.287461

3770.489280

3770.941660

3772.567379

3773.974428

3774.411307

3774.428201

3774.503315

3774.787642

3774.934363

3774.867245

3774.862720

3775.277357

3776.007090

3776.788731

3775.784490

3775.149216

3774.975873

3775.000761

3774.800187

3774.477489

3774.232974

3773.936951

3773.197794

3771.938580

3770.793917

3771.811206

3775.194227

3779.304540

3776.544911

3763.946717

3747.107017

3738.898172

3745.133672

3745.093335

3721.089646

3681.878524

3672.755980

3750.405223

3873.779960

3992.354047

3900.610966

3768.285166

3747.691746

3747.691746

3768.285166

3900.610966

3992.354047

3873.779960

3750.405223

3672.755980

3681.878524

3721.089646

3745.093335

3745.133672

3738.898172

3747.107017

3763.946717

3776.544911

3779.304540

3775.194227

3771.811206

3770.793917

3771.938580

3773.197794

3773.936951

3774.232974

3774.477489

3774.800187

3775.000761

3774.975873

3775.149216

3775.784490

3776.788731

3777.480184

3776.258181

3775.381543

3775.098428

3775.028893

3774.812251

3774.425613

3774.025723

3773.566278

3772.736948

3771.722764

3771.445852

3772.941905

3777.211567

3780.109148

3777.700369

3765.119868

3750.018876

3741.446746

3739.642038

3732.123869

3708.615213

3691.181206

3718.845442

3795.915903

3882.865297

3882.922043

3840.395074

3755.888520

3815.599699

3815.599699

3755.888520

3840.395074

3882.922043

3882.865297

3795.915903

3718.845442

3691.181206

3708.615213

3732.123869

3739.642038

3741.446746

3750.018876

3765.119868

3777.700369

3780.109148

3777.211567

3772.941905

3771.445852

3771.722764

3772.736948

3773.566278

3774.025723

3774.425613

3774.812251

3775.028893

3775.098428

3775.381543

3776.258181

3777.480184

3778.065902

3776.617974

3775.569465

3775.131168

3775.017908

3774.743655

3774.304391

3773.843673

3773.258480

3772.585213

3771.946033

3772.178170

3774.364177

3777.746253

3780.928638

3777.411614

3767.862282

3753.413126

3743.892340

3737.180046

3728.143070

3718.392145

3724.637906

3761.355274

3809.097417

3831.522283

3854.841953

3955.070621

3929.336022

3666.325303

3666.325303

3929.336022

3955.070621

3854.841953

3831.522283

3809.097417

3761.355274

3724.637906

3718.392145

3728.143070

3737.180046

3743.892340

3753.413126

3767.862282

3777.411614

3780.928638

3777.746253

3774.364177

3772.178170

3771.946033

3772.585213

3773.258480

3773.843673

3774.304391

3774.743655

3775.017908

3775.131168

3775.569465

3776.617974

3778.065902

3778.486434

3776.878543

3775.649445

3775.119720

3774.904005

3774.600847

3774.122113

3773.599976

3773.110275

3772.554893

3772.395953

3773.072643

3775.040156

3778.315255

3779.816119

3778.310430

3769.207946

3758.429417

3746.241713

3739.543055

3735.773063

3742.534179

3760.849736

3782.976330

3788.486246

3801.292007

3899.579786

4029.456449

3850.199946

3591.121738

3591.121738

3850.199946

4029.456449

3899.579786

3801.292007

3788.486246

3782.976330

3760.849736

3742.534179

3735.773063

3739.543055

3746.241713

3758.429417

3769.207946

3778.310430

3779.816119

3778.315255

3775.040156

3773.072643

3772.395953

3772.554893

3773.110275

3773.599976

3774.122113

3774.600847

3774.904005

3775.119720

3775.649445

3776.878543

3778.486434

3778.718076

3776.999051

3775.683950

3775.034780

3774.759726

3774.377487

3773.869759

3773.379381

3772.938175

3772.713826

3772.829647

3773.789819

3775.657760

3777.729207

3779.395486

3777.273518

3772.208604

3761.097776

3751.479148

3744.119851

3751.131444

3767.327660

3788.749155

3783.143285

3766.986654

3797.022823

3911.289494

3949.072629

3615.187375

3605.185850

3605.185850

3615.187375

3949.072629

3911.289494

3797.022823

3766.986654

3783.143285

3788.749155

3767.327660

3751.131444

3744.119851

3751.479148

3761.097776

3772.208604

3777.273518

3779.395486

3777.729207

3775.657760

3773.789819

3772.829647

3772.713826

3772.938175

3773.379381

3773.869759

3774.377487

3774.759726

3775.034780

3775.683950

3776.999051

3778.718076

3778.722466

3777.016864

3775.660899

3774.966163

3774.584960

3774.143861

3773.593139

3773.126099

3772.852316

3772.812170

3773.280711

3774.335850

3775.874992

3777.461739

3777.975328

3777.333271

3772.697908

3765.402810

3754.544076

3752.481949

3761.923974

3789.046951

3798.590023

3783.318272

3754.419880

3791.895961

3896.152902

3805.842583

3679.269419

3565.674272

3565.674272

3679.269419

3805.842583

3896.152902

3791.895961

3754.419880

3783.318272

3798.590023

3789.046951

3761.923974

3752.481949

3754.544076

3765.402810

3772.697908

3777.333271

3777.975328

3777.461739

3775.874992

3774.335850

3773.280711

3772.812170

3772.852316

3773.126099

3773.593139

3774.143861

3774.584960

3774.966163

3775.660899

3777.016864

3778.722466

3778.503178

3776.917018

3775.637822

3774.908464

3774.462550

3773.924556

3773.339318

3772.910503

3772.756744

3772.938580

3773.585105

3774.728574

3776.105828

3777.050269

3777.310613

3776.316033

3773.749301

3767.118979

3759.523950

3755.961641

3770.918389

3792.674718

3807.206230

3779.101856

3757.682338

3794.959444

3820.358962

3763.252387

3505.119857

3822.172621

3822.172621

3505.119857

3763.252387

3820.358962

3794.959444

3757.682338

3779.101856

3807.206230

3792.674718

3770.918389

3755.961641

3759.523950

3767.118979

3773.749301

3776.316033

3777.310613

3777.050269

3776.105828

3774.728574

3773.585105

3772.938580

3772.756744

3772.910503

3773.339318

3773.924556

3774.462550

3774.908464

3775.637822

3776.917018

3778.503178

3778.076900

3776.731629

3775.588942

3774.900698

3774.390886

3773.782347

3773.152907

3772.753524

3772.694489

3773.028180

3773.764137

3775.005896

3776.267519

3777.060863

3776.822987

3775.714088

3773.467685

3768.954946

3762.068225

3760.074901

3768.843561

3792.225962

3800.933335

3787.675394

3769.442341

3781.818009

3788.289202

3620.225484

3643.290578

3823.461930

3823.461930

3643.290578

3620.225484

3788.289202

3781.818009

3769.442341

3787.675394

3800.933335

3792.225962

3768.843561

3760.074901

3762.068225

3768.954946

3773.467685

3775.714088

3776.822987

3777.060863

3776.267519

3775.005896

3773.764137

3773.028180

3772.694489

3772.753524

3773.152907

3773.782347

3774.390886

3774.900698

3775.588942

3776.731629

3778.076900

3777.498960

3776.444295

3775.515525

3774.902143

3774.387255

3773.736059

3773.074390

3772.686032

3772.683481

3773.039163

3773.873371

3775.051574

3776.500244

3777.269841

3776.889992

3775.303141

3772.827498

3769.423709

3764.950142

3761.739599

3767.727841

3781.694138

3795.854322

3791.980703

3786.198164

3787.043318

3746.839927

3634.579623

3662.603128

3837.186981

3837.186981

3662.603128

3634.579623

3746.839927

3787.043318

3786.198164

3791.980703

3795.854322

3781.694138

3767.727841

3761.739599

3764.950142

3769.423709

3772.827498

3775.303141

3776.889992

3777.269841

3776.500244

3775.051574

3773.873371

3773.039163

3772.683481

3772.686032

3773.074390

3773.736059

3774.387255

3774.902143

3775.515525

3776.444295

3777.498960

3776.816977

3776.075279

3775.365728

3774.890156

3774.426750

3773.785723

3773.133910

3772.724106

3772.694710

3773.045536

3773.757586

3775.042599

3776.508652

3777.706454

3777.392581

3775.312705

3772.141801

3769.104578

3766.494248

3765.642743

3767.381952

3776.737193

3786.511866

3794.171781

3791.537167

3807.012673

3750.942489

3689.716292

3673.856880

3845.143945

3845.143945

3673.856880

3689.716292

3750.942489

3807.012673

3791.537167

3794.171781

3786.511866

3776.737193

3767.381952

3765.642743

3766.494248

3769.104578

3772.141801

3775.312705

3777.392581

3777.706454

3776.508652

3775.042599

3773.757586

3773.045536

3772.694710

3772.724106

3773.133910

3773.785723

3774.426750

3774.890156

3775.365728

3776.075279

3776.816977

3776.097548

3775.610508

3775.129112

3774.816147

3774.476295

3773.929587

3773.301608

3772.880973

3772.751618

3772.957926

3773.597833

3774.733284

3776.468353

3777.989448

3778.233479

3775.989606

3771.936496

3768.027519

3767.147825

3768.315831

3772.763349

3777.186237

3785.794644

3785.206995

3793.699649

3780.424906

3818.588702

3714.414746

3715.027090

3828.021049

3828.021049

3715.027090

3714.414746

3818.588702

3780.424906

3793.699649

3785.206995

3785.794644

3777.186237

3772.763349

3768.315831

3767.147825

3768.027519

3771.936496

3775.989606

3778.233479

3777.989448

3776.468353

3774.733284

3773.597833

3772.957926

3772.751618

3772.880973

3773.301608

3773.929587

3774.476295

3774.816147

3775.129112

3775.610508

3776.097548

3775.362873

3775.078183

3774.783153

3774.664409

3774.505151

3774.106670

3773.583109

3773.113000

3772.864815

3772.872463

3773.302147

3774.379251

3776.128891

3778.151765

3779.071481

3777.328187

3772.575053

3767.432334

3765.125857

3768.978663

3775.327856

3784.828585

3788.584878

3791.763980

3770.927269

3771.707172

3756.027600

3818.265017

3691.376738

3788.640721

3788.640721

3691.376738

3818.265017

3756.027600

3771.707172

3770.927269

3791.763980

3788.584878

3784.828585

3775.327856

3768.978663

3765.125857

3767.432334

3772.575053

3777.328187

3779.071481

3778.151765

3776.128891

3774.379251

3773.302147

3772.872463

3772.864815

3773.113000

3773.583109

3774.106670

3774.505151

3774.664409

3774.783153

3775.078183

3775.362873

3774.647008

3774.487958

3774.355823

3774.423515

3774.475013

3774.292321

3773.891646

3773.451754

3773.044761

3772.849960

3773.055950

3773.958962

3775.695251

3778.004681

3779.646353

3778.863119

3774.291091

3767.409325

3762.642096

3763.658811

3772.553028

3784.398860

3798.268763

3799.676829

3789.331985

3754.653717

3738.612720

3753.293183

3778.287531

3645.172871

3645.172871

3778.287531

3753.293183

3738.612720

3754.653717

3789.331985

3799.676829

3798.268763

3784.398860

3772.553028

3763.658811

3762.642096

3767.409325

3774.291091

3778.863119

3779.646353

3778.004681

3775.695251

3773.958962

3773.055950

3772.849960

3773.044761

3773.451754

3773.891646

3774.292321

3774.475013

3774.423515

3774.355823

3774.487958

3774.647008

3773.942266

3773.875261

3773.874715

3774.110191

3774.372374

3774.412826

3774.217916

3773.832861

3773.376606

3772.985032

3772.975045

3773.650131

3775.230649

3777.497442

3779.698271

3779.802323

3776.284373

3768.726874

3760.650648

3756.984421

3761.683041

3775.210345

3794.406588

3812.146265

3818.049818

3797.735011

3782.302825

3761.100906

3858.323066

3964.721179

3964.721179

3858.323066

3761.100906

3782.302825

3797.735011

3818.049818

3812.146265

3794.406588

3775.210345

3761.683041

3756.984421

3760.650648

3768.726874

3776.284373

3779.802323

3779.698271

3777.497442

3775.230649

3773.650131

3772.975045

3772.985032

3773.376606

3773.832861

3774.217916

3774.412826

3774.372374

3774.110191

3773.874715

3773.875261

3773.942266

3773.260123

3773.271905

3773.380673

3773.752269

3774.178582

3774.447552

3774.467107

3774.256727

3773.830726

3773.358518

3773.156765

3773.541847

3774.752835

3776.717650

3778.766937

3779.704083

3777.281487

3770.896012

3761.324620

3753.458584

3751.646914

3760.598207

3778.415501

3805.846031

3825.878526

3843.708327

3830.493311

3845.879831

3857.056070

3775.962095

3775.962095

3857.056070

3845.879831

3830.493311

3843.708327

3825.878526

3805.846031

3778.415501

3760.598207

3751.646914

3753.458584

3761.324620

3770.896012

3777.281487

3779.704083

3778.766937

3776.717650

3774.752835

3773.541847

3773.156765

3773.358518

3773.830726

3774.256727

3774.467107

3774.447552

3774.178582

3773.752269

3773.380673

3773.271905

3773.260123

3772.600875

3772.698132

3772.915949

3773.364788

3773.904630

3774.336181

3774.595811

3774.606625

3774.347659

3773.931357

3773.575779

3773.668593

3774.306195

3775.586920

3777.108074

3777.993453

3777.021630

3772.552207

3765.062962

3756.083411

3750.464636

3750.976514

3762.444095

3779.413484

3805.639391

3820.261399

3834.108591

3828.343189

3795.177035

3776.006162

3776.006162

3795.177035

3828.343189

3834.108591

3820.261399

3805.639391

3779.413484

3762.444095

3750.976514

3750.464636

3756.083411

3765.062962

3772.552207

3777.021630

3777.993453

3777.108074

3775.586920

3774.306195

3773.668593

3773.575779

3773.931357

3774.347659

3774.606625

3774.595811

3774.336181

3773.904630

3773.364788

3772.915949

3772.698132

3772.600875

3771.987269

3772.183708

3772.476741

3772.971117

3773.533356

3774.078413

3774.524456

3774.800083

3774.812212

3774.551196

3774.234046

3773.958631

3774.061148

3774.388765

3775.035674

3775.525471

3775.277419

3773.520619

3769.520172

3764.015846

3757.957009

3754.440772

3753.559502

3759.657368

3766.220973

3778.413732

3784.535411

3787.455769

3789.073151

3785.693951

3785.693951

3789.073151

3787.455769

3784.535411

3778.413732

3766.220973

3759.657368

3753.559502

3754.440772

3757.957009

3764.015846

3769.520172

3773.520619

3775.277419

3775.525471

3775.035674

3774.388765

3774.061148

3773.958631

3774.234046

3774.551196

3774.812212

3774.800083

3774.524456

3774.078413

3773.533356

3772.971117

3772.476741

3772.183708

3771.987269

3771.442060

3771.710196

3772.064137

3772.543615

3773.102133

3773.684122

3774.291335

3774.814353

3775.131467

3775.197243

3774.962647

3774.630336

3774.113824

3773.745764

3773.350906

3773.254353

3773.265281

3773.297768

3772.971128

3771.691077

3769.329567

3764.899631

3759.790018

3752.405729

3748.529362

3746.041041

3751.749265

3764.267205

3776.718567

3787.652095

3787.652095

3776.718567

3764.267205

3751.749265

3746.041041

3748.529362

3752.405729

3759.790018

3764.899631

3769.329567

3771.691077

3772.971128

3773.297768

3773.265281

3773.254353

3773.350906

3773.745764

3774.113824

3774.630336

3774.962647

3775.197243

3775.131467

3774.814353

3774.291335

3773.684122

3773.102133

3772.543615

3772.064137

3771.710196

3771.442060

3771.000118

3771.278834

3771.626174

3772.102092

3772.642744

3773.277653

3773.988693

3774.719722

3775.337647

3775.711401

3775.804209

3775.455829

3774.830786

3773.814341

3772.857717

3772.012393

3771.811659

3772.375647

3773.664583

3775.315656

3776.060451

3775.211391

3770.431846

3763.565095

3753.735477

3747.501177

3746.837997

3751.437404

3762.335131

3768.045532

3768.045532

3762.335131

3751.437404

3746.837997

3747.501177

3753.735477

3763.565095

3770.431846

3775.211391

3776.060451

3775.315656

3773.664583

3772.375647

3771.811659

3772.012393

3772.857717

3773.814341

3774.830786

3775.455829

3775.804209

3775.711401

3775.337647

3774.719722

3773.988693

3773.277653

3772.642744

3772.102092

3771.626174

3771.278834

3771.000118

3770.657000

3770.863689

3771.184368

3771.661598

3772.256532

3772.939103

3773.721972

3774.537512

3775.318623

3775.963108

3776.303622

3776.262410

3775.640432

3774.643791

3773.291240

3772.086972

3771.250110

3771.143114

3771.972455

3773.448989

3775.542711

3776.933852

3777.784373

3776.001125

3773.510901

3769.868656

3766.777444

3767.080848

3766.405930

3768.214021

3768.214021

3766.405930

3767.080848

3766.777444

3769.868656

3773.510901

3776.001125

3777.784373

3776.933852

3775.542711

3773.448989

3771.972455

3771.143114

3771.250110

3772.086972

3773.291240

3774.643791

3775.640432

3776.262410

3776.303622

3775.963108

3775.318623

3774.537512

3773.721972

3772.939103

3772.256532

3771.661598

3771.184368

3770.863689

3770.657000

3770.417670

3770.511596

3770.779940

3771.307882

3771.969935

3772.680340

3773.393206

3774.135485

3774.877782

3775.578419

3776.133498

3776.345120

3776.148421

3775.414237

3774.373055

3773.088946

3771.829058

3770.702062

3769.740053

3769.342253

3769.606132

3771.507418

3774.722322

3779.893813

3785.147563

3789.758910

3792.938909

3792.864282

3793.057244

3791.706498

3791.706498

3793.057244

3792.864282

3792.938909

3789.758910

3785.147563

3779.893813

3774.722322

3771.507418

3769.606132

3769.342253

3769.740053

3770.702062

3771.829058

3773.088946

3774.373055

3775.414237

3776.148421

3776.345120

3776.133498

3775.578419

3774.877782

3774.135485

3773.393206

3772.680340

3771.969935

3771.307882

3770.779940

3770.511596

3770.417670

3770.207572

3770.253147

3770.532796

3771.101758

3771.728919

3772.298748

3772.849579

3773.370601

3773.939073

3774.564318

3775.204618

3775.764248

3776.079221

3776.132638

3775.812470

3775.184742

3774.108884

3772.462364

3770.200158

3767.448231

3765.092175

3764.176768

3766.239195

3771.561547

3779.820236

3788.967071

3796.571965

3802.019830

3804.026090

3805.000755

3805.000755

3804.026090

3802.019830

3796.571965

3788.967071

3779.820236

3771.561547

3766.239195

3764.176768

3765.092175

3767.448231

3770.200158

3772.462364

3774.108884

3775.184742

3775.812470

3776.132638

3776.079221

3775.764248

3775.204618

3774.564318

3773.939073

3773.370601

3772.849579

3772.298748

3771.728919

3771.101758

3770.532796

3770.253147

3770.207572

3770.068267

3770.237775

3770.542261

3770.923506

3771.277240

3771.693015

3772.052775

3772.419981

3772.846925

3773.436491

3774.205803

3775.121588

3776.131693

3777.094443

3777.923954

3778.361234

3778.155091

3776.941431

3774.446606

3770.748852

3766.405343

3762.588275

3760.663290

3761.749102

3765.821122

3772.039830

3778.593798

3783.954279

3787.514435

3789.075101

3789.075101

3787.514435

3783.954279

3778.593798

3772.039830

3765.821122

3761.749102

3760.663290

3762.588275

3766.405343

3770.748852

3774.446606

3776.941431

3778.155091

3778.361234

3777.923954

3777.094443

3776.131693

3775.121588

3774.205803

3773.436491

3772.846925

3772.419981

3772.052775

3771.693015

3771.277240

3770.923506

3770.542261

3770.237775

3770.068267

3769.963625

3770.383250

3770.457558

3770.457862

3770.691895

3770.952129

3771.252432

3771.590257

3772.065903

3772.747455

3773.717213

3775.002772

3776.568010

3778.310344

3780.004050

3781.339697

3781.981656

3781.531579

3779.855952

3776.875016

3773.034888

3768.915648

3765.465899

3763.290834

3763.002106

3764.068582

3766.353174

3768.567285

3770.525361

3771.488798

3771.488798

3770.525361

3768.567285

3766.353174

3764.068582

3763.002106

3763.290834

3765.465899

3768.915648

3773.034888

3776.875016

3779.855952

3781.531579

3781.981656

3781.339697

3780.004050

3778.310344

3776.568010

3775.002772

3773.717213

3772.747455

3772.065903

3771.590257

3771.252432

3770.952129

3770.691895

3770.457862

3770.457558

3770.383250

3769.963625

3769.652230

3770.041744

3770.173706

3770.229648

3770.286435

3770.363464

3770.576480

3770.956378

3771.553008

3772.398302

3773.566860

3775.056885

3776.824531

3778.684133

3780.294145

3781.470283

3781.804321

3781.637394

3780.841458

3780.267039

3779.742756

3779.904285

3779.939299

3780.303410

3779.750826

3779.478393

3778.258418

3777.822573

3777.000350

3776.877408

3776.877408

3777.000350

3777.822573

3778.258418

3779.478393

3779.750826

3780.303410

3779.939299

3779.904285

3779.742756

3780.267039

3780.841458

3781.637394

3781.804321

3781.470283

3780.294145

3778.684133

3776.824531

3775.056885

3773.566860

3772.398302

3771.553008

3770.956378

3770.576480

3770.363464

3770.286435

3770.229648

3770.173706

3770.041744

3769.652230

