AXIS X

0.000000 0.000500 0.001000 0.001500 0.002000 0.002500 0.003000 0.003500 0.004000 0.004500 0.005000 0.005500 0.006000 0.006500 0.007000 0.007500 0.008000 0.008500 0.009000 0.009500 0.010000 0.010500 0.011000 0.011500 0.012000 0.012500 0.013000 0.013500 0.014000 0.014500 0.015000 0.015500 0.016000 0.016500 0.017000 0.017500 0.018000 0.018500 0.019000 0.019500 0.020000 0.020500 0.021000 0.021500 0.022000 0.022500 0.023000 0.023500 0.024000 0.024500 0.025000 0.025500 0.026000 0.026500 0.027000 0.027500 0.028000 0.028500 0.029000 0.029500 

AXIS Y

0.000000 0.000500 0.001000 0.001500 0.002000 0.002500 0.003000 0.003500 0.004000 0.004500 0.005000 0.005500 0.006000 0.006500 0.007000 0.007500 0.008000 0.008500 0.009000 0.009500 0.010000 0.010500 0.011000 0.011500 0.012000 0.012500 0.013000 0.013500 0.014000 0.014500 0.015000 0.015500 0.016000 0.016500 0.017000 0.017500 0.018000 0.018500 0.019000 0.019500 0.020000 0.020500 0.021000 0.021500 0.022000 0.022500 0.023000 0.023500 0.024000 0.024500 0.025000 0.025500 0.026000 0.026500 0.027000 0.027500 0.028000 0.028500 0.029000 0.029500 



DATA
3161.308019

4237.486224

4666.951440

5181.569275

5613.199993

5958.335424

6243.949952

6462.951073

6623.618602

6682.479308

6633.111754

6424.670973

6075.914225

5573.648894

4990.629936

4361.245697

3777.387075

3266.792610

2881.475989

2616.012923

2496.988645

2522.162187

2752.439877

3248.625060

4227.963119

5929.472934

8968.183174

13049.437044

18433.599311

16665.651666

16665.651669

18433.599323

13049.437056

8968.183182

5929.472939

4227.963123

3248.625062

2752.439878

2522.162188

2496.988645

2616.012923

2881.475989

3266.792610

3777.387075

4361.245696

4990.629935

5573.648893

6075.914224

6424.670972

6633.111753

6682.479306

6623.618601

6462.951072

6243.949951

5958.335423

5613.199992

5181.569274

4666.951439

4237.486223

3161.308018

4152.089922

6324.977160

6101.153525

6070.109207

6154.675464

6266.548212

6302.190328

6247.328200

6061.009522

5762.295896

5336.345352

4830.193197

4259.333795

3692.409591

3155.864697

2697.850460

2319.169734

2032.036195

1819.468903

1681.705204

1603.449917

1589.783359

1633.854345

1755.251328

1963.982157

2330.701051

2944.979724

4300.299212

7603.649619

6313.422503

6313.422504

7603.649622

4300.299216

2944.979728

2330.701053

1963.982159

1755.251330

1633.854346

1589.783360

1603.449918

1681.705205

1819.468904

2032.036196

2319.169735

2697.850460

3155.864697

3692.409591

4259.333795

4830.193197

5336.345352

5762.295895

6061.009521

6247.328200

6302.190327

6266.548212

6154.675463

6070.109207

6101.153525

6324.977160

4152.089922

4398.210163

6162.086983

6776.484486

6713.979005

6676.529528

6580.463580

6387.682766

6024.321871

5523.649288

4903.680217

4248.156945

3596.640594

3013.993408

2510.800306

2106.679042

1784.679942

1540.990947

1354.861510

1220.357151

1122.176425

1057.480628

1015.862171

997.699449

997.400955

1022.550129

1083.933846

1225.467728

1579.758143

2168.139728

2660.168996

2660.168997

2168.139729

1579.758144

1225.467728

1083.933846

1022.550130

997.400956

997.699449

1015.862171

1057.480629

1122.176426

1220.357151

1354.861511

1540.990947

1784.679943

2106.679043

2510.800307

3013.993408

3596.640594

4248.156946

4903.680217

5523.649289

6024.321871

6387.682766

6580.463580

6676.529528

6713.979005

6776.484486

6162.086982

4398.210162

4766.447162

5999.113942

6709.041927

6906.653932

6822.908866

6597.144135

6164.781393

5555.765502

4804.925808

4032.703718

3306.680308

2695.813452

2199.367002

1818.456557

1524.138533

1303.835785

1134.427123

1007.937466

909.687950

835.976949

777.058643

731.708043

693.715011

665.109368

646.376417

648.929148

694.679614

816.216887

1020.921021

1265.566652

1265.566653

1020.921021

816.216888

694.679615

648.929149

646.376417

665.109368

693.715011

731.708044

777.058643

835.976949

909.687950

1007.937467

1134.427124

1303.835785

1524.138534

1818.456558

2199.367003

2695.813452

3306.680308

4032.703719

4804.925809

5555.765503

6164.781394

6597.144136

6822.908866

6906.653932

6709.041927

5999.113942

4766.447161

5105.456199

5984.019196

6525.501484

6674.854907

6527.230591

6122.176207

5512.095711

4734.537009

3921.012376

3160.966815

2534.185136

2039.497436

1670.196583

1391.441613

1185.965856

1029.040620

911.546343

818.858818

747.207205

687.120475

637.522843

592.141768

552.584257

516.946913

492.063288

483.705978

508.489904

572.324445

690.590036

899.252870

899.252870

690.590037

572.324445

508.489904

483.705978

492.063289

516.946913

552.584257

592.141768

637.522843

687.120475

747.207205

818.858819

911.546343

1029.040621

1185.965857

1391.441614

1670.196584

2039.497437

2534.185137

3160.966816

3921.012377

4734.537010

5512.095712

6122.176208

6527.230591

6674.854907

6525.501484

5984.019195

5105.456199

5438.779377

6030.369779

6303.510190

6236.271893

5867.925763

5282.325643

4538.355726

3755.531671

3019.919645

2410.902385

1931.613058

1576.189636

1310.792399

1117.577122

971.943914

864.395489

780.357524

715.986509

661.709226

616.539038

573.741122

534.925216

496.881729

465.490113

442.697454

440.493308

462.901100

522.365753

610.630918

764.283353

764.283353

610.630918

522.365753

462.901100

440.493308

442.697454

465.490113

496.881729

534.925217

573.741122

616.539038

661.709226

715.986510

780.357524

864.395489

971.943914

1117.577122

1310.792399

1576.189636

1931.613059

2410.902386

3019.919646

3755.531672

4538.355727

5282.325644

5867.925764

6236.271893

6303.510190

6030.369779

5438.779377

5758.568387

6063.823113

6030.148992

5653.391907

5039.480090

4292.192346

3536.123863

2843.292637

2273.997736

1825.843652

1492.446358

1243.513163

1063.283905

929.190733

832.394205

758.987582

705.222315

661.515834

626.765383

593.514080

563.056281

530.683524

501.895316

476.752529

466.744749

476.380480

520.578413

592.527139

683.220878

811.963359

811.963359

683.220878

592.527139

520.578413

476.380480

466.744749

476.752529

501.895316

530.683524

563.056281

593.514080

626.765383

661.515835

705.222315

758.987582

832.394205

929.190733

1063.283905

1243.513163

1492.446359

1825.843652

2273.997737

2843.292638

3536.123864

4292.192347

5039.480090

5653.391907

6030.148992

6063.823113

5758.568387

6046.398198

6033.284198

5656.153957

4986.318783

4171.435594

3378.204412

2686.584048

2138.748580

1716.873205

1405.820231

1174.397645

1007.591781

884.911243

798.632085

736.125806

694.119888

663.555612

643.318995

625.478786

610.691425

592.450084

575.442175

557.522400

550.799909

560.122879

607.218986

700.349041

839.546392

939.168263

1000.683468

1000.683468

939.168263

839.546392

700.349041

607.218986

560.122879

550.799909

557.522400

575.442175

592.450084

610.691425

625.478787

643.318995

663.555612

694.119888

736.125806

798.632085

884.911243

1007.591782

1174.397646

1405.820231

1716.873205

2138.748581

2686.584049

3378.204412

4171.435595

4986.318783

5656.153957

6033.284198

6046.398198

6258.312556

5885.781332

5176.965503

4272.010290

3383.306342

2630.730001

2058.278851

1634.356074

1330.542236

1108.823787

951.186848

836.984723

758.790021

705.050598

673.137140

655.031087

650.035551

650.550923

656.775154

660.703792

665.468265

665.878146

673.846304

693.041998

752.387828

874.936127

1117.612946

1447.653306

1608.296798

1465.054168

1465.054168

1608.296798

1447.653306

1117.612946

874.936127

752.387828

693.041997

673.846304

665.878146

665.468265

660.703792

656.775154

650.550924

650.035551

655.031087

673.137141

705.050598

758.790021

836.984723

951.186848

1108.823788

1330.542236

1634.356075

2058.278852

2630.730002

3383.306342

4272.010291

5176.965504

5885.781333

6258.312557

6335.877979

5588.072514

4596.993804

3582.927962

2719.519084

2074.902310

1612.862583

1292.192822

1064.693482

906.444913

793.977000

718.717018

669.170124

643.043431

633.354208

640.206800

657.221274

684.936714

715.052767

748.996843

778.120165

811.691048

849.684997

924.134748

1062.779576

1368.125569

1967.447963

2957.211622

3383.501543

2412.684373

2412.684371

3383.501537

2957.211618

1967.447962

1368.125568

1062.779576

924.134748

849.684997

811.691048

778.120165

748.996843

715.052767

684.936715

657.221274

640.206801

633.354208

643.043431

669.170125

718.717018

793.977000

906.444913

1064.693483

1292.192822

1612.862584

2074.902310

2719.519084

3582.927962

4596.993805

5588.072514

6335.877980

6211.911777

5122.726939

3967.535958

2959.388832

2203.652181

1670.896700

1309.282960

1058.801118

887.962125

768.485075

689.467324

638.251563

612.310996

605.125964

617.603293

644.887742

688.754793

742.168418

805.894910

868.638419

934.565595

996.646773

1081.446968

1209.773879

1480.569531

2041.496244

3359.087055

5795.641791

8796.316548

8724.198713

8724.198699

8796.316517

5795.641774

3359.087050

2041.496243

1480.569530

1209.773878

1081.446968

996.646773

934.565595

868.638420

805.894910

742.168418

688.754794

644.887742

617.603293

605.125964

612.310996

638.251564

689.467325

768.485076

887.962125

1058.801118

1309.282960

1670.896700

2203.652182

2959.388832

3967.535959

5122.726939

6211.911778

5845.402893

4516.458897

3336.607607

2439.657402

1810.351507

1387.888360

1099.560795

905.175964

770.345058

681.123216

622.691806

591.776543

581.505482

593.243982

623.180050

674.636634

742.659236

829.001973

921.624508

1019.302864

1105.913555

1195.099593

1292.936917

1467.162069

1801.621494

2583.192571

4273.181327

7707.512180

20472.532559

160557.567512

160557.568020

20472.532531

7707.512154

4273.181319

2583.192568

1801.621493

1467.162069

1292.936917

1195.099593

1105.913555

1019.302864

921.624508

829.001973

742.659237

674.636634

623.180050

593.243982

581.505482

591.776543

622.691806

681.123216

770.345058

905.175965

1099.560795

1387.888360

1810.351508

2439.657403

3336.607608

4516.458898

5845.402894

5228.580823

3828.925730

2762.061506

2018.229138

1522.049175

1186.223433

960.596626

804.114961

699.638429

629.670357

589.980794

572.661486

579.181754

605.915346

657.442920

730.493048

828.821302

941.197765

1063.060899

1169.701954

1259.688808

1323.448518

1402.739079

1536.722258

1851.086971

2536.965727

4065.454821

7413.835081

36435.362515

438705.940435

438705.941829

36435.362593

7413.835066

4065.454815

2536.965725

1851.086970

1536.722258

1402.739079

1323.448518

1259.688808

1169.701954

1063.060899

941.197766

828.821302

730.493048

657.442920

605.915346

579.181754

572.661486

589.980794

629.670357

699.638429

804.114961

960.596626

1186.223434

1522.049175

2018.229139

2762.061507

3828.925731

5228.580824

4434.233157

3142.403798

2266.262084

1691.346783

1306.853095

1048.598730

868.448903

746.370224

662.430747

611.768914

585.195464

584.256509

604.822248

652.416475

724.471332

826.910415

949.460504

1086.591762

1206.502379

1294.953232

1328.914414

1336.085217

1341.379445

1415.338551

1627.323215

2155.848782

3419.979834

7586.466939

47394.082022

458456.163804

458456.165613

47394.082179

7586.466936

3419.979831

2155.848781

1627.323215

1415.338550

1341.379445

1336.085217

1328.914414

1294.953233

1206.502379

1086.591763

949.460504

826.910415

724.471332

652.416475

604.822248

584.256509

585.195464

611.768914

662.430747

746.370224

868.448904

1048.598730

1306.853095

1691.346784

2266.262085

3142.403799

4434.233158

3567.799227

2521.439460

1862.455449

1435.634312

1151.926618

953.450967

816.631383

719.836310

658.395913

622.261280

613.553804

627.446234

670.549404

740.270636

844.871861

974.348476

1123.776958

1254.182616

1341.104091

1349.001085

1300.874114

1221.896786

1171.284771

1187.069061

1344.925988

1783.567629

3122.995727

7792.034922

37889.668641

287865.921628

287865.923490

37889.668833

7792.034931

3122.995727

1783.567628

1344.925988

1187.069061

1171.284770

1221.896786

1300.874114

1349.001085

1341.104091

1254.182616

1123.776959

974.348477

844.871861

740.270636

670.549404

627.446234

613.553804

622.261281

658.395914

719.836310

816.631384

953.450967

1151.926619

1435.634313

1862.455450

2521.439461

3567.799228

2758.790794

2001.965352

1538.788283

1241.567327

1037.537389

896.099830

793.662591

726.054482

683.244356

668.860401

677.827365

718.608200

788.518736

899.078935

1040.158611

1209.048271

1357.272729

1449.959383

1434.599540

1336.081765

1187.220224

1054.249787

968.005087

970.363879

1113.142090

1587.788183

3188.318738

7297.365490

21104.987957

126186.388431

126186.389749

21104.988106

7297.365510

3188.318740

1587.788183

1113.142090

970.363879

968.005087

1054.249787

1187.220225

1336.081765

1434.599541

1449.959383

1357.272730

1209.048271

1040.158612

899.078935

788.518736

718.608200

677.827366

668.860401

683.244357

726.054482

793.662591

896.099830

1037.537389

1241.567327

1538.788283

2001.965352

2758.790795

2077.840434

1587.480118

1287.006080

1091.282820

959.685236

865.097576

802.097330

760.860862

747.014665

756.146067

799.798498

875.964544

1001.379599

1166.500280

1373.941632

1562.090965

1682.153990

1650.150439

1496.116669

1266.573841

1052.643899

887.568869

800.426076

804.915907

968.813524

1552.992903

3445.978490

7126.507269

15351.486082

68978.977288

68978.978252

15351.486214

7126.507299

3445.978494

1552.992903

968.813524

804.915907

800.426076

887.568869

1052.643899

1266.573841

1496.116669

1650.150439

1682.153991

1562.090965

1373.941633

1166.500280

1001.379599

875.964545

799.798498

756.146067

747.014665

760.860862

802.097330

865.097576

959.685236

1091.282820

1287.006080

1587.480119

2077.840435

1553.625987

1267.396001

1090.325087

979.776478

906.916968

862.872660

836.955671

835.441839

855.044586

911.279865

1004.422014

1159.350456

1369.710764

1649.357538

1920.498562

2115.378448

2088.054949

1869.326839

1522.113951

1194.146249

932.506416

765.698223

684.055475

705.493251

904.467105

1646.822924

3873.971469

7722.926159

15974.201453

61336.851394

61336.852290

15974.201610

7722.926201

3873.971478

1646.822924

904.467105

705.493251

684.055474

765.698223

932.506416

1194.146249

1522.113952

1869.326840

2088.054950

2115.378449

1920.498563

1649.357538

1369.710764

1159.350456

1004.422015

911.279865

855.044586

835.441839

836.955671

862.872660

906.916968

979.776478

1090.325087

1267.396001

1553.625988

1167.040604

1023.738949

940.032080

895.565062

880.336776

883.186453

908.652772

953.893081

1037.617612

1164.262939

1370.147398

1657.712247

2061.325102

2487.116897

2845.323859

2881.108611

2607.225680

2081.283438

1563.282919

1139.874194

860.987313

693.311601

626.825576

668.313009

929.894410

1915.086269

4316.377816

9478.434849

18635.374583

63598.347190

63598.347972

18635.374771

9478.434910

4316.377828

1915.086270

929.894410

668.313009

626.825576

693.311601

860.987313

1139.874195

1563.282920

2081.283439

2607.225683

2881.108614

2845.323862

2487.116899

2061.325103

1657.712247

1370.147398

1164.262939

1037.617612

953.893081

908.652772

883.186453

880.336776

895.565062

940.032080

1023.738949

1167.040604

891.828934

840.807779

824.045613

837.166784

872.738124

933.851064

1018.065507

1144.985747

1324.343439

1606.125682

2010.803542

2605.342083

3285.438749

3934.143625

4144.250544

3897.032090

3161.297084

2348.673972

1626.891275

1142.735778

837.739197

677.740594

624.441808

704.539464

1091.610194

2428.073602

5272.499348

11224.933600

21182.093231

50999.010011

50999.010367

21182.093421

11224.933673

5272.499366

2428.073604

1091.610194

704.539464

624.441808

677.740594

837.739197

1142.735779

1626.891276

2348.673975

3161.297089

3897.032097

4144.250551

3934.143631

3285.438752

2605.342084

2010.803543

1606.125683

1324.343439

1144.985747

1018.065507

933.851064

872.738124

837.166784

824.045613

840.807780

891.828934

697.305747

704.115692

737.292555

797.041644

888.357610

1011.978935

1187.476334

1430.204579

1802.961225

2353.805637

3194.545137

4224.521647

5276.421843

5774.293073

5705.145233

4897.754556

3826.115301

2646.772760

1775.922575

1195.817137

875.517670

712.069180

684.458924

838.134244

1491.527917

3519.676116

6619.365541

13495.100762

21483.146181

38903.089371

38903.089431

21483.146317

13495.100843

6619.365563

3519.676120

1491.527916

838.134244

684.458924

712.069180

875.517671

1195.817138

1775.922577

2646.772764

3826.115310

4897.754569

5705.145247

5774.293086

5276.421852

4224.521652

3194.545140

2353.805638

1802.961225

1430.204579

1187.476334

1011.978935

888.357610

797.041644

737.292555

704.115692

697.305747

561.670476

603.549768

672.225266

776.037803

921.882503

1131.084502

1425.397526

1875.757393

2559.225916

3636.654194

5036.326129

6515.708601

7336.412203

7504.218178

6857.485479

5896.990350

4453.123374

3088.228629

1975.907582

1324.167381

956.532327

800.680946

809.386262

1106.121147

2346.110259

5072.859139

9694.224773

14931.498152

20116.876468

25964.674203

25964.674185

20116.876529

14931.498219

9694.224799

5072.859141

2346.110259

1106.121146

809.386262

800.680947

956.532328

1324.167382

1975.907585

3088.228636

4453.123387

5896.990371

6857.485504

7504.218204

7336.412224

6515.708615

5036.326136

3636.654197

2559.225917

1875.757394

1425.397526

1131.084502

921.882503

776.037803

672.225266

603.549768

561.670476

467.390280

530.374009

626.831387

768.618035

979.623272

1288.675629

1769.152216

2516.782475

3728.089725

5394.360380

7231.641481

8365.648056

8726.394857

8274.209553

7627.377025

6510.162207

5187.993552

3519.699355

2271.181480

1470.892187

1081.302692

918.219101

995.013047

1580.298042

3500.588763

6881.100428

12131.122586

17578.407640

17153.363021

16037.425269

16037.425224

17153.363021

17578.407691

12131.122603

6881.100425

3500.588761

1580.298042

995.013048

918.219101

1081.302693

1470.892189

2271.181485

3519.699365

5187.993572

6510.162236

7627.377061

8274.209590

8726.394891

8365.648083

7231.641498

5394.360388

3728.089728

2516.782476

1769.152217

1288.675629

979.623272

768.618036

626.831387

530.374009

467.390280

403.477564

479.458377

596.303737

777.145078

1054.811141

1500.199434

2214.011536

3401.524406

5138.766268

7203.899750

8668.296315

9260.804719

8974.829009

8471.428610

7723.761238

6986.285538

5612.606806

3999.417430

2481.365679

1630.621834

1176.906174

1042.937297

1205.837685

2224.150649

4895.892772

7566.325791

12716.285866

15444.724149

20378.352750

28267.937655

28267.937596

20378.352711

15444.724145

12716.285864

7566.325775

4895.892763

2224.150648

1205.837686

1042.937298

1176.906175

1630.621837

2481.365685

3999.417444

5612.606833

6986.285577

7723.761281

8471.428656

8974.829053

9260.804758

8668.296344

7203.899766

5138.766276

3401.524408

2214.011537

1500.199435

1054.811141

777.145079

596.303737

479.458377

403.477564

362.070081

446.051604

580.776368

796.006707

1153.130526

1746.312556

2765.039322

4356.163334

6456.403062

8247.089171

9211.771500

9197.289597

8779.952634

8154.573321

7678.843113

6951.575604

5917.363195

4103.378292

2612.168922

1647.348733

1224.245989

1086.944642

1372.283425

3100.813058

5642.557044

8784.123221

9589.454534

11652.406639

14286.763691

20104.697332

20104.697237

14286.763617

11652.406577

9589.454494

8784.123179

5642.557020

3100.813054

1372.283425

1086.944642

1224.245990

1647.348736

2612.168929

4103.378310

5917.363229

6951.575648

7678.843162

8154.573371

8779.952683

9197.289642

9211.771537

8247.089195

6456.403075

4356.163339

2765.039324

1746.312556

1153.130526

796.006708

580.776368

446.051604

362.070081

338.732796

428.482115

576.743793

828.278732

1258.749975

2023.809350

3300.502002

5194.598801

7172.786601

8600.205533

9052.947566

8881.338739

8354.376694

7880.448921

7375.392406

6884.932048

5668.266750

4002.870089

2403.187481

1555.578651

1114.920312

1038.715280

1378.676063

3647.884845

5875.494457

8422.769273

9441.837204

10052.829793

13410.501244

20474.023957

20474.023889

13410.501147

10052.829695

9441.837109

8422.769204

5875.494414

3647.884834

1378.676062

1038.715280

1114.920313

1555.578654

2403.187489

4002.870108

5668.266786

6884.932098

7375.392458

7880.448974

8354.376746

8881.338787

9052.947607

8600.205564

7172.786619

5194.598810

3300.502005

2023.809351

1258.749975

828.278732

576.743793

428.482115

338.732796

331.079007

424.593073

586.024559

865.804355

1372.600466

2265.609341

3747.000730

5628.364573

7397.758574

8428.027286

8750.355806

8498.493562

8074.080316

7608.796668

7242.864226

6540.324732

5319.902468

3409.983392

2064.268615

1261.146461

924.567361

831.562865

1189.786473

3853.076751

5096.059575

7951.705071

10144.677601

13494.311914

13979.058336

17111.409548

17111.409486

13979.058212

13494.311729

10144.677470

7951.704969

5096.059519

3853.076733

1189.786472

831.562865

924.567362

1261.146464

2064.268622

3409.983408

5319.902504

6540.324782

7242.864283

7608.796724

8074.080369

8498.493612

8750.355849

8428.027319

7397.758595

5628.364584

3747.000734

2265.609343

1372.600466

865.804355

586.024559

424.593073

331.079007

338.838047

435.442645

605.405786

912.153941

1464.394875

2456.379236

3953.011481

5742.480813

7204.113350

8127.629767

8407.422405

8266.649837

7899.523668

7568.336720

7106.803975

6325.136348

4571.619234

2770.449439

1536.602529

945.214667

648.260858

592.647917

811.890561

2933.716331

4541.921863

7449.634959

12472.834679

16648.352265

15401.678845

17501.762546

17501.762511

15401.678691

16648.352061

12472.834493

7449.634825

4541.921792

2933.716314

811.890560

592.647917

648.260859

945.214669

1536.602533

2770.449452

4571.619264

6325.136398

7106.804033

7568.336779

7899.523724

8266.649889

8407.422448

8127.629801

7204.113372

5742.480825

3953.011487

2456.379238

1464.394876

912.153941

605.405786

435.442645

338.838047

363.982062

460.995070

638.350911

955.594541

1538.421189

2523.597629

3980.343785

5534.440397

6872.382750

7731.935608

8156.086712

8131.394321

7919.877880

7624.824569

7220.006066

5938.894012

3859.836658

2011.758040

1088.633980

618.615518

424.551631

361.759015

493.445936

1753.845067

4351.669883

9046.140026

11345.348501

16888.490549

15973.933584

11934.834501

11934.834446

15973.933468

16888.490394

11345.348295

9046.139800

4351.669797

1753.845057

493.445936

361.759015

424.551631

618.615519

1088.633983

2011.758048

3859.836681

5938.894059

7220.006128

7624.824631

7919.877939

8131.394373

8156.086755

7731.935640

6872.382771

5534.440409

3980.343790

2523.597631

1538.421190

955.594541

638.350911

460.995070

363.982062

411.128910

505.366398

681.417291

1002.601169

1563.923512

2510.333639

3788.798931

5208.601398

6392.916638

7340.694996

7915.954452

8124.620975

8027.894404

7909.061299

7362.888797

5678.165924

3011.933755

1434.126757

703.032927

394.972524

255.982886

218.545479

270.944383

886.869215

5622.856090

8892.585920

14912.714019

13323.628267

22676.843441

16312.216049

16312.215995

22676.843404

13323.628099

14912.713700

8892.585667

5622.855943

886.869211

270.944382

218.545479

255.982886

394.972524

703.032928

1434.126761

3011.933771

5678.165968

7362.888862

7909.061366

8027.894466

8124.621028

7915.954494

7340.695026

6392.916657

5208.601409

3788.798936

2510.333641

1563.923513

1002.601169

681.417292

505.366398

411.128910

489.474866

571.213594

740.297206

1040.932942

1566.623555

2381.972075

3519.009195

4717.604458

5884.888372

6853.720635

7680.683748

8138.392022

8291.532330

8249.785044

7785.285292

5255.310701

2352.274254

973.867286

458.715390

244.854158

160.503875

130.827392

160.893163

449.862499

6414.562777

11916.639726

10905.905210

12118.733039

11301.271647

22442.584010

22442.584276

11301.271699

12118.732841

10905.904965

11916.639363

6414.562587

449.862497

160.893163

130.827392

160.503875

244.854158

458.715391

973.867288

2352.274264

5255.310739

7785.285361

8249.785115

8291.532394

8138.392075

7680.683787

6853.720662

5884.888389

4717.604467

3519.009200

2381.972077

1566.623556

1040.932943

740.297206

571.213594

489.474866

614.841420

667.432735

811.814907

1083.991266

1528.269387

2223.706995

3121.960454

4200.648624

5229.013309

6294.284700

7295.422116

8169.764044

8571.194791

8822.614561

8214.841583

5013.817421

1793.026548

686.512826

305.191041

162.168680

103.683624

86.606554

101.167785

280.285376

7677.635552

10394.238441

7019.814557

10933.401945

16322.373864

21765.366853

21765.366936

16322.374068

10933.401936

7019.814426

10394.238110

7677.635304

280.285375

101.167785

86.606554

103.683624

162.168680

305.191042

686.512828

1793.026554

5013.817454

8214.841654

8822.614637

8571.194857

8169.764096

7295.422150

6294.284722

5229.013322

4200.648631

3121.960457

2223.706997

1528.269388

1083.991266

811.814907

667.432735

614.841420

815.704715

801.437876

905.686849

1122.953468

1490.198602

2012.189579

2732.389666

3549.322243

4526.810319

5507.303151

6715.101496

8000.828722

8981.743417

9361.684007

9014.622271

4735.104429

1451.834696

509.676104

222.208304

115.782865

73.746689

60.958251

76.580882

192.385672

4484.918436

5443.360197

8946.498779

23541.339278

18858.342861

16700.957875

16700.957855

18858.342825

23541.339498

8946.498696

5443.360086

4484.918316

192.385671

76.580882

60.958251

73.746689

115.782865

222.208304

509.676105

1451.834700

4735.104457

9014.622348

9361.684087

8981.743485

8000.828769

6715.101525

5507.303167

4526.810328

3549.322248

2732.389668

2012.189580

1490.198602

1122.953468

905.686849

801.437876

815.704715

1140.434864

991.102639

1021.108162

1178.049206

1439.972287

1828.013341

2305.155903

2935.016548

3646.086724

4604.390473

5748.659098

7517.757033

9283.951733

10203.616799

9674.558883

4916.876171

1265.914014

421.292756

179.544843

92.935266

58.075414

46.870203

63.368875

245.147454

1660.723914

5674.689095

22152.520124

18252.379957

15132.767147

19251.205705

19251.205634

15132.767113

18252.379645

22152.519693

5674.688964

1660.723882

245.147453

63.368875

46.870203

58.075414

92.935266

179.544843

421.292756

1265.914017

4916.876197

9674.558962

10203.616885

9283.951800

7517.757072

5748.659118

4604.390485

3646.086730

2935.016551

2305.155905

1828.013342

1439.972287

1178.049206

1021.108162

991.102639

1140.434864

1671.330687

1253.654474

1175.187357

1243.440958

1415.449021

1647.588567

1958.594529

2314.406546

2835.381822

3498.832114

4584.296624

6362.698232

9416.648033

11147.524559

10744.577042

5407.977316

1265.718869

394.760507

165.242636

84.256310

52.330607

40.126414

48.717866

487.686083

16131.449548

24635.682412

10224.695351

10560.488970

16756.892518

22972.466482

22972.466626

16756.892536

10560.488743

10224.694998

24635.681665

16131.448988

487.686082

48.717866

40.126414

52.330607

84.256310

165.242636

394.760507

1265.718871

5407.977343

10744.577128

11147.524650

9416.648095

6362.698259

4584.296636

3498.832121

2835.381825

2314.406548

1958.594531

1647.588568

1415.449021

1243.440958

1175.187357

1253.654474

1671.330687

2530.971787

1625.484733

1372.160691

1342.490927

1402.781793

1522.551061

1656.721032

1847.786422

2090.208780

2547.816973

3258.854269

4784.676655

8474.457884

12743.644126

11609.735724

6778.145649

1476.381341

424.645844

173.674226

88.071331

53.642508

41.254209

38.426385

169.739940

150499.180283

16329.810583

6372.635982

12261.659450

18132.108976

24484.037405

24484.037467

18132.108893

12261.659299

6372.635884

16329.810333

150499.168420

169.739940

38.426385

41.254209

53.642508

88.071331

173.674226

424.645844

1476.381344

6778.145685

11609.735813

12743.644226

8474.457931

4784.676670

3258.854275

2547.816976

2090.208782

1847.786423

1656.721033

1522.551062

1402.781793

1342.490927

1372.160691

1625.484733

2530.971786

3866.629586

2142.257291

1639.373266

1470.133028

1431.011115

1427.797678

1454.012747

1485.408514

1585.193172

1769.399108

2230.739952

3115.200643

6072.863103

14160.025355

14100.293828

7788.862294

2075.180596

524.094444

206.668838

105.350144

65.317039

48.575208

48.783496

70.445571

7154.991517

21790.192061

33927.985579

14866.616090

19670.120396

22885.694923

22885.694864

19670.120464

14866.616215

33927.985456

21790.192215

7154.991438

70.445571

48.783496

48.575208

65.317039

105.350144

206.668838

524.094445

2075.180600

7788.862337

14100.293937

14160.025459

6072.863128

3115.200649

2230.739955

1769.399109

1585.193173

1485.408515

1454.012748

1427.797678

1431.011116

1470.133028

1639.373266

2142.257291

3866.629585

5743.700992

2864.589242

1984.398450

1652.677166

1487.727762

1393.134003

1311.866349

1261.781741

1235.966367

1297.321086

1476.093008

1998.484415

3339.999495

11850.287758

18488.843489

9661.521396

3143.390909

707.569394

279.132942

139.970157

92.245457

71.829465

75.819569

99.370002

148.102437

429.885940

25109.957081

42627.149730

24746.031866

25283.072757

25283.072374

24746.032103

42627.150338

25109.957654

429.885941

148.102436

99.370002

75.819569

71.829465

92.245457

139.970158

279.132942

707.569394

3143.390917

9661.521454

18488.843634

11850.287831

3339.999503

1998.484417

1476.093009

1297.321087

1235.966368

1261.781742

1311.866349

1393.134004

1487.727762

1652.677166

1984.398450

2864.589241

5743.700991

8030.646438

3812.347048

2442.900251

1887.139586

1601.238400

1400.677284

1250.417997

1121.832636

1039.642251

1001.337126

1059.385310

1265.387424

1877.195049

5105.420712

26614.239378

14371.727204

4297.600855

1054.684024

388.032198

205.303560

138.142043

127.428035

123.725807

151.724601

225.677206

158.735402

127.871142

21602.986694

62310.616678

46166.721374

46166.721549

62310.615385

21602.987220

127.871142

158.735402

225.677205

151.724601

123.725807

127.428035

138.142043

205.303560

388.032198

1054.684025

4297.600870

14371.727300

26614.239589

5105.420731

1877.195052

1265.387425

1059.385310

1001.337126

1039.642251

1121.832637

1250.417997

1400.677285

1601.238400

1887.139586

2442.900251

3812.347047

8030.646438

10340.443373

4980.136184

3011.034384

2207.262938

1766.642728

1476.767058

1246.456760

1070.159479

931.203336

847.905044

817.562671

885.224029

1125.944772

1958.307736

17075.276756

25876.055870

7602.780667

1684.266615

537.648148

297.910074

215.293708

199.053284

234.290642

231.533130

456.195681

1919.156183

2171.248374

2.073414

2054.158382

95972.333459

95972.330661

2054.158505

2.073414

2171.248359

1919.156167

456.195680

231.533129

234.290642

199.053284

215.293708

297.910074

537.648148

1684.266617

7602.780706

25876.056085

17075.276864

1958.307740

1125.944773

885.224030

817.562671

847.905044

931.203336

1070.159480

1246.456760

1476.767058

1766.642728

2207.262938

3011.034384

4980.136184

10340.443375

12323.188252

6209.599699

3705.770473

2609.197131

2019.467528

1616.474659

1319.605292

1082.132821

905.146517

774.352728

700.175342

678.518260

762.516879

982.487053

3129.860824

43902.816206

15408.333323

3286.384479

877.175389

367.974867

313.989104

287.570959

334.795225

457.427960

509.260149

1457.338128

15421.121816

3.796655

5.445126

92030.508020

92030.510179

5.445126

3.796655

15421.121699

1457.338121

509.260148

457.427959

334.795225

287.570959

313.989104

367.974867

877.175389

3286.384489

15408.333431

43902.816584

3129.860832

982.487054

762.516879

678.518260

700.175342

774.352728

905.146518

1082.132821

1319.605292

1616.474659

2019.467528

2609.197131

3705.770473

6209.599699

12323.188257

13662.839096

7351.784396

4454.147441

3123.684515

2361.220178

1853.505368

1466.768320

1172.052868

941.460367

772.797510

652.263981

585.695782

564.567911

660.734512

878.745079

16395.368287

38183.173381

10417.545548

2375.814463

617.323475

310.099966

438.248591

448.261936

634.024453

606.500657

368.459403

3.432140

0.032050

364491077.117152

102.877084

102.877084

364491077.269568

0.032050

3.432140

368.459403

606.500656

634.024452

448.261936

438.248591

310.099966

617.323475

2375.814465

10417.545607

38183.173721

16395.368365

878.745081

660.734513

564.567911

585.695782

652.263981

772.797510

941.460368

1172.052868

1466.768321

1853.505368

2361.220178

3123.684516

4454.147441

7351.784396

13662.839103

14307.227239

8183.933276

5217.357931

3716.441335

2828.397838

2195.379901

1718.804029

1342.449134

1052.866135

830.680837

667.877923

553.405123

486.576494

470.093662

512.091857

1029.511736

133499.701342

24452.082494

10432.266001

4091.322936

611.601358

337.599547

911.949071

881.587783

578.723768

91.680289

1.106471

0.017026

90428.641046

11.351664

11.351664

90428.641166

0.017026

1.106471

91.680289

578.723767

881.587783

911.949071

337.599547

611.601358

4091.322940

10432.266038

24452.082662

133499.701952

1029.511737

512.091858

470.093662

486.576494

553.405123

667.877923

830.680837

1052.866135

1342.449135

1718.804030

2195.379902

2828.397839

3716.441335

5217.357932

8183.933277

14307.227246

14175.468152

8693.069163

5878.062241

4385.722904

3405.964149

2678.805262

2091.559546

1622.817638

1250.596716

960.988051

742.182775

578.133142

468.198737

390.524414

391.598617

376.522212

1761.642919

484740.530474

24820.624020

22660.378001

12243.871651

1529.181548

641.339956

1100.070096

260.123066

41.999467

1.394251

0.136716

24793876266.349621

1271.613594

1271.613594

24793876268.824131

0.136716

1.394251

41.999467

260.123066

1100.070095

641.339956

1529.181548

12243.871646

22660.378014

24820.624095

484740.530866

1761.642921

376.522213

391.598617

390.524414

468.198737

578.133143

742.182775

960.988052

1250.596716

1622.817638

2091.559547

2678.805263

3405.964150

4385.722904

5878.062242

8693.069164

14175.468159

13456.787236

8821.606344

6432.474351

5054.917709

4099.095249

3301.535902

2619.665516

2040.346794

1563.776611

1186.247534

887.196136

666.192930

495.895496

390.676470

309.376322

301.663837

306.672279

4436.528155

239643.800320

77521.717062

252243.467307

19371.252649

7707.314923

421.931623

154.548590

40.560157

1.943740

0.112140

161304187.166237

6565.482033

6565.482036

161304187.206050

0.112140

1.943740

40.560157

154.548590

421.931623

7707.314902

19371.252512

252243.464604

77521.716786

239643.799949

4436.528159

306.672280

301.663837

309.376322

390.676470

495.895496

666.192930

887.196136

1186.247534

1563.776611

2040.346795

2619.665517

3301.535903

4099.095250

5054.917709

6432.474352

8821.606346

13456.787241

12262.152949

8710.867410

6815.003948

5708.211323

4845.368690

4062.583411

3312.210829

2626.246062

2034.140290

1535.343900

1140.666626

824.534762

596.615514

425.267239

317.740640

252.417456

221.555500

260.934317

5820.456690

47381.740547

88249.540704

46282.839715

82810.638414

21961.602294

690.645815

112.120828

5.774968

0.122529

62863721488.352165

23563969.777974

23563969.960269

62863721492.197479

0.122529

5.774968

112.120828

690.645815

21961.601987

82810.637031

46282.839467

88249.540321

47381.740604

5820.456696

260.934317

221.555500

252.417456

317.740640

425.267239

596.615514

824.534762

1140.666626

1535.343901

2034.140291

2626.246063

3312.210830

4062.583412

4845.368691

5708.211323

6815.003949

8710.867412

12262.152953

10912.030431

8378.746798

7077.405990

6268.683240

5607.611044

4904.065414

4154.695201

3400.665570

2689.743661

2067.585348

1533.663813

1108.258817

775.672918

535.168929

374.512206

260.633101

209.894420

170.408388

189.052661

1326.218813

1385668.418947

12928.427701

122558.637380

20809.647020

155901.431602

12040.109857

121276.534994

1.372650

18141193271.685440

11462491.966876

11462491.986170

18141193270.601433

1.372650

121276.538916

12040.109779

155901.430591

20809.646975

122558.636688

12928.427733

1385668.418990

1326.218814

189.052661

170.408388

209.894420

260.633101

374.512206

535.168930

775.672918

1108.258818

1533.663813

2067.585349

2689.743661

3400.665570

4154.695201

4904.065414

5607.611045

6268.683241

7077.405991

8378.746800

10912.030434

9530.969792

7976.734253

7185.580268

6737.204009

6298.688645

5762.068779

5089.307840

4333.955847

3559.765017

2814.160022

2140.876963

1564.373854

1093.829446

752.387392

495.323598

347.805767

232.828446

188.663518

147.829930

135.392932

155.083246

1718.823895

60449.856044

1547.829785

42900.839279

1607.995231

29510.701209

135.571721

13.354903

9136391482.114382

9136391479.814629

13.354903

135.571721

29510.701194

1607.995237

42900.839502

1547.829793

60449.855905

1718.823899

155.083246

135.392932

147.829930

188.663518

232.828446

347.805767

495.323598

752.387392

1093.829446

1564.373854

2140.876964

2814.160022

3559.765018

4333.955848

5089.307841

5762.068780

6298.688646

6737.204010

7185.580269

7976.734255

9530.969794

8326.762363

7503.474079

7205.285929

7058.106514

6884.243279

6541.460878

6028.474840

5362.833479

4607.162638

3801.614997

3015.424276

2264.983771

1644.779350

1116.712288

769.116570

496.157462

356.006408

244.032517

207.631475

202.623209

190.911763

100.603759

90.345523

80.606872

52.670954

169.563671

396.872474

240.662865

19.258765

0.371801

0.371801

19.258765

240.662865

396.872474

169.563671

52.670954

80.606872

90.345523

100.603759

190.911763

202.623209

207.631475

244.032517

356.006408

496.157462

769.116570

1116.712288

1644.779350

2264.983771

3015.424277

3801.614998

4607.162639

5362.833480

6028.474842

6541.460879

6884.243280

7058.106515

7205.285931

7503.474080

8326.762365

7288.735330

7060.850064

7113.293955

7259.299814

7301.806991

7186.528863

6869.654637

6389.276087

5744.682546

5003.067289

4145.468927

3312.773789

2459.101718

1792.269747

1200.880186

838.133842

550.796934

408.254004

316.029042

282.233808

269.800108

406.095533

1101.304262

425.355906

152.829597

154.737633

210.532664

31.329212

12.572995

168.428143

168.428143

12.572995

31.329212

210.532664

154.737633

152.829597

425.355906

1101.304263

406.095533

269.800108

282.233808

316.029042

408.254004

550.796934

838.133843

1200.880186

1792.269748

2459.101718

3312.773790

4145.468929

5003.067291

5744.682548

6389.276088

6869.654638

7186.528864

7301.806993

7259.299815

7113.293956

7060.850065

7288.735331

6475.093008

6621.340459

6975.265075

7318.284517

7564.470298

7637.500931

7552.845852

7287.535649

6877.699959

6257.722506

5527.901774

4586.331047

3692.045642

2720.696732

1991.880217

1339.568445

939.300868

643.238579

480.816650

384.839497

380.116513

513.815210

556.096591

578.042465

374.937098

346.945845

155.077104

194.553567

1731.042506

1019.713877

1019.713878

1731.042510

194.553567

155.077104

346.945845

374.937098

578.042466

556.096591

513.815210

380.116513

384.839497

480.816650

643.238579

939.300868

1339.568445

1991.880218

2720.696733

3692.045643

4586.331048

5527.901776

6257.722508

6877.699961

7287.535651

7552.845854

7637.500933

7564.470299

7318.284518

6975.265076

6621.340460

6475.093009

5808.614064

6244.847419

6780.315480

7288.188526

7664.451480

7908.611934

8012.266716

7999.021603

7809.761829

7472.086795

6845.857870

6090.510644

5035.858565

4046.959497

2966.394237

2145.167393

1442.337752

985.584089

671.576260

497.714808

419.796640

369.879558

386.890945

369.278671

457.879838

444.925667

702.030912

2718.314031

9028.761563

9219.247545

9219.247552

9028.761614

2718.314038

702.030913

444.925667

457.879838

369.278671

386.890945

369.879558

419.796640

497.714807

671.576260

985.584089

1442.337753

2145.167393

2966.394238

4046.959499

5035.858567

6090.510646

6845.857873

7472.086797

7809.761832

7999.021605

8012.266718

7908.611935

7664.451481

7288.188527

6780.315480

6244.847420

5808.614064

5292.460607

5897.272349

6583.355757

7182.531819

7653.119928

8002.526794

8260.080760

8418.338091

8473.972590

8326.336241

7999.622724

7315.443747

6471.255761

5304.115651

4184.583938

3021.234457

2100.875275

1371.878117

900.135452

609.320072

432.312031

348.399924

296.401612

314.902795

352.107446

575.569954

1343.942888

3830.479406

81112.640937

52525.217824

52525.217948

81112.641404

3830.479428

1343.942892

575.569954

352.107446

314.902795

296.401612

348.399924

432.312031

609.320072

900.135451

1371.878117

2100.875275

3021.234458

4184.583940

5304.115652

6471.255764

7315.443749

7999.622727

8326.336244

8473.972593

8418.338094

8260.080762

8002.526795

7653.119929

7182.531820

6583.355757

5897.272350

5292.460608

4848.713365

5611.517155

6391.156545

7049.443258

7562.288240

7956.876397

8283.233310

8544.840542

8719.373571

8772.913209

8597.846036

8200.994131

7435.756070

6464.085215

5217.550261

3975.970004

2779.274399

1841.913052

1174.558766

752.768154

513.067703

372.673165

315.914376

296.635032

354.429564

505.914272

910.585640

2917.365417

25756.608274

94073.304080

94073.303850

25756.608526

2917.365434

910.585642

505.914273

354.429564

296.635031

315.914376

372.673165

513.067703

752.768154

1174.558765

1841.913051

2779.274399

3975.970005

5217.550263

6464.085217

7435.756073

8200.994135

8597.846040

8772.913212

8719.373574

8544.840545

8283.233312

7956.876399

7562.288241

7049.443258

6391.156545

5611.517155

4848.713366

4472.414382

5364.966468

6237.071478

6926.942663

7410.279794

7787.794149

8090.305437

8367.894272

8584.792975

8721.044794

8711.129846

8480.488440

7987.248963

7166.179839

6088.205944

4813.455926

3533.410727

2408.709518

1561.189555

1009.618172

670.111234

488.282175

387.778559

364.092701

388.518157

502.447573

692.278155

967.036791

1472.117121

1630.852917

1630.852919

1472.117124

967.036792

692.278155

502.447573

388.518158

364.092701

387.778559

488.282175

670.111234

1009.618172

1561.189555

2408.709518

3533.410728

4813.455928

6088.205946

7166.179842

7987.248966

8480.488443

8711.129849

8721.044798

8584.792978

8367.894274

8090.305438

7787.794150

7410.279795

6926.942663

6237.071478

5364.966469

4472.414382

4085.420882

5184.073983

6168.946693

6804.196415

7201.964921

7455.673629

7706.823358

7932.367199

8163.368168

8332.434416

8439.258873

8385.275035

8141.403506

7597.086605

6772.953574

5651.870121

4419.218221

3191.250454

2197.546898

1461.155271

1004.619048

716.535155

570.242169

489.314032

490.389728

521.282009

635.973702

806.136814

986.774923

1124.203187

1124.203187

986.774922

806.136814

635.973702

521.282009

490.389728

489.314032

570.242169

716.535155

1004.619048

1461.155271

2197.546898

3191.250454

4419.218222

5651.870123

6772.953576

7597.086608

8141.403509

8385.275039

8439.258877

8332.434419

8163.368170

7932.367201

7706.823359

7455.673630

7201.964921

6804.196415

6168.946693

5184.073983

4085.420882

3696.371378

5111.867289

6175.023077

6666.950872

6801.887415

6962.910513

7136.024470

7366.440872

7590.152643

7839.767500

8040.743347

8211.612043

8220.128483

8068.793828

7569.557188

6813.405152

5694.985398

4520.347954

3313.056984

2377.716624

1645.935166

1194.489075

874.328548

707.780054

582.924069

546.131835

521.992898

549.294177

576.529041

607.844245

607.844245

576.529041

549.294177

521.992898

546.131835

582.924069

707.780054

874.328548

1194.489076

1645.935166

2377.716624

3313.056984

4520.347956

5694.985400

6813.405154

7569.557190

8068.793831

8220.128486

8211.612046

8040.743350

7839.767502

7590.152645

7366.440873

7136.024471

6962.910514

6801.887416

6666.950873

6175.023078

5111.867290

3696.371378

3188.720927

5246.270569

6253.616144

6141.052548

6166.024499

6277.995837

6500.928165

6756.767936

7075.783206

7419.080992

7830.151784

8242.622435

8685.383322

8991.150126

9157.945033

8867.992327

8235.945685

6992.234169

5624.633889

4071.857188

2862.787014

1868.557029

1259.786567

825.924823

595.085198

431.903694

353.150070

295.715935

273.171869

258.827487

258.827487

273.171869

295.715935

353.150070

431.903694

595.085198

825.924824

1259.786567

1868.557030

2862.787015

4071.857190

5624.633892

6992.234174

8235.945690

8867.992332

9157.945037

8991.150130

8685.383325

8242.622438

7830.151787

7419.080994

7075.783207

6756.767937

6500.928166

6277.995838

6166.024500

6141.052548

6253.616144

5246.270570

3188.720927

2866.547906

5749.843071

5204.601315

5136.055439

5283.553738

5560.059489

5889.202376

6283.702307

6741.060234

7309.401648

7997.880672

8871.998690

9906.048151

11116.292095

12263.768118

13094.829368

12898.605424

11548.710304

8965.350408

6222.534804

3771.158117

2173.333438

1178.147979

670.002475

381.853281

241.819103

158.825203

118.638192

94.452251

85.419665

85.419665

94.452251

118.638192

158.825203

241.819103

381.853281

670.002475

1178.147979

2173.333439

3771.158119

6222.534809

8965.350416

11548.710314

12898.605435

13094.829379

12263.768127

11116.292102

9906.048156

8871.998693

7997.880674

7309.401650

6741.060235

6283.702308

5889.202376

5560.059490

5283.553739

5136.055440

5204.601315

5749.843071

2866.547906

1799.055896

2885.354809

3291.079296

3912.003710

4438.675301

4961.906974

5490.509084

6083.285599

6789.971616

7676.412997

8831.050519

10359.123299

12327.987371

14709.815641

16968.328986

18237.386057

17258.981971

14219.182261

9963.529454

6091.834418

3216.314547

1539.226917

707.146942

327.405335

161.934584

84.030661

48.912601

30.772878

22.641646

19.045892

19.045892

22.641646

30.772878

48.912601

84.030661

161.934584

327.405335

707.146942

1539.226917

3216.314549

6091.834421

9963.529459

14219.182270

17258.981984

18237.386074

16968.329002

14709.815654

12327.987379

10359.123304

8831.050521

7676.412998

6789.971617

6083.285600

5490.509084

4961.906974

4438.675301

3912.003710

3291.079297

2885.354809

1799.055896

