AXIS X

0.000000 0.000500 0.001000 0.001500 0.002000 0.002500 0.003000 0.003500 0.004000 0.004500 0.005000 0.005500 0.006000 0.006500 0.007000 0.007500 0.008000 0.008500 0.009000 0.009500 0.010000 0.010500 0.011000 0.011500 0.012000 0.012500 0.013000 0.013500 0.014000 0.014500 0.015000 0.015500 0.016000 0.016500 0.017000 0.017500 0.018000 0.018500 0.019000 0.019500 0.020000 0.020500 0.021000 0.021500 0.022000 0.022500 0.023000 0.023500 0.024000 0.024500 0.025000 0.025500 0.026000 0.026500 0.027000 0.027500 0.028000 0.028500 0.029000 0.029500 

AXIS Y

0.000000 0.000500 0.001000 0.001500 0.002000 0.002500 0.003000 0.003500 0.004000 0.004500 0.005000 0.005500 0.006000 0.006500 0.007000 0.007500 0.008000 0.008500 0.009000 0.009500 0.010000 0.010500 0.011000 0.011500 0.012000 0.012500 0.013000 0.013500 0.014000 0.014500 0.015000 0.015500 0.016000 0.016500 0.017000 0.017500 0.018000 0.018500 0.019000 0.019500 0.020000 0.020500 0.021000 0.021500 0.022000 0.022500 0.023000 0.023500 0.024000 0.024500 0.025000 0.025500 0.026000 0.026500 0.027000 0.027500 0.028000 0.028500 0.029000 0.029500 



DATA
6148.561015

6148.561755

6148.870643

6149.798152

6151.757820

6154.952753

6159.343635

6164.599517

6170.245917

6175.689149

6180.491472

6184.370383

6187.474633

6190.255542

6193.657202

6198.812917

6207.155624

6220.003527

6238.673252

6264.074085

6296.854488

6337.082344

6384.260263

6437.181490

6493.412987

6550.081007

6601.945850

6645.532289

6679.047408

6690.480404

6690.480404

6679.047408

6645.532289

6601.945850

6550.081007

6493.412987

6437.181490

6384.260263

6337.082344

6296.854488

6264.074085

6238.673252

6220.003527

6207.155624

6198.812917

6193.657202

6190.255542

6187.474633

6184.370383

6180.491472

6175.689149

6170.245917

6164.599517

6159.343635

6154.952753

6151.757820

6149.798152

6148.870643

6148.561755

6148.561015

6148.588675

6148.960726

6150.217370

6152.141515

6154.537126

6157.357991

6160.483843

6163.859964

6167.457329

6171.268062

6175.339607

6179.791045

6184.807823

6190.678682

6197.725367

6206.364550

6216.953661

6229.902618

6245.442039

6263.839030

6285.078113

6309.201796

6335.818414

6364.598269

6394.541546

6424.862738

6453.307208

6480.151718

6493.484002

6484.210936

6484.210936

6493.484002

6480.151718

6453.307208

6424.862738

6394.541546

6364.598269

6335.818414

6309.201796

6285.078113

6263.839030

6245.442039

6229.902618

6216.953661

6206.364550

6197.725367

6190.678682

6184.807823

6179.791045

6175.339607

6171.268062

6167.457329

6163.859964

6160.483843

6157.357991

6154.537126

6152.141515

6150.217370

6148.960726

6148.588675

6148.806794

6150.045359

6152.107923

6154.922813

6157.886029

6160.686843

6163.203246

6165.551032

6168.011146

6170.988795

6174.867062

6179.978505

6186.490878

6194.396730

6203.489271

6213.389418

6223.644719

6233.769917

6243.450738

6252.494553

6261.049445

6269.292017

6277.631997

6286.089209

6294.762399

6302.793834

6309.869784

6312.451420

6309.182176

6305.520203

6305.520203

6309.182176

6312.451420

6309.869784

6302.793834

6294.762399

6286.089209

6277.631997

6269.292017

6261.049445

6252.494553

6243.450738

6233.769917

6223.644719

6213.389418

6203.489271

6194.396730

6186.490878

6179.978505

6174.867062

6170.988795

6168.011146

6165.551032

6163.203246

6160.686843

6157.886029

6154.922813

6152.107923

6150.045359

6148.806794

6149.585830

6151.731036

6154.404003

6157.692676

6161.080124

6164.103630

6166.629371

6168.766032

6170.888761

6173.462252

6176.988369

6181.793866

6188.008986

6195.424668

6203.565353

6211.712822

6219.104348

6225.119992

6229.461449

6232.297568

6234.116037

6235.640922

6237.270982

6239.070474

6240.153057

6239.504073

6235.305613

6227.834293

6219.019368

6212.934910

6212.934910

6219.019368

6227.834293

6235.305613

6239.504073

6240.153057

6239.070474

6237.270982

6235.640922

6234.116037

6232.297568

6229.461449

6225.119992

6219.104348

6211.712822

6203.565353

6195.424668

6188.008986

6181.793866

6176.988369

6173.462252

6170.888761

6168.766032

6166.629371

6164.103630

6161.080124

6157.692676

6154.404003

6151.731036

6149.585830

6151.016539

6153.681058

6156.923105

6160.437853

6164.088511

6167.483011

6170.390571

6172.807362

6174.890497

6176.964388

6179.343863

6182.325489

6185.992924

6190.268063

6194.820155

6199.254263

6203.198623

6206.553683

6209.582576

6212.897929

6217.282200

6223.236616

6230.718405

6238.643492

6245.315688

6248.357386

6246.600401

6239.667913

6229.949570

6219.207882

6219.207882

6229.949570

6239.667913

6246.600401

6248.357386

6245.315688

6238.643492

6230.718405

6223.236616

6217.282200

6212.897929

6209.582576

6206.553683

6203.198623

6199.254263

6194.820155

6190.268063

6185.992924

6182.325489

6179.343863

6176.964388

6174.890497

6172.807362

6170.390571

6167.483011

6164.088511

6160.437853

6156.923105

6153.681058

6151.016539

6153.227768

6155.892028

6159.414895

6163.207661

6167.090774

6170.863497

6174.193519

6176.830105

6178.657115

6179.670558

6180.037611

6179.966617

6179.765411

6179.692827

6180.071185

6181.224902

6183.639593

6187.925917

6194.819113

6204.973595

6218.669419

6235.552765

6254.335469

6273.034475

6289.022548

6300.176405

6304.693217

6302.576035

6293.946331

6280.334439

6280.334439

6293.946331

6302.576035

6304.693217

6300.176405

6289.022548

6273.034475

6254.335469

6235.552765

6218.669419

6204.973595

6194.819113

6187.925917

6183.639593

6181.224902

6180.071185

6179.692827

6179.765411

6179.966617

6180.037611

6179.670558

6178.657115

6176.830105

6174.193519

6170.863497

6167.090774

6163.207661

6159.414895

6155.892028

6153.227768

6156.026618

6158.419652

6162.089234

6166.127879

6170.281726

6174.235416

6177.590222

6179.889461

6180.789136

6180.169238

6178.124482

6175.053188

6171.534107

6168.403538

6166.607596

6167.257697

6171.456829

6180.218376

6194.185570

6213.397574

6237.069107

6263.519306

6290.428859

6315.140466

6335.442383

6349.615204

6357.148831

6357.668721

6351.503296

6338.116934

6338.116934

6351.503296

6357.668721

6357.148831

6349.615204

6335.442383

6315.140466

6290.428859

6263.519306

6237.069107

6213.397574

6194.185570

6180.218376

6171.456829

6167.257697

6166.607596

6168.403538

6171.534107

6175.053188

6178.124482

6180.169238

6180.789136

6179.889461

6177.590222

6174.235416

6170.281726

6166.127879

6162.089234

6158.419652

6156.026618

6159.261449

6161.366202

6165.169626

6169.475225

6173.705416

6177.401939

6180.014994

6181.078252

6180.337428

6177.836549

6173.979623

6169.422224

6165.122598

6162.184865

6161.901008

6165.541963

6174.263358

6188.782714

6209.153466

6234.507385

6263.060861

6292.331096

6319.632854

6342.717699

6360.158969

6371.688320

6377.605737

6378.631610

6374.646132

6364.413633

6364.413633

6374.646132

6378.631610

6377.605737

6371.688320

6360.158969

6342.717699

6319.632854

6292.331096

6263.060861

6234.507385

6209.153466

6188.782714

6174.263358

6165.541963

6161.901008

6162.184865

6165.122598

6169.422224

6173.979623

6177.836549

6180.337428

6181.078252

6180.014994

6177.401939

6173.705416

6169.475225

6165.169626

6161.366202

6159.261449

6162.787130

6164.779200

6168.807206

6173.243035

6177.186685

6179.921234

6180.922921

6179.955723

6177.207139

6173.281503

6169.025129

6165.456253

6163.568454

6164.391623

6168.838050

6177.721161

6191.508877

6210.209859

6233.126223

6258.883481

6285.499696

6310.840007

6332.986972

6350.735999

6363.700854

6372.193823

6376.901328

6378.266719

6376.074013

6368.281204

6368.281204

6376.074013

6378.266719

6376.901328

6372.193823

6363.700854

6350.735999

6332.986972

6310.840007

6285.499696

6258.883481

6233.126223

6210.209859

6191.508877

6177.721161

6168.838050

6164.391623

6163.568454

6165.456253

6169.025129

6173.281503

6177.207139

6179.955723

6180.922921

6179.921234

6177.186685

6173.243035

6168.807206

6164.779200

6162.787130

6166.600914

6168.646606

6172.844054

6177.104337

6180.172253

6181.267652

6180.059322

6176.823440

6172.428135

6168.097076

6165.142410

6164.621788

6167.329333

6173.679607

6183.872821

6197.776113

6215.009785

6234.799395

6256.134597

6277.772498

6298.622149

6317.782494

6334.862434

6349.683264

6362.254386

6372.332952

6379.438792

6382.810852

6381.387888

6373.070180

6373.070180

6381.387888

6382.810852

6379.438792

6372.332952

6362.254386

6349.683264

6334.862434

6317.782494

6298.622149

6277.772498

6256.134597

6234.799395

6215.009785

6197.776113

6183.872821

6173.679607

6167.329333

6164.621788

6165.142410

6168.097076

6172.428135

6176.823440

6180.059322

6181.267652

6180.172253

6177.104337

6172.844054

6168.646606

6166.600914

6170.782082

6172.815285

6176.859612

6180.377540

6181.982345

6181.036695

6177.655197

6172.709170

6167.645007

6164.116155

6163.483952

6166.632450

6173.802297

6184.833524

6199.139229

6215.949849

6234.217339

6252.916023

6271.065625

6288.210675

6304.335534

6320.103537

6336.185668

6353.046041

6370.107949

6385.863434

6397.966324

6404.098775

6402.486985

6391.882292

6391.882292

6402.486985

6404.098775

6397.966324

6385.863434

6370.107949

6353.046041

6336.185668

6320.103537

6304.335534

6288.210675

6271.065625

6252.916023

6234.217339

6215.949849

6199.139229

6184.833524

6173.802297

6166.632450

6163.483952

6164.116155

6167.645007

6172.709170

6177.655197

6181.036695

6181.982345

6180.377540

6176.859612

6172.815285

6170.782082

6175.434972

6176.984150

6180.226616

6182.351739

6182.093172

6179.225751

6174.366165

6168.813145

6164.238981

6162.195245

6163.786870

6169.409303

6178.966899

6191.894434

6207.483306

6224.737736

6242.668430

6260.220028

6276.854589

6292.525296

6308.146466

6324.909487

6344.085999

6365.805418

6388.885696

6410.507523

6427.134444

6435.496826

6433.560655

6420.541896

6420.541896

6433.560655

6435.496826

6427.134444

6410.507523

6388.885696

6365.805418

6344.085999

6324.909487

6308.146466

6292.525296

6276.854589

6260.220028

6242.668430

6224.737736

6207.483306

6191.894434

6178.966899

6169.409303

6163.786870

6162.195245

6164.238981

6168.813145

6174.366165

6179.225751

6182.093172

6182.351739

6180.226616

6176.984150

6175.434972

6180.486457

6180.740308

6182.380982

6182.604941

6180.491100

6176.286918

6170.962248

6165.887809

6162.459485

6161.793624

6164.441568

6170.528614

6179.792497

6191.949353

6206.513602

6222.985542

6240.532626

6258.466932

6276.177321

6293.895796

6312.294950

6332.728365

6356.003819

6382.132200

6409.385741

6434.721048

6454.370524

6464.901662

6464.174565

6450.888327

6450.888327

6464.174565

6464.901662

6454.370524

6434.721048

6409.385741

6382.132200

6356.003819

6332.728365

6312.294950

6293.895796

6276.177321

6258.466932

6240.532626

6222.985542

6206.513602

6191.949353

6179.792497

6170.528614

6164.441568

6161.793624

6162.459485

6165.887809

6170.962248

6176.286918

6180.491100

6182.604941

6182.380982

6180.740308

6180.486457

6185.606400

6183.669509

6183.092007

6181.297748

6177.751834

6172.991557

6168.021163

6163.905627

6161.544767

6161.465402

6163.901640

6168.827115

6176.318240

6186.429353

6199.335877

6214.828846

6232.540646

6251.643167

6271.642637

6292.195063

6313.889559

6337.381444

6363.508605

6392.007681

6421.550483

6449.496825

6472.438751

6487.108413

6490.351030

6479.762435

6479.762435

6490.351030

6487.108413

6472.438751

6449.496825

6421.550483

6392.007681

6363.508605

6337.381444

6313.889559

6292.195063

6271.642637

6251.643167

6232.540646

6214.828846

6199.335877

6186.429353

6176.318240

6168.827115

6163.901640

6161.465402

6161.544767

6163.905627

6168.021163

6172.991557

6177.751834

6181.297748

6183.092007

6183.669509

6185.606400

6190.117126

6185.515539

6182.608997

6179.178880

6174.865270

6170.172525

6165.814414

6162.449222

6160.526042

6160.321914

6161.921750

6165.496237

6171.269034

6179.732564

6191.198917

6205.865210

6223.281308

6242.885702

6263.786442

6285.762751

6308.801631

6333.758414

6361.159130

6391.283473

6423.169925

6454.743102

6483.095226

6504.325149

6514.396297

6507.332148

6507.332148

6514.396297

6504.325149

6483.095226

6454.743102

6423.169925

6391.283473

6361.159130

6333.758414

6308.801631

6285.762751

6263.786442

6242.885702

6223.281308

6205.865210

6191.198917

6179.732564

6171.269034

6165.496237

6161.921750

6160.321914

6160.526042

6162.449222

6165.814414

6170.172525

6174.865270

6179.178880

6182.608997

6185.515539

6190.117126

6193.215358

6186.219614

6181.584533

6177.284492

6172.867971

6168.490889

6164.512225

6161.321215

6159.329562

6158.827901

6160.042387

6163.075193

6168.204596

6175.718318

6186.069951

6199.345788

6215.475547

6233.822270

6253.954775

6275.400463

6298.599870

6324.096747

6352.928810

6385.295051

6420.603020

6456.993975

6491.314850

6519.782481

6536.691312

6535.428763

6535.428763

6536.691312

6519.782481

6491.314850

6456.993975

6420.603020

6385.295051

6352.928810

6324.096747

6298.599870

6275.400463

6253.954775

6233.822270

6215.475547

6199.345788

6186.069951

6175.718318

6168.204596

6163.075193

6160.042387

6158.827901

6159.329562

6161.321215

6164.512225

6168.490889

6172.867971

6177.284492

6181.584533

6186.219614

6193.215358

6194.167527

6185.921117

6180.729631

6176.511451

6172.454943

6168.356534

6164.369536

6161.007291

6158.911695

6158.623446

6160.271597

6163.766327

6168.908105

6175.846356

6184.856801

6196.405619

6210.569653

6227.295950

6246.161934

6267.201510

6290.613145

6317.384696

6348.155527

6383.296190

6421.802421

6461.574067

6499.678234

6532.004471

6553.685537

6555.528828

6555.528828

6553.685537

6532.004471

6499.678234

6461.574067

6421.802421

6383.296190

6348.155527

6317.384696

6290.613145

6267.201510

6246.161934

6227.295950

6210.569653

6196.405619

6184.856801

6175.846356

6168.908105

6163.766327

6160.271597

6158.623446

6158.911695

6161.007291

6164.369536

6168.356534

6172.454943

6176.511451

6180.729631

6185.921117

6194.167527

6192.674869

6184.808004

6180.500781

6177.224413

6173.814284

6169.887848

6165.784180

6162.355015

6160.603237

6161.063205

6163.646249

6167.737984

6172.902862

6179.137992

6187.096892

6197.510217

6210.919572

6227.283461

6246.356265

6267.907753

6292.357830

6320.349311

6352.746119

6389.325939

6428.949989

6469.128668

6506.886370

6539.175711

6561.384658

6565.468372

6565.468372

6561.384658

6539.175711

6506.886370

6469.128668

6428.949989

6389.325939

6352.746119

6320.349311

6292.357830

6267.907753

6246.356265

6227.283461

6210.919572

6197.510217

6187.096892

6179.137992

6172.902862

6167.737984

6163.646249

6161.063205

6160.603237

6162.355015

6165.784180

6169.887848

6173.814284

6177.224413

6180.500781

6184.808004

6192.674869

6188.944095

6183.063932

6180.881232

6179.211083

6176.629574

6172.973543

6168.986446

6165.939837

6164.888343

6166.185940

6169.306742

6173.494011

6178.332506

6184.305095

6192.428066

6203.711371

6218.535475

6236.480014

6256.871412

6279.258575

6303.996378

6332.057630

6364.225994

6400.609816

6439.564794

6478.704029

6514.882196

6545.357231

6566.488107

6570.492172

6570.492172

6566.488107

6545.357231

6514.882196

6478.704029

6439.564794

6400.609816

6364.225994

6332.057630

6303.996378

6279.258575

6256.871412

6236.480014

6218.535475

6203.711371

6192.428066

6184.305095

6178.332506

6173.494011

6169.306742

6166.185940

6164.888343

6165.939837

6168.986446

6172.973543

6176.629574

6179.211083

6180.881232

6183.063932

6188.944095

6183.691795

6180.807478

6181.513591

6181.839143

6180.336591

6177.235045

6173.784758

6171.394515

6170.973138

6172.493006

6175.380420

6179.092487

6183.886890

6190.736641

6200.850941

6214.896492

6232.424512

6252.427379

6273.588167

6295.730290

6319.463627

6346.433365

6378.033808

6414.419109

6454.449092

6494.959355

6532.944719

6564.604791

6586.175540

6588.066079

6588.066079

6586.175540

6564.604791

6532.944719

6494.959355

6454.449092

6414.419109

6378.033808

6346.433365

6319.463627

6295.730290

6273.588167

6252.427379

6232.424512

6214.896492

6200.850941

6190.736641

6183.886890

6179.092487

6175.380420

6172.493006

6170.973138

6171.394515

6173.784758

6177.235045

6180.336591

6181.839143

6181.513591

6180.807478

6183.691795

6177.857957

6178.177029

6181.922758

6184.450670

6184.304705

6182.120586

6179.390491

6177.509597

6177.095512

6178.096283

6180.208576

6183.643572

6189.220091

6198.115744

6211.092705

6227.846735

6247.338169

6267.862164

6288.792270

6310.120854

6333.688337

6361.392722

6395.105122

6435.316835

6480.401274

6527.734595

6572.508653

6610.795147

6636.230745

6641.150235

6641.150235

6636.230745

6610.795147

6572.508653

6527.734595

6480.401274

6435.316835

6395.105122

6361.392722

6333.688337

6310.120854

6288.792270

6267.862164

6247.338169

6227.846735

6211.092705

6198.115744

6189.220091

6183.643572

6180.208576

6178.096283

6177.095512

6177.509597

6179.390491

6182.120586

6184.304705

6184.450670

6181.922758

6178.177029

6177.857957

6172.363866

6175.363300

6181.836450

6186.577557

6188.047576

6186.917438

6184.717510

6182.728497

6181.655346

6181.745718

6183.377857

6187.228883

6194.263741

6205.125107

6219.703155

6237.240477

6256.382620

6276.598896

6297.640716

6321.028135

6348.167732

6381.285883

6421.494036

6469.006239

6522.664283

6578.967849

6634.022236

6681.105741

6714.141246

6720.223244

6720.223244

6714.141246

6681.105741

6634.022236

6578.967849

6522.664283

6469.006239

6421.494036

6381.285883

6348.167732

6321.028135

6297.640716

6276.598896

6256.382620

6237.240477

6219.703155

6205.125107

6194.263741

6187.228883

6183.377857

6181.745718

6181.655346

6182.728497

6184.717510

6186.917438

6188.047576

6186.577557

6181.836450

6175.363300

6172.363866

6167.877993

6172.664455

6181.258604

6188.079435

6191.179983

6190.942172

6188.713886

6185.978430

6183.905105

6183.437030

6185.301972

6190.130721

6198.168310

6209.278336

6223.037648

6238.941294

6257.202620

6278.130008

6303.044341

6332.542752

6367.804316

6409.050667

6456.883948

6511.260049

6571.360274

6635.197932

6697.985942

6754.096289

6793.971930

6805.146561

6805.146561

6793.971930

6754.096289

6697.985942

6635.197932

6571.360274

6511.260049

6456.883948

6409.050667

6367.804316

6332.542752

6303.044341

6278.130008

6257.202620

6238.941294

6223.037648

6209.278336

6198.168310

6190.130721

6185.301972

6183.437030

6183.905105

6185.978430

6188.713886

6190.942172

6191.179983

6188.079435

6181.258604

6172.664455

6167.877993

6164.766954

6170.412455

6180.459509

6188.976306

6193.428787

6193.597539

6190.785777

6186.972964

6184.183910

6183.832340

6186.513680

6191.935809

6199.486427

6208.713361

6219.888211

6234.263550

6253.314787

6278.663650

6310.476478

6348.419861

6391.084421

6437.854458

6488.822882

6545.136815

6607.523898

6675.207904

6744.248128

6807.439658

6854.470278

6870.505260

6870.505260

6854.470278

6807.439658

6744.248128

6675.207904

6607.523898

6545.136815

6488.822882

6437.854458

6391.084421

6348.419861

6310.476478

6278.663650

6253.314787

6234.263550

6219.888211

6208.713361

6199.486427

6191.935809

6186.513680

6183.832340

6184.183910

6186.972964

6190.785777

6193.597539

6193.428787

6188.976306

6180.459509

6170.412455

6164.766954

6163.127959

6168.929596

6179.734509

6189.352804

6194.516915

6194.539221

6190.835972

6186.184747

6183.290600

6183.634887

6186.913959

6191.857516

6197.373033

6203.845443

6213.293551

6228.461474

6251.716672

6283.337866

6321.885780

6364.499077

6408.835909

6454.667009

6503.806743

6559.602344

6624.867554

6698.557221

6777.137861

6850.216168

6905.661004

6917.774350

6917.774350

6905.661004

6850.216168

6777.137861

6698.557221

6624.867554

6559.602344

6503.806743

6454.667009

6408.835909

6364.499077

6321.885780

6283.337866

6251.716672

6228.461474

6213.293551

6203.845443

6197.373033

6191.857516

6186.913959

6183.634887

6183.290600

6186.184747

6190.835972

6194.539221

6194.516915

6189.352804

6179.734509

6168.929596

6163.127959

6162.914876

6168.379376

6179.307513

6189.171442

6194.269614

6193.659750

6189.212169

6184.305572

6181.940475

6182.935183

6186.065499

6189.402810

6192.589370

6197.567185

6207.902755

6226.876107

6255.332747

6291.538946

6331.784738

6372.603826

6413.495233

6456.335491

6506.647638

6569.034294

6645.567290

6735.424868

6829.097762

6918.014730

6981.753287

7002.652564

7002.652564

6981.753287

6918.014730

6829.097762

6735.424868

6645.567290

6569.034294

6506.647638

6456.335491

6413.495233

6372.603826

6331.784738

6291.538946

6255.332747

6226.876107

6207.902755

6197.567185

6192.589370

6189.402810

6186.065499

6182.935183

6181.940475

6184.305572

6189.212169

6193.659750

6194.269614

6189.171442

6179.307513

6168.379376

6162.914876

6163.974345

6168.789289

6179.153830

6188.390774

6192.609289

6191.184699

6186.378185

6181.899815

6180.228961

6181.420024

6183.477872

6185.064277

6187.071134

6192.970768

6206.616622

6229.709767

6261.039861

6296.802419

6333.518674

6370.586551

6410.230844

6459.251911

6522.522028

6604.346724

6703.697750

6812.881779

6925.759183

7024.188016

7097.407526

7105.770232

7105.770232

7097.407526

7024.188016

6925.759183

6812.881779

6703.697750

6604.346724

6522.522028

6459.251911

6410.230844

6370.586551

6333.518674

6296.802419

6261.039861

6229.709767

6206.616622

6192.970768

6187.071134

6185.064277

6183.477872

6181.420024

6180.228961

6181.899815

6186.378185

6191.184699

6192.609289

6188.390774

6179.153830

6168.789289

6163.974345

6166.133955

6169.947016

6179.164234

6186.932264

6189.768412

6187.495801

6182.833515

6179.033276

6177.880958

6178.474548

6179.260047

6179.803333

6182.588905

6191.174340

6207.998970

6232.753587

6262.303928

6294.099746

6327.686801

6366.354810

6416.995008

6484.416276

6573.338208

6680.240693

6798.601965

6920.626462

7032.540060

7132.838636

7199.416501

7210.927223

7210.927223

7199.416501

7132.838636

7032.540060

6920.626462

6798.601965

6680.240693

6573.338208

6484.416276

6416.995008

6366.354810

6327.686801

6294.099746

6262.303928

6232.753587

6207.998970

6191.174340

6182.588905

6179.803333

6179.260047

6178.474548

6177.880958

6179.033276

6182.833515

6187.495801

6189.768412

6186.932264

6179.164234

6169.947016

6166.133955

6169.090471

6171.587784

6179.098553

6184.942304

6186.114026

6183.205978

6178.804021

6175.634205

6174.290638

6174.018643

6173.727321

6174.723988

6179.460996

6190.575457

6208.331129

6230.713290

6256.320334

6285.218703

6322.145969

6373.272326

6443.984095

6537.522691

6648.322422

6769.420032

6888.320526

6995.312597

7091.558247

7170.258323

7235.916944

7252.582107

7252.582107

7235.916944

7170.258323

7091.558247

6995.312597

6888.320526

6769.420032

6648.322422

6537.522691

6443.984095

6373.272326

6322.145969

6285.218703

6256.320334

6230.713290

6208.331129

6190.575457

6179.460996

6174.723988

6173.727321

6174.018643

6174.290638

6175.634205

6178.804021

6183.205978

6186.114026

6184.942304

6179.098553

6171.587784

6169.090471

6172.506537

6173.325962

6178.870596

6182.600227

6182.267372

6178.762492

6174.599559

6171.384476

6169.524060

6168.164533

6167.937709

6170.083173

6176.929654

6188.648456

6204.252948

6222.908073

6245.501495

6277.716823

6325.018679

6393.860038

6485.238876

6594.327521

6712.693944

6825.042810

6923.134241

7004.090463

7074.280967

7151.624001

7227.733966

7257.006575

7257.006575

7227.733966

7151.624001

7074.280967

7004.090463

6923.134241

6825.042810

6712.693944

6594.327521

6485.238876

6393.860038

6325.018679

6277.716823

6245.501495

6222.908073

6204.252948

6188.648456

6176.929654

6170.083173

6167.937709

6168.164533

6169.524060

6171.384476

6174.599559

6178.762492

6182.267372

6182.600227

6178.870596

6173.325962

6172.506537

6175.899597

6174.887301

6178.389467

6180.275987

6178.653271

6174.703098

6170.258678

6166.657830

6163.800509

6162.229213

6162.453344

6166.349555

6173.655196

6183.977671

6196.197547

6211.965786

6236.731236

6275.893574

6336.373011

6417.781051

6518.591738

6629.857274

6739.361233

6837.333112

6915.338204

6984.704198

7063.767781

7174.066809

7316.433862

7446.830916

7446.830916

7316.433862

7174.066809

7063.767781

6984.704198

6915.338204

6837.333112

6739.361233

6629.857274

6518.591738

6417.781051

6336.373011

6275.893574

6236.731236

6211.965786

6196.197547

6183.977671

6173.655196

6166.349555

6162.453344

6162.229213

6163.800509

6166.657830

6170.258678

6174.703098

6178.653271

6180.275987

6178.389467

6174.887301

6175.899597

6178.830138

6176.003090

6177.727029

6178.162227

6175.690455

6171.174906

6166.267518

6161.768639

6158.554405

6157.022116

6158.690803

6163.018297

6169.770652

6177.086318

6186.873317

6203.269621

6232.208040

6279.668583

6345.573874

6431.708133

6531.730124

6642.136742

6751.319969

6847.954264

6934.351112

7020.758527

7149.988174

7344.892492

7608.667585

7817.578480

7817.578480

7608.667585

7344.892492

7149.988174

7020.758527

6934.351112

6847.954264

6751.319969

6642.136742

6531.730124

6431.708133

6345.573874

6279.668583

6232.208040

6203.269621

6186.873317

6177.086318

6169.770652

6163.018297

6158.690803

6157.022116

6158.554405

6161.768639

6166.267518

6171.174906

6175.690455

6178.162227

6177.727029

6176.003090

6178.830138

6180.887189

6176.540609

6176.892441

6176.430421

6173.403229

6168.454136

6162.804996

6157.870543

6154.524565

6154.196867

6156.465961

6160.988377

6165.267332

6170.693547

6179.705396

6198.718583

6231.761654

6280.149211

6346.325792

6429.829523

6537.724346

6662.165173

6793.481280

6912.019304

7010.626560

7126.790260

7299.053266

7602.122808

8003.721031

8389.682382

8389.682382

8003.721031

7602.122808

7299.053266

7126.790260

7010.626560

6912.019304

6793.481280

6662.165173

6537.724346

6429.829523

6346.325792

6280.149211

6231.761654

6198.718583

6179.705396

6170.693547

6165.267332

6160.988377

6156.465961

6154.196867

6154.524565

6157.870543

6162.804996

6168.454136

6173.403229

6176.430421

6176.892441

6176.540609

6180.887189

6181.811536

6176.435163

6175.924053

6175.024067

6171.785015

6166.450776

6160.451044

6155.361120

6152.972784

6153.513466

6156.589801

6159.489252

6162.399637

6166.272730

6177.243367

6197.649406

6229.877873

6273.798968

6334.909703

6427.786396

6558.002003

6723.674190

6885.380429

7008.675907

7086.077465

7156.714270

7339.878006

7680.146452

8215.645752

8717.328934

8717.328934

8215.645752

7680.146452

7339.878006

7156.714270

7086.077465

7008.675907

6885.380429

6723.674190

6558.002003

6427.786396

6334.909703

6273.798968

6229.877873

6197.649406

6177.243367

6166.272730

6162.399637

6159.489252

6156.589801

6153.513466

6152.972784

6155.361120

6160.451044

6166.450776

6171.785015

6175.024067

6175.924053

6176.435163

6181.811536

6181.545026

6175.690713

6174.826047

6173.851054

6170.613544

6165.220472

6159.218125

6154.876091

6153.540475

6155.293294

6157.771553

6159.759425

6161.056345

6166.532048

6178.103683

6198.187633

6222.761713

6258.815885

6321.821735

6435.840013

6612.808362

6817.251366

6988.966165

7051.916097

7012.967516

6979.997424

7073.101172

7454.161488

8035.947203

8518.695592

8518.695592

8035.947203

7454.161488

7073.101172

6979.997424

7012.967516

7051.916097

6988.966165

6817.251366

6612.808362

6435.840013

6321.821735

6258.815885

6222.761713

6198.187633

6178.103683

6166.532048

6161.056345

6159.759425

6157.771553

6155.293294

6153.540475

6154.876091

6159.218125

6165.220472

6170.613544

6173.851054

6174.826047

6175.690713

6181.545026

6180.139652

6174.416565

6173.584115

6172.779979

6169.735118

6164.571902

6159.239043

6156.031295

6156.144309

6158.242841

6160.218898

6160.865396

6163.110424

6169.616868

6182.452686

6195.376736

6210.828332

6238.154720

6312.987058

6462.323053

6683.084591

6911.735460

7027.027153

6964.269532

6761.716502

6591.879308

6675.842382

7075.733725

7788.964137

8428.475554

8428.475554

7788.964137

7075.733725

6675.842382

6591.879308

6761.716502

6964.269532

7027.027153

6911.735460

6683.084591

6462.323053

6312.987058

6238.154720

6210.828332

6195.376736

6182.452686

6169.616868

6163.110424

6160.865396

6160.218898

6158.242841

6156.144309

6156.031295

6159.239043

6164.571902

6169.735118

6172.779979

6173.584115

6174.416565

6180.139652

6177.868917

6172.702932

6172.221666

6171.710000

6168.990465

6164.434455

6160.196274

6158.577145

6159.805883

6161.965647

6162.949526

6163.481751

6166.941274

6175.765689

6185.121548

6190.477728

6191.252879

6218.526085

6307.477480

6495.023221

6745.800884

6954.382776

6982.462896

6768.758022

6451.505572

6264.233249

6422.190527

7071.799048

7996.565532

8412.723595

8412.723595

7996.565532

7071.799048

6422.190527

6264.233249

6451.505572

6768.758022

6982.462896

6954.382776

6745.800884

6495.023221

6307.477480

6218.526085

6191.252879

6190.477728

6185.121548

6175.765689

6166.941274

6163.481751

6162.949526

6161.965647

6159.805883

6158.577145

6160.196274

6164.434455

6168.990465

6171.710000

6172.221666

6172.702932

6177.868917

6174.971616

6170.713513

6170.749897

6170.601732

6168.344701

6164.622669

6161.878755

6161.840585

6163.939918

6165.701930

6165.754368

6166.720572

6171.985056

6181.175802

6186.397008

6178.918567

6171.492881

6194.687935

6305.872130

6513.027304

6775.711494

6944.037484

6883.967967

6593.411825

6261.974672

6172.033783

6583.061760

7608.634533

8983.212466

9776.406614

9776.406614

8983.212466

7608.634533

6583.061760

6172.033783

6261.974672

6593.411825

6883.967967

6944.037484

6775.711494

6513.027304

6305.872130

6194.687935

6171.492881

6178.918567

6186.397008

6181.175802

6171.985056

6166.720572

6165.754368

6165.701930

6163.939918

6161.840585

6161.878755

6164.622669

6168.344701

6170.601732

6170.749897

6170.713513

6174.971616

6171.793028

6168.581969

6169.233051

6169.518191

6167.743917

6165.076071

6163.818603

6165.303005

6167.870024

6168.860615

6168.310832

6169.486173

6176.510410

6184.584443

6183.398493

6166.217164

6147.722145

6175.937097

6290.455339

6514.386679

6759.288041

6903.772610

6806.582495

6522.211774

6254.944808

6312.807500

6882.401029

8289.791006

10455.033992

10763.490640

10763.490640

10455.033992

8289.791006

6882.401029

6312.807500

6254.944808

6522.211774

6806.582495

6903.772610

6759.288041

6514.386679

6290.455339

6175.937097

6147.722145

6166.217164

6183.398493

6184.584443

6176.510410

6169.486173

6168.310832

6168.860615

6167.870024

6165.303005

6163.818603

6165.076071

6167.743917

6169.518191

6169.233051

6168.581969

6171.793028

6168.554647

6166.480100

6167.830295

6168.498305

6167.270361

6165.475029

6165.692020

6168.258678

6171.030173

6171.212742

6169.690368

6171.598112

6178.596961

6185.742233

6178.121626

6152.780291

6129.694045

6152.886096

6272.125666

6477.805631

6719.072379

6843.966762

6786.366242

6554.007726

6365.001823

6408.874588

6965.991666

7806.786359

9573.317596

11622.149300

11622.149300

9573.317596

7806.786359

6965.991666

6408.874588

6365.001823

6554.007726

6786.366242

6843.966762

6719.072379

6477.805631

6272.125666

6152.886096

6129.694045

6152.780291

6178.121626

6185.742233

6178.596961

6171.598112

6169.690368

6171.212742

6171.030173

6168.258678

6165.692020

6165.475029

6167.270361

6168.498305

6167.830295

6166.480100

6168.554647

6165.472863

6164.632114

6166.653746

6167.707633

6166.721157

6165.694845

6166.826432

6170.373254

6173.029743

6172.466393

6170.312996

6171.833422

6179.558493

6184.152874

6174.086728

6143.315771

6117.008061

6136.126654

6237.593200

6426.712865

6635.186173

6788.991969

6778.946678

6641.552208

6444.877921

6380.431511

6490.897239

6909.466490

6664.958487

6635.758888

6635.758888

6664.958487

6909.466490

6490.897239

6380.431511

6444.877921

6641.552208

6778.946678

6788.991969

6635.186173

6426.712865

6237.593200

6136.126654

6117.008061

6143.315771

6174.086728

6184.152874

6179.558493

6171.833422

6170.312996

6172.466393

6173.029743

6170.373254

6166.826432

6165.694845

6166.721157

6167.707633

6166.653746

6164.632114

6165.472863

6162.754179

6163.165507

6165.871842

6167.006731

6166.081900

6165.208692

6167.130336

6171.147255

6174.154196

6172.956602

6170.285903

6171.620685

6178.651378

6183.653010

6171.300860

6142.033993

6112.105193

6123.958704

6202.596661

6351.492173

6536.554383

6689.961998

6764.845135

6691.815510

6495.109243

6241.847429

6065.079264

6108.346588

6304.455316

8525.136393

8525.136393

6304.455316

6108.346588

6065.079264

6241.847429

6495.109243

6691.815510

6764.845135

6689.961998

6536.554383

6351.492173

6202.596661

6123.958704

6112.105193

6142.033993

6171.300860

6183.653010

6178.651378

6171.620685

6170.285903

6172.956602

6174.154196

6171.147255

6167.130336

6165.208692

6166.081900

6167.006731

6165.871842

6163.165507

6162.754179

6160.559600

6162.200857

6165.308668

6166.336420

6164.968818

6164.081042

6166.209396

6171.098803

6174.399151

6173.633962

6170.272972

6171.227303

6177.992440

6182.953001

6173.782617

6145.028712

6118.384069

6117.335410

6173.591718

6276.114031

6416.237703

6559.916738

6673.521878

6698.145981

6540.284684

6209.637983

5921.232135

5899.742954

6817.211887

8228.436795

8228.436795

6817.211887

5899.742954

5921.232135

6209.637983

6540.284684

6698.145981

6673.521878

6559.916738

6416.237703

6276.114031

6173.591718

6117.335410

6118.384069

6145.028712

6173.782617

6182.953001

6177.992440

6171.227303

6170.272972

6173.633962

6174.399151

6171.098803

6166.209396

6164.081042

6164.968818

6166.336420

6165.308668

6162.200857

6160.559600

6159.152862

6161.564806

6164.766329

6165.304805

6163.438242

6162.159357

6164.615508

6170.072085

6174.693750

6174.214676

6171.168800

6170.624802

6177.210032

6183.374303

6177.368664

6155.252079

6127.488522

6125.083671

6153.835615

6223.651039

6301.133915

6400.429823

6510.433564

6608.373399

6613.118495

6364.078202

6041.629134

5971.492276

6771.061637

7787.419841

7787.419841

6771.061637

5971.492276

6041.629134

6364.078202

6613.118495

6608.373399

6510.433564

6400.429823

6301.133915

6223.651039

6153.835615

6125.083671

6127.488522

6155.252079

6177.368664

6183.374303

6177.210032

6170.624802

6171.168800

6174.214676

6174.693750

6170.072085

6164.615508

6162.159357

6163.438242

6165.304805

6164.766329

6161.564806

6159.152862

6158.541601

6161.092798

6163.813796

6163.825669

6161.465757

6159.964090

6162.408918

6168.681507

6174.291478

6175.295514

6171.552954

6170.374901

6175.066946

6183.534743

6182.483910

6165.847994

6144.266067

6135.432601

6161.031405

6196.407613

6233.718440

6248.040400

6292.532248

6416.865912

6561.209030

6680.680609

6313.408264

6158.098129

6470.862550

7371.891037

7371.891037

6470.862550

6158.098129

6313.408264

6680.680609

6561.209030

6416.865912

6292.532248

6248.040400

6233.718440

6196.407613

6161.031405

6135.432601

6144.266067

6165.847994

6182.483910

6183.534743

6175.066946

6170.374901

6171.552954

6175.295514

6174.291478

6168.681507

6162.408918

6159.964090

6161.465757

6163.825669

6163.813796

6161.092798

6158.541601

6158.710900

6160.474962

6162.342665

6161.884975

6159.457788

6157.821068

6160.075759

6166.503046

6173.320384

6175.268365

6172.093964

6168.458003

6172.527973

6181.656401

6187.391405

6178.101730

6159.445772

6154.209625

6173.891759

6213.281299

6217.189335

6167.421907

6101.011981

6110.743506

6362.728762

6644.008768

6968.208711

6293.776419

6311.463190

6902.048293

6902.048293

6311.463190

6293.776419

6968.208711

6644.008768

6362.728762

6110.743506

6101.011981

6167.421907

6217.189335

6213.281299

6173.891759

6154.209625

6159.445772

6178.101730

6187.391405

6181.656401

6172.527973

6168.458003

6172.093964

6175.268365

6173.320384

6166.503046

6160.075759

6157.821068

6159.457788

6161.884975

6162.342665

6160.474962

6158.710900

6159.188945

6159.644516

6160.430888

6159.851714

6157.795381

6156.125746

6157.760659

6163.665388

6171.057912

6174.571301

6171.521210

6166.788198

6167.884728

6179.096541

6190.352088

6189.620605

6175.003664

6166.108128

6190.170447

6237.899751

6259.908052

6189.084996

6016.679197

5899.607323

5927.874263

6375.251627

6795.223272

7313.488398

6200.961609

6485.519352

6485.519352

6200.961609

7313.488398

6795.223272

6375.251627

5927.874263

5899.607323

6016.679197

6189.084996

6259.908052

6237.899751

6190.170447

6166.108128

6175.003664

6189.620605

6190.352088

6179.096541

6167.884728

6166.788198

6171.521210

6174.571301

6171.057912

6163.665388

6157.760659

6156.125746

6157.795381

6159.851714

6160.430888

6159.644516

6159.188945

6159.551527

6158.590020

6158.504702

6158.132157

6156.749317

6155.146286

6155.667649

6160.527109

6168.055197

6173.220409

6171.423068

6165.077732

6163.618879

6173.912931

6191.139070

6198.893871

6187.264473

6173.045500

6187.840686

6249.537184

6315.414772

6289.155472

6131.385368

5861.308996

5740.500802

5787.374509

6305.302566

6708.230203

7361.256603

6605.990317

6605.990317

7361.256603

6708.230203

6305.302566

5787.374509

5740.500802

5861.308997

6131.385368

6289.155472

6315.414772

6249.537184

6187.840686

6173.045500

6187.264473

6198.893871

6191.139070

6173.912931

6163.618879

6165.077732

6171.423068

6173.220409

6168.055197

6160.527109

6155.667649

6155.146286

6156.749317

6158.132157

6158.504702

6158.590020

6159.551527

6159.223429

6157.472052

6156.941960

6156.994536

6156.400821

6154.827401

6154.375448

6157.780397

6165.398784

6172.166555

6172.220770

6164.920217

6159.619997

6166.884017

6187.300948

6203.074062

6198.149658

6174.443637

6172.576262

6226.003260

6328.830769

6405.225065

6336.804567

6135.011303

5838.312039

5716.682692

5703.410764

5983.759002

6048.162039

5717.915204

5717.915204

6048.162039

5983.759002

5703.410764

5716.682692

5838.312039

6135.011303

6336.804567

6405.225065

6328.830769

6226.003260

6172.576262

6174.443637

6198.149658

6203.074062

6187.300948

6166.884017

6159.619997

6164.920217

6172.220770

6172.166555

6165.398784

6157.780397

6154.375448

6154.827401

6156.400821

6156.994536

6156.941960

6157.472052

6159.223429

6158.028197

6156.383436

6155.930624

6156.411354

6156.452132

6155.212224

6154.123804

6156.584228

6163.737669

6171.929457

6173.621070

6166.231727

6156.480915

6158.780955

6177.356931

6201.692354

6204.272715

6181.878323

6154.954144

6181.217883

6280.653581

6422.035837

6513.489751

6452.979450

6281.940170

6044.790704

5922.563622

5863.327436

5805.716100

6152.012922

6152.012922

5805.716100

5863.327436

5922.563622

6044.790704

6281.940170

6452.979450

6513.489751

6422.035837

6280.653581

6181.217883

6154.954144

6181.878323

6204.272715

6201.692354

6177.356931

6158.780955

6156.480915

6166.231727

6173.621070

6171.929457

6163.737669

6156.584228

6154.123804

6155.212224

6156.452132

6156.411354

6155.930624

6156.383436

6158.028197

6156.020519

6155.335173

6155.343298

6156.061197

6156.572838

6155.957184

6155.190296

6157.054505

6163.453626

6171.558892

6174.617660

6167.569799

6155.430119

6150.771799

6165.595547

6191.246520

6208.616355

6191.761226

6158.418995

6141.683803

6199.380867

6329.747572

6490.928229

6600.527218

6596.309495

6520.132268

6412.462033

6362.976196

6368.517056

6373.525269

6373.525269

6368.517056

6362.976196

6412.462033

6520.132268

6596.309495

6600.527218

6490.928229

6329.747572

6199.380867

6141.683803

6158.418995

6191.761226

6208.616355

6191.246520

6165.595547

6150.771799

6155.430119

6167.569799

6174.617660

6171.558892

6163.453626

6157.054505

6155.190296

6155.957184

6156.572838

6156.061197

6155.343298

6155.335173

6156.020519

6153.585900

6154.287544

6154.849286

6155.595333

6156.374241

6156.733502

6157.003372

6158.817445

6163.733649

6170.313632

6173.556925

6168.398392

6156.295072

6147.921447

6154.481449

6179.016460

6202.242332

6205.888280

6174.822564

6140.988027

6135.576118

6201.186714

6322.184552

6460.165451

6564.728491

6590.043257

6580.000808

6473.425721

6385.194728

6297.590411

6297.590411

6385.194728

6473.425721

6580.000808

6590.043257

6564.728491

6460.165451

6322.184552

6201.186714

6135.576118

6140.988027

6174.822564

6205.888280

6202.242332

6179.016460

6154.481449

6147.921447

6156.295072

6168.398392

6173.556925

6170.313632

6163.733649

6158.817445

6157.003372

6156.733502

6156.374241

6155.595333

6154.849286

6154.287544

6153.585900

6151.230558

6153.129636

6154.174678

6154.787421

6155.692918

6157.055211

6158.658966

6160.777420

6163.922553

6168.086953

6170.621728

6168.277814

6159.874581

6150.993509

6151.420611

6166.300079

6191.241423

6205.705102

6198.409072

6163.879188

6132.213652

6124.671706

6162.959141

6235.709143

6302.912595

6354.106753

6311.401038

6248.792009

6125.935632

6061.478686

6061.478686

6125.935632

6248.792009

6311.401038

6354.106753

6302.912595

6235.709143

6162.959141

6124.671706

6132.213652

6163.879188

6198.409072

6205.705102

6191.241423

6166.300079

6151.420611

6150.993509

6159.874581

6168.277814

6170.621728

6168.086953

6163.922553

6160.777420

6158.658966

6157.055211

6155.692918

6154.787421

6154.174678

6153.129636

6151.230558

6149.334983

6151.892161

6153.157411

6153.678505

6154.595677

6156.559625

6159.269986

6161.816702

6164.009862

6165.923567

6167.785667

6167.728035

6164.628781

6158.764977

6155.538682

6160.937301

6176.218306

6195.337907

6203.062107

6193.107248

6164.108903

6134.125622

6117.993562

6118.138078

6138.006582

6130.108982

6116.829574

6046.308694

5988.523565

5937.223179

5937.223179

5988.523565

6046.308694

6116.829574

6130.108982

6138.006582

6118.138078

6117.993562

6134.125622

6164.108903

6193.107248

6203.062107

6195.337907

6176.218306

6160.937301

6155.538682

6158.764977

6164.628781

6167.728035

6167.785667

6165.923567

6164.009862

6161.816702

6159.269986

6156.559625

6154.595677

6153.678505

6153.157411

6151.892161

6149.334983

6148.179471

6150.586989

6151.874367

6152.468945

6153.334677

6155.289102

6158.271521

6161.489486

6163.915370

6165.587670

6166.704350

6167.784027

6167.494352

6165.723074

6162.779579

6162.739004

6168.579174

6180.502509

6193.819555

6199.808125

6194.779594

6179.595730

6160.664344

6149.695386

6137.198325

6135.372577

6112.075005

6092.350725

6058.058072

6040.787450

6040.787450

6058.058072

6092.350725

6112.075005

6135.372577

6137.198325

6149.695386

6160.664344

6179.595730

6194.779594

6199.808125

6193.819555

6180.502509

6168.579174

6162.739004

6162.779579

6165.723074

6167.494352

6167.784027

6166.704350

6165.587670

6163.915370

6161.489486

6158.271521

6155.289102

6153.334677

6152.468945

6151.874367

6150.586989

6148.179471

6147.725020

6149.365360

6150.507235

6151.394521

6152.281002

6153.560256

6155.919913

6159.494246

6163.556928

6166.698152

6168.170065

6167.845520

6167.056280

6166.411281

6167.200822

6168.975499

6172.582950

6177.624126

6183.993545

6191.079841

6197.255761

6203.016411

6209.227610

6215.687553

6226.553885

6233.495962

6242.675994

6243.293057

6243.894900

6241.794003

6241.794003

6243.894900

6243.293057

6242.675994

6233.495962

6226.553885

6215.687553

6209.227610

6203.016411

6197.255761

6191.079841

6183.993545

6177.624126

6172.582950

6168.975499

6167.200822

6166.411281

6167.056280

6167.845520

6168.170065

6166.698152

6163.556928

6159.494246

6155.919913

6153.560256

6152.281002

6151.394521

6150.507235

6149.365360

6147.725020

6147.908629

6148.480154

6149.212090

6150.699260

6151.610582

6151.840634

6152.849524

6156.179869

6161.771103

6167.342529

6169.727691

6167.800474

6163.696910

6162.182329

6166.172152

6175.363623

6184.863552

6190.055395

6189.658292

6186.294106

6187.494739

6196.060498

6216.309255

6242.761570

6274.324345

6303.821649

6331.221214

6351.736688

6367.370929

6374.587419

6374.587419

6367.370929

6351.736688

6331.221214

6303.821649

6274.324345

6242.761570

6216.309255

6196.060498

6187.494739

6186.294106

6189.658292

6190.055395

6184.863552

6175.363623

6166.172152

6162.182329

6163.696910

6167.800474

6169.727691

6167.342529

6161.771103

6156.179869

6152.849524

6151.840634

6151.610582

6150.699260

6149.212090

6148.480154

6147.908629

6148.535467

6147.688104

6148.570121

6150.270332

6150.916894

6150.416151

6150.132596

6152.343797

6157.893162

6164.603068

6168.373202

6166.714100

6161.731873

6159.225460

6164.809939

6178.600474

6194.821449

6205.514881

6205.477149

6199.161224

6192.152140

6197.297963

6212.957794

6244.501559

6278.009836

6316.991624

6347.391124

6376.519871

6393.962212

6405.008638

6405.008638

6393.962212

6376.519871

6347.391124

6316.991624

6278.009836

6244.501559

6212.957794

6197.297963

6192.152140

6199.161224

6205.477149

6205.514881

6194.821449

6178.600474

6164.809939

6159.225460

6161.731873

6166.714100

6168.373202

6164.603068

6157.893162

6152.343797

6150.132596

6150.416151

6150.916894

6150.270332

6148.570121

6147.688104

6148.535467

6149.211549

6147.628324

6148.488978

6149.345841

6149.846227

6149.519674

6148.953910

6149.667220

6152.809873

6157.774316

6162.339915

6164.521629

6164.427470

6164.984214

6169.464078

6179.276066

6192.349722

6204.030765

6212.530964

6216.063728

6222.234590

6230.206439

6250.199679

6272.602349

6305.984127

6334.806262

6368.842841

6392.961192

6415.206331

6424.973901

6424.973901

6415.206331

6392.961192

6368.842841

6334.806262

6305.984127

6272.602349

6250.199679

6230.206439

6222.234590

6216.063728

6212.530964

6204.030765

6192.349722

6179.276066

6169.464078

6164.984214

6164.427470

6164.521629

6162.339915

6157.774316

6152.809873

6149.667220

6148.953910

6149.519674

6149.846227

6149.345841

6148.488978

6147.628324

6149.211549

6150.815734

6149.452784

6148.955998

6148.613052

6148.751473

6149.524867

6150.118227

6149.911430

6149.277368

6149.843722

6153.881184

6161.728641

6171.604817

6179.101635

6181.450189

6178.927148

6176.079469

6180.206396

6194.197608

6221.044963

6252.345090

6288.300960

6317.953721

6349.196284

6375.042897

6407.007817

6436.162972

6467.974356

6490.960460

6505.219523

6505.219523

6490.960460

6467.974356

6436.162972

6407.007817

6375.042897

6349.196284

6317.953721

6288.300960

6252.345090

6221.044963

6194.197608

6180.206396

6176.079469

6178.927148

6181.450189

6179.101635

6171.604817

6161.728641

6153.881184

6149.843722

6149.277368

6149.911430

6150.118227

6149.524867

6148.751473

6148.613052

6148.955998

6149.452784

6150.815734

