AXIS X

0.000000 0.000500 0.001000 0.001500 0.002000 0.002500 0.003000 0.003500 0.004000 0.004500 0.005000 0.005500 0.006000 0.006500 0.007000 0.007500 0.008000 0.008500 0.009000 0.009500 0.010000 0.010500 0.011000 0.011500 0.012000 0.012500 0.013000 0.013500 0.014000 0.014500 0.015000 0.015500 0.016000 0.016500 0.017000 0.017500 0.018000 0.018500 0.019000 0.019500 0.020000 0.020500 0.021000 0.021500 0.022000 0.022500 0.023000 0.023500 0.024000 0.024500 0.025000 0.025500 0.026000 0.026500 0.027000 0.027500 0.028000 0.028500 0.029000 0.029500 

AXIS Y

0.000000 0.000500 0.001000 0.001500 0.002000 0.002500 0.003000 0.003500 0.004000 0.004500 0.005000 0.005500 0.006000 0.006500 0.007000 0.007500 0.008000 0.008500 0.009000 0.009500 0.010000 0.010500 0.011000 0.011500 0.012000 0.012500 0.013000 0.013500 0.014000 0.014500 0.015000 0.015500 0.016000 0.016500 0.017000 0.017500 0.018000 0.018500 0.019000 0.019500 0.020000 0.020500 0.021000 0.021500 0.022000 0.022500 0.023000 0.023500 0.024000 0.024500 0.025000 0.025500 0.026000 0.026500 0.027000 0.027500 0.028000 0.028500 0.029000 0.029500 



DATA
26389.375600

26389.376753

26389.376974

26389.377277

26389.377404

26389.377541

26389.377655

26389.377820

26389.378005

26389.378250

26389.378532

26389.378880

26389.379281

26389.379759

26389.380316

26389.380969

26389.381731

26389.382603

26389.383608

26389.384715

26389.385954

26389.387240

26389.388606

26389.389894

26389.391147

26389.392104

26389.392857

26389.392946

26389.392823

26389.390881

26389.390881

26389.392823

26389.392946

26389.392857

26389.392104

26389.391147

26389.389894

26389.388606

26389.387240

26389.385954

26389.384715

26389.383608

26389.382603

26389.381731

26389.380969

26389.380316

26389.379759

26389.379281

26389.378880

26389.378532

26389.378250

26389.378005

26389.377820

26389.377655

26389.377541

26389.377404

26389.377277

26389.376974

26389.376753

26389.375600

26389.376665

26389.377781

26389.377551

26389.377615

26389.377692

26389.377758

26389.377842

26389.377908

26389.378022

26389.378135

26389.378316

26389.378510

26389.378786

26389.379090

26389.379492

26389.379942

26389.380504

26389.381139

26389.381891

26389.382732

26389.383677

26389.384710

26389.385800

26389.386949

26389.388075

26389.389212

26389.390249

26389.391281

26389.392223

26389.390910

26389.390910

26389.392223

26389.391281

26389.390249

26389.389212

26389.388075

26389.386949

26389.385800

26389.384710

26389.383677

26389.382732

26389.381891

26389.381139

26389.380504

26389.379942

26389.379492

26389.379090

26389.378786

26389.378510

26389.378316

26389.378135

26389.378022

26389.377908

26389.377842

26389.377758

26389.377692

26389.377615

26389.377551

26389.377781

26389.376665

26389.376681

26389.377598

26389.377785

26389.377817

26389.377918

26389.378021

26389.378081

26389.378151

26389.378180

26389.378255

26389.378305

26389.378429

26389.378540

26389.378741

26389.378939

26389.379239

26389.379550

26389.379971

26389.380420

26389.380982

26389.381592

26389.382310

26389.383098

26389.383978

26389.384950

26389.385993

26389.387106

26389.388186

26389.388545

26389.386855

26389.386855

26389.388545

26389.388186

26389.387106

26389.385993

26389.384950

26389.383978

26389.383098

26389.382310

26389.381592

26389.380982

26389.380420

26389.379971

26389.379550

26389.379239

26389.378939

26389.378741

26389.378540

26389.378429

26389.378305

26389.378255

26389.378180

26389.378151

26389.378081

26389.378021

26389.377918

26389.377817

26389.377785

26389.377598

26389.376681

26389.376892

26389.377539

26389.377773

26389.377887

26389.378031

26389.378158

26389.378281

26389.378328

26389.378391

26389.378390

26389.378445

26389.378450

26389.378539

26389.378584

26389.378727

26389.378828

26389.379033

26389.379205

26389.379485

26389.379752

26389.380131

26389.380538

26389.381068

26389.381683

26389.382429

26389.383292

26389.384206

26389.384967

26389.385071

26389.384433

26389.384433

26389.385071

26389.384967

26389.384206

26389.383292

26389.382429

26389.381683

26389.381068

26389.380538

26389.380131

26389.379752

26389.379485

26389.379205

26389.379033

26389.378828

26389.378727

26389.378584

26389.378539

26389.378450

26389.378445

26389.378390

26389.378391

26389.378328

26389.378281

26389.378158

26389.378031

26389.377887

26389.377773

26389.377539

26389.376892

26389.376931

26389.377556

26389.377770

26389.377900

26389.378030

26389.378206

26389.378321

26389.378442

26389.378469

26389.378531

26389.378511

26389.378566

26389.378545

26389.378623

26389.378623

26389.378730

26389.378755

26389.378887

26389.378946

26389.379113

26389.379239

26389.379485

26389.379756

26389.380163

26389.380670

26389.381288

26389.381964

26389.382465

26389.382646

26389.381883

26389.381883

26389.382646

26389.382465

26389.381964

26389.381288

26389.380670

26389.380163

26389.379756

26389.379485

26389.379239

26389.379113

26389.378946

26389.378887

26389.378755

26389.378730

26389.378623

26389.378623

26389.378545

26389.378566

26389.378511

26389.378531

26389.378469

26389.378442

26389.378321

26389.378206

26389.378030

26389.377900

26389.377770

26389.377556

26389.376931

26389.377028

26389.377579

26389.377814

26389.377892

26389.378019

26389.378138

26389.378305

26389.378386

26389.378497

26389.378503

26389.378574

26389.378546

26389.378617

26389.378587

26389.378672

26389.378646

26389.378735

26389.378707

26389.378790

26389.378768

26389.378859

26389.378893

26389.379049

26389.379234

26389.379539

26389.379937

26389.380352

26389.380770

26389.380919

26389.381073

26389.381073

26389.380919

26389.380770

26389.380352

26389.379937

26389.379539

26389.379234

26389.379049

26389.378893

26389.378859

26389.378768

26389.378790

26389.378707

26389.378735

26389.378646

26389.378672

26389.378587

26389.378617

26389.378546

26389.378574

26389.378503

26389.378497

26389.378386

26389.378305

26389.378138

26389.378019

26389.377892

26389.377814

26389.377579

26389.377028

26389.377069

26389.377660

26389.377845

26389.377926

26389.377960

26389.378083

26389.378167

26389.378311

26389.378352

26389.378458

26389.378447

26389.378536

26389.378507

26389.378605

26389.378573

26389.378677

26389.378633

26389.378721

26389.378655

26389.378710

26389.378633

26389.378671

26389.378643

26389.378726

26389.378836

26389.379024

26389.379298

26389.379544

26389.379877

26389.379930

26389.379930

26389.379877

26389.379544

26389.379298

26389.379024

26389.378836

26389.378726

26389.378643

26389.378671

26389.378633

26389.378710

26389.378655

26389.378721

26389.378633

26389.378677

26389.378573

26389.378605

26389.378507

26389.378536

26389.378447

26389.378458

26389.378352

26389.378311

26389.378167

26389.378083

26389.377960

26389.377926

26389.377845

26389.377660

26389.377069

26389.377167

26389.377707

26389.377922

26389.377919

26389.377950

26389.377956

26389.378066

26389.378105

26389.378227

26389.378231

26389.378339

26389.378316

26389.378429

26389.378400

26389.378529

26389.378495

26389.378621

26389.378564

26389.378655

26389.378559

26389.378595

26389.378475

26389.378471

26389.378389

26389.378401

26389.378441

26389.378538

26389.378773

26389.379043

26389.379734

26389.379734

26389.379043

26389.378773

26389.378538

26389.378441

26389.378401

26389.378389

26389.378471

26389.378475

26389.378595

26389.378559

26389.378655

26389.378564

26389.378621

26389.378495

26389.378529

26389.378400

26389.378429

26389.378316

26389.378339

26389.378231

26389.378227

26389.378105

26389.378066

26389.377956

26389.377950

26389.377919

26389.377922

26389.377707

26389.377167

26389.377223

26389.377805

26389.377947

26389.377960

26389.377874

26389.377892

26389.377869

26389.377964

26389.377957

26389.378066

26389.378038

26389.378155

26389.378118

26389.378258

26389.378225

26389.378382

26389.378340

26389.378486

26389.378411

26389.378506

26389.378381

26389.378402

26389.378246

26389.378206

26389.378084

26389.378050

26389.378074

26389.378193

26389.378572

26389.379029

26389.379029

26389.378572

26389.378193

26389.378074

26389.378050

26389.378084

26389.378206

26389.378246

26389.378402

26389.378381

26389.378506

26389.378411

26389.378486

26389.378340

26389.378382

26389.378225

26389.378258

26389.378118

26389.378155

26389.378038

26389.378066

26389.377957

26389.377964

26389.377869

26389.377892

26389.377874

26389.377960

26389.377947

26389.377805

26389.377223

26389.377334

26389.377848

26389.378019

26389.377928

26389.377862

26389.377741

26389.377760

26389.377705

26389.377786

26389.377737

26389.377839

26389.377781

26389.377911

26389.377857

26389.378021

26389.377973

26389.378155

26389.378094

26389.378256

26389.378156

26389.378257

26389.378106

26389.378122

26389.377945

26389.377899

26389.377779

26389.377779

26389.377891

26389.378183

26389.378953

26389.378953

26389.378183

26389.377891

26389.377779

26389.377779

26389.377899

26389.377945

26389.378122

26389.378106

26389.378257

26389.378156

26389.378256

26389.378094

26389.378155

26389.377973

26389.378021

26389.377857

26389.377911

26389.377781

26389.377839

26389.377737

26389.377786

26389.377705

26389.377760

26389.377741

26389.377862

26389.377928

26389.378019

26389.377848

26389.377334

26389.377394

26389.377942

26389.378015

26389.377953

26389.377755

26389.377678

26389.377540

26389.377563

26389.377472

26389.377545

26389.377454

26389.377556

26389.377467

26389.377609

26389.377530

26389.377713

26389.377639

26389.377840

26389.377750

26389.377929

26389.377804

26389.377922

26389.377759

26389.377802

26389.377643

26389.377657

26389.377613

26389.377752

26389.378035

26389.378432

26389.378432

26389.378035

26389.377752

26389.377613

26389.377657

26389.377643

26389.377802

26389.377759

26389.377922

26389.377804

26389.377929

26389.377750

26389.377840

26389.377639

26389.377713

26389.377530

26389.377609

26389.377467

26389.377556

26389.377454

26389.377545

26389.377472

26389.377563

26389.377540

26389.377678

26389.377755

26389.377953

26389.378015

26389.377942

26389.377394

26389.377503

26389.377965

26389.378067

26389.377881

26389.377731

26389.377500

26389.377440

26389.377285

26389.377312

26389.377180

26389.377249

26389.377116

26389.377223

26389.377096

26389.377251

26389.377135

26389.377334

26389.377221

26389.377440

26389.377317

26389.377523

26389.377383

26389.377549

26389.377410

26389.377541

26389.377462

26389.377624

26389.377714

26389.378031

26389.378560

26389.378560

26389.378031

26389.377714

26389.377624

26389.377462

26389.377541

26389.377410

26389.377549

26389.377383

26389.377523

26389.377317

26389.377440

26389.377221

26389.377334

26389.377135

26389.377251

26389.377096

26389.377223

26389.377116

26389.377249

26389.377180

26389.377312

26389.377285

26389.377440

26389.377500

26389.377731

26389.377881

26389.378067

26389.377965

26389.377503

26389.377550

26389.378039

26389.378024

26389.377884

26389.377588

26389.377436

26389.377201

26389.377165

26389.376985

26389.377015

26389.376841

26389.376910

26389.376732

26389.376846

26389.376672

26389.376839

26389.376673

26389.376886

26389.376726

26389.376972

26389.376820

26389.377081

26389.376956

26389.377227

26389.377169

26389.377469

26389.377531

26389.377898

26389.378104

26389.378283

26389.378283

26389.378104

26389.377898

26389.377531

26389.377469

26389.377169

26389.377227

26389.376956

26389.377081

26389.376820

26389.376972

26389.376726

26389.376886

26389.376673

26389.376839

26389.376672

26389.376846

26389.376732

26389.376910

26389.376841

26389.377015

26389.376985

26389.377165

26389.377201

26389.377436

26389.377588

26389.377884

26389.378024

26389.378039

26389.377550

26389.377641

26389.378026

26389.378048

26389.377769

26389.377549

26389.377230

26389.377115

26389.376875

26389.376861

26389.376648

26389.376684

26389.376463

26389.376538

26389.376308

26389.376431

26389.376198

26389.376375

26389.376146

26389.376380

26389.376169

26389.376465

26389.376306

26389.376675

26389.376619

26389.377077

26389.377171

26389.377717

26389.377937

26389.378457

26389.378847

26389.378847

26389.378457

26389.377937

26389.377717

26389.377171

26389.377077

26389.376619

26389.376675

26389.376306

26389.376465

26389.376169

26389.376380

26389.376146

26389.376375

26389.376198

26389.376431

26389.376308

26389.376538

26389.376463

26389.376684

26389.376648

26389.376861

26389.376875

26389.377115

26389.377230

26389.377549

26389.377769

26389.378048

26389.378026

26389.377641

26389.377656

26389.378068

26389.377959

26389.377748

26389.377369

26389.377168

26389.376857

26389.376786

26389.376533

26389.376538

26389.376286

26389.376332

26389.376060

26389.376144

26389.375852

26389.375982

26389.375675

26389.375864

26389.375562

26389.375833

26389.375584

26389.375976

26389.375861

26389.376420

26389.376520

26389.377262

26389.377576

26389.378395

26389.378718

26389.378869

26389.378869

26389.378718

26389.378395

26389.377576

26389.377262

26389.376520

26389.376420

26389.375861

26389.375976

26389.375584

26389.375833

26389.375562

26389.375864

26389.375675

26389.375982

26389.375852

26389.376144

26389.376060

26389.376332

26389.376286

26389.376538

26389.376533

26389.376786

26389.376857

26389.377168

26389.377369

26389.377748

26389.377959

26389.378068

26389.377656

26389.377714

26389.378006

26389.377950

26389.377589

26389.377321

26389.376935

26389.376791

26389.376489

26389.376459

26389.376183

26389.376208

26389.375912

26389.375972

26389.375640

26389.375733

26389.375362

26389.375498

26389.375100

26389.375309

26389.374935

26389.375280

26389.375038

26389.375610

26389.375640

26389.376513

26389.376890

26389.378008

26389.378564

26389.379539

26389.380149

26389.380149

26389.379539

26389.378564

26389.378008

26389.376890

26389.376513

26389.375640

26389.375610

26389.375038

26389.375280

26389.374935

26389.375309

26389.375100

26389.375498

26389.375362

26389.375733

26389.375640

26389.375972

26389.375912

26389.376208

26389.376183

26389.376459

26389.376489

26389.376791

26389.376935

26389.377321

26389.377589

26389.377950

26389.378006

26389.377714

26389.377683

26389.378006

26389.377810

26389.377546

26389.377106

26389.376881

26389.376518

26389.376439

26389.376136

26389.376144

26389.375837

26389.375887

26389.375538

26389.375613

26389.375204

26389.375302

26389.374829

26389.374971

26389.374470

26389.374727

26389.374313

26389.374816

26389.374686

26389.375587

26389.375932

26389.377278

26389.378056

26389.379561

26389.380266

26389.380523

26389.380523

26389.380266

26389.379561

26389.378056

26389.377278

26389.375932

26389.375587

26389.374686

26389.374816

26389.374313

26389.374727

26389.374470

26389.374971

26389.374829

26389.375302

26389.375204

26389.375613

26389.375538

26389.375887

26389.375837

26389.376144

26389.376136

26389.376439

26389.376518

26389.376881

26389.377106

26389.377546

26389.377810

26389.378006

26389.377683

26389.377694

26389.377886

26389.377764

26389.377343

26389.377054

26389.376625

26389.376480

26389.376139

26389.376122

26389.375807

26389.375855

26389.375507

26389.375583

26389.375167

26389.375251

26389.374739

26389.374834

26389.374235

26389.374398

26389.373808

26389.374184

26389.373829

26389.374649

26389.374834

26389.376285

26389.377171

26389.379123

26389.380324

26389.381945

26389.382989

26389.382989

26389.381945

26389.380324

26389.379123

26389.377171

26389.376285

26389.374834

26389.374649

26389.373829

26389.374184

26389.373808

26389.374398

26389.374235

26389.374834

26389.374739

26389.375251

26389.375167

26389.375583

26389.375507

26389.375855

26389.375807

26389.376122

26389.376139

26389.376480

26389.376625

26389.377054

26389.377343

26389.377764

26389.377886

26389.377694

26389.377607

26389.377835

26389.377570

26389.377281

26389.376808

26389.376588

26389.376197

26389.376138

26389.375808

26389.375851

26389.375512

26389.375601

26389.375199

26389.375295

26389.374784

26389.374865

26389.374216

26389.374308

26389.373575

26389.373809

26389.373202

26389.373851

26389.373756

26389.375152

26389.375955

26389.378202

26389.379818

26389.382310

26389.383659

26389.383785

26389.383785

26389.383659

26389.382310

26389.379818

26389.378202

26389.375955

26389.375152

26389.373756

26389.373851

26389.373202

26389.373809

26389.373575

26389.374308

26389.374216

26389.374865

26389.374784

26389.375295

26389.375199

26389.375601

26389.375512

26389.375851

26389.375808

26389.376138

26389.376197

26389.376588

26389.376808

26389.377281

26389.377570

26389.377835

26389.377607

26389.377563

26389.377652

26389.377489

26389.377038

26389.376760

26389.376316

26389.376198

26389.375840

26389.375864

26389.375532

26389.375633

26389.375258

26389.375382

26389.374901

26389.375001

26389.374354

26389.374417

26389.373602

26389.373714

26389.372879

26389.373305

26389.372847

26389.374023

26389.374508

26389.376805

26389.378548

26389.381718

26389.383988

26389.386439

26389.388060

26389.388060

26389.386439

26389.383988

26389.381718

26389.378548

26389.376805

26389.374508

26389.374023

26389.372847

26389.373305

26389.372879

26389.373714

26389.373602

26389.374417

26389.374354

26389.375001

26389.374901

26389.375382

26389.375258

26389.375633

26389.375532

26389.375864

26389.375840

26389.376198

26389.376316

26389.376760

26389.377038

26389.377489

26389.377652

26389.377563

26389.377413

26389.377547

26389.377242

26389.376965

26389.376491

26389.376308

26389.375912

26389.375899

26389.375561

26389.375665

26389.375315

26389.375470

26389.375035

26389.375178

26389.374575

26389.374654

26389.373824

26389.373861

26389.372865

26389.373064

26389.372222

26389.373044

26389.372996

26389.375033

26389.376468

26389.379938

26389.382783

26389.386664

26389.389079

26389.388970

26389.388970

26389.389079

26389.386664

26389.382783

26389.379938

26389.376468

26389.375033

26389.372996

26389.373044

26389.372222

26389.373064

26389.372865

26389.373861

26389.373824

26389.374654

26389.374575

26389.375178

26389.375035

26389.375470

26389.375315

26389.375665

26389.375561

26389.375899

26389.375912

26389.376308

26389.376491

26389.376965

26389.377242

26389.377547

26389.377413

26389.377307

26389.377299

26389.377127

26389.376688

26389.376459

26389.376028

26389.375964

26389.375608

26389.375696

26389.375361

26389.375539

26389.375150

26389.375344

26389.374809

26389.374939

26389.374155

26389.374177

26389.373107

26389.373123

26389.371949

26389.372346

26389.371635

26389.373110

26389.373769

26389.376981

26389.379653

26389.384359

26389.388153

26389.392029

26389.395297

26389.395297

26389.392029

26389.388153

26389.384359

26389.379653

26389.376981

26389.373769

26389.373110

26389.371635

26389.372346

26389.371949

26389.373123

26389.373107

26389.374177

26389.374155

26389.374939

26389.374809

26389.375344

26389.375150

26389.375539

26389.375361

26389.375696

26389.375608

26389.375964

26389.376028

26389.376459

26389.376688

26389.377127

26389.377299

26389.377307

26389.377094

26389.377140

26389.376832

26389.376612

26389.376176

26389.376061

26389.375682

26389.375737

26389.375404

26389.375587

26389.375235

26389.375473

26389.375009

26389.375209

26389.374508

26389.374572

26389.373514

26389.373424

26389.372025

26389.372013

26389.370637

26389.371335

26389.370861

26389.373208

26389.374798

26389.379386

26389.383437

26389.389277

26389.393806

26389.394752

26389.394752

26389.393806

26389.389277

26389.383437

26389.379386

26389.374798

26389.373208

26389.370861

26389.371335

26389.370637

26389.372013

26389.372025

26389.373424

26389.373514

26389.374572

26389.374508

26389.375209

26389.375009

26389.375473

26389.375235

26389.375587

26389.375404

26389.375737

26389.375682

26389.376061

26389.376176

26389.376612

26389.376832

26389.377140

26389.377094

26389.376925

26389.376831

26389.376692

26389.376310

26389.376171

26389.375783

26389.375797

26389.375457

26389.375624

26389.375293

26389.375558

26389.375154

26389.375424

26389.374819

26389.374963

26389.373985

26389.373879

26389.372387

26389.372060

26389.370142

26389.370001

26389.368262

26389.369254

26389.368982

26389.372334

26389.375022

26389.381235

26389.386963

26389.394017

26389.402185

26389.402185

26389.394017

26389.386963

26389.381235

26389.375022

26389.372334

26389.368982

26389.369254

26389.368262

26389.370001

26389.370142

26389.372060

26389.372387

26389.373879

26389.373985

26389.374963

26389.374819

26389.375424

26389.375154

26389.375558

26389.375293

26389.375624

26389.375457

26389.375797

26389.375783

26389.376171

26389.376310

26389.376692

26389.376831

26389.376925

26389.376652

26389.376623

26389.376358

26389.376241

26389.375883

26389.375867

26389.375525

26389.375664

26389.375341

26389.375610

26389.375248

26389.375571

26389.375055

26389.375293

26389.374430

26389.374388

26389.372925

26389.372432

26389.370176

26389.369307

26389.366430

26389.365840

26389.363311

26389.364439

26389.364241

26389.368887

26389.373221

26389.382029

26389.390815

26389.396542

26389.396542

26389.390815

26389.382029

26389.373221

26389.368887

26389.364241

26389.364439

26389.363311

26389.365840

26389.366430

26389.369307

26389.370176

26389.372432

26389.372925

26389.374388

26389.374430

26389.375293

26389.375055

26389.375571

26389.375248

26389.375610

26389.375341

26389.375664

26389.375525

26389.375867

26389.375883

26389.376241

26389.376358

26389.376623

26389.376652

26389.376424

26389.376262

26389.376200

26389.375925

26389.375914

26389.375598

26389.375709

26389.375393

26389.375645

26389.375309

26389.375659

26389.375212

26389.375535

26389.374793

26389.374864

26389.373516

26389.373015

26389.370649

26389.369300

26389.365612

26389.363553

26389.358864

26389.357219

26389.353229

26389.354467

26389.354624

26389.361852

26389.369770

26389.383585

26389.402487

26389.402487

26389.383585

26389.369770

26389.361852

26389.354624

26389.354467

26389.353229

26389.357219

26389.358864

26389.363553

26389.365612

26389.369300

26389.370649

26389.373015

26389.373516

26389.374864

26389.374793

26389.375535

26389.375212

26389.375659

26389.375309

26389.375645

26389.375393

26389.375709

26389.375598

26389.375914

26389.375925

26389.376200

26389.376262

26389.376424

26389.376102

26389.376015

26389.375838

26389.375871

26389.375630

26389.375739

26389.375449

26389.375677

26389.375359

26389.375707

26389.375309

26389.375690

26389.375054

26389.375251

26389.374060

26389.373679

26389.371394

26389.369875

26389.365797

26389.362685

26389.356363

26389.352017

26389.344231

26389.340894

26389.335022

26389.337382

26389.339757

26389.353170

26389.369293

26389.386501

26389.386501

26389.369293

26389.353170

26389.339757

26389.337382

26389.335022

26389.340894

26389.344231

26389.352017

26389.356363

26389.362685

26389.365797

26389.369875

26389.371394

26389.373679

26389.374060

26389.375251

26389.375054

26389.375690

26389.375309

26389.375707

26389.375359

26389.375677

26389.375449

26389.375739

26389.375630

26389.375871

26389.375838

26389.376015

26389.376102

26389.375826

26389.375618

26389.375673

26389.375549

26389.375701

26389.375480

26389.375699

26389.375408

26389.375737

26389.375373

26389.375777

26389.375225

26389.375528

26389.374500

26389.374306

26389.372229

26389.370823

26389.366751

26389.363172

26389.355978

26389.349616

26389.338871

26389.330890

26389.318715

26389.313900

26389.307146

26389.314232

26389.323795

26389.349915

26389.387836

26389.387836

26389.349915

26389.323795

26389.314232

26389.307146

26389.313900

26389.318715

26389.330890

26389.338871

26389.349616

26389.355978

26389.363172

26389.366751

26389.370823

26389.372229

26389.374306

26389.374500

26389.375528

26389.375225

26389.375777

26389.375373

26389.375737

26389.375408

26389.375699

26389.375480

26389.375701

26389.375549

26389.375673

26389.375618

26389.375826

26389.375469

26389.375346

26389.375297

26389.375516

26389.375424

26389.375674

26389.375444

26389.375756

26389.375425

26389.375825

26389.375335

26389.375707

26389.374823

26389.374824

26389.373009

26389.371903

26389.368131

26389.364661

26389.357365

26389.350053

26389.337688

26389.326155

26389.308984

26389.296553

26389.279777

26389.276107

26389.272564

26389.292210

26389.318689

26389.358971

26389.358971

26389.318689

26389.292210

26389.272564

26389.276107

26389.279777

26389.296553

26389.308984

26389.326155

26389.337688

26389.350053

26389.357365

26389.364661

26389.368131

26389.371903

26389.373009

26389.374824

26389.374823

26389.375707

26389.375335

26389.375825

26389.375425

26389.375756

26389.375444

26389.375674

26389.375424

26389.375516

26389.375297

26389.375346

26389.375469

26389.375161

26389.374930

26389.375137

26389.375198

26389.375531

26389.375421

26389.375746

26389.375471

26389.375852

26389.375417

26389.375816

26389.375054

26389.375210

26389.373663

26389.372921

26389.369614

26389.366665

26389.359870

26389.352705

26389.340129

26389.326909

26389.307035

26389.288673

26389.263885

26389.248148

26389.229197

26389.233513

26389.242153

26389.287558

26389.356623

26389.356623

26389.287558

26389.242153

26389.233513

26389.229197

26389.248148

26389.263885

26389.288673

26389.307035

26389.326909

26389.340129

26389.352705

26389.359870

26389.366665

26389.369614

26389.372921

26389.373663

26389.375210

26389.375054

26389.375816

26389.375417

26389.375852

26389.375471

26389.375746

26389.375421

26389.375531

26389.375198

26389.375137

26389.374930

26389.375161

26389.374789

26389.374652

26389.374761

26389.375188

26389.375261

26389.375654

26389.375482

26389.375858

26389.375488

26389.375884

26389.375229

26389.375483

26389.374181

26389.373772

26389.370980

26389.368735

26389.362801

26389.356594

26389.344929

26389.331998

26389.311865

26389.290745

26389.261787

26389.236521

26389.205202

26389.190828

26389.176277

26389.201569

26389.240318

26389.326219

26389.326219

26389.240318

26389.201569

26389.176277

26389.190828

26389.205202

26389.236521

26389.261787

26389.290745

26389.311865

26389.331998

26389.344929

26389.356594

26389.362801

26389.368735

26389.370980

26389.373772

26389.374181

26389.375483

26389.375229

26389.375884

26389.375488

26389.375858

26389.375482

26389.375654

26389.375261

26389.375188

26389.374761

26389.374652

26389.374789

26389.374472

26389.374239

26389.374615

26389.374877

26389.375395

26389.375398

26389.375811

26389.375538

26389.375926

26389.375373

26389.375675

26389.374591

26389.374433

26389.372135

26389.370574

26389.365632

26389.360760

26389.350681

26389.339497

26389.321029

26389.300538

26389.271470

26389.241981

26389.204705

26389.175377

26389.142047

26389.138348

26389.141353

26389.212257

26389.332356

26389.332356

26389.212257

26389.141353

26389.138348

26389.142047

26389.175377

26389.204705

26389.241981

26389.271470

26389.300538

26389.321029

26389.339497

26389.350681

26389.360760

26389.365632

26389.370574

26389.372135

26389.374433

26389.374591

26389.375675

26389.375373

26389.375926

26389.375538

26389.375811

26389.375398

26389.375395

26389.374877

26389.374615

26389.374239

26389.374472

26389.374106

26389.373975

26389.374253

26389.374887

26389.375126

26389.375646

26389.375526

26389.375929

26389.375493

26389.375815

26389.374927

26389.374933

26389.373077

26389.372066

26389.368088

26389.364532

26389.356279

26389.347491

26389.331796

26389.314345

26389.288199

26389.260081

26389.223373

26389.188030

26389.146807

26389.119329

26389.092529

26389.116318

26389.168342

26389.341391

26389.341391

26389.168342

26389.116318

26389.092529

26389.119329

26389.146807

26389.188030

26389.223373

26389.260081

26389.288199

26389.314345

26389.331796

26389.347491

26389.356279

26389.364532

26389.368088

26389.372066

26389.373077

26389.374933

26389.374927

26389.375815

26389.375493

26389.375929

26389.375526

26389.375646

26389.375126

26389.374887

26389.374253

26389.373975

26389.374106

26389.373804

26389.373587

26389.374132

26389.374588

26389.375271

26389.375378

26389.375851

26389.375565

26389.375907

26389.375206

26389.375315

26389.373842

26389.373226

26389.370098

26389.367620

26389.361117

26389.354657

26389.342066

26389.328593

26389.306934

26389.283820

26389.252015

26389.219733

26389.181007

26389.145480

26389.108196

26389.090455

26389.087083

26389.180025

26389.378297

26389.378297

26389.180025

26389.087083

26389.090455

26389.108196

26389.145480

26389.181007

26389.219733

26389.252015

26389.283820

26389.306934

26389.328593

26389.342066

26389.354657

26389.361117

26389.367620

26389.370098

26389.373226

26389.373842

26389.375315

26389.375206

26389.375907

26389.375565

26389.375851

26389.375378

26389.375271

26389.374588

26389.374132

26389.373587

26389.373804

26389.373467

26389.373359

26389.373798

26389.374614

26389.375001

26389.375617

26389.375537

26389.375929

26389.375418

26389.375600

26389.374463

26389.374118

26389.371708

26389.370017

26389.365025

26389.360434

26389.350731

26389.340951

26389.324060

26389.306966

26389.281819

26389.257437

26389.226670

26389.198196

26389.167666

26389.138306

26389.116449

26389.122351

26389.192313

26389.502364

26389.502364

26389.192313

26389.122351

26389.116449

26389.138306

26389.167666

26389.198196

26389.226670

26389.257437

26389.281819

26389.306966

26389.324060

26389.340951

26389.350731

26389.360434

26389.365025

26389.370017

26389.371708

26389.374118

26389.374463

26389.375600

26389.375418

26389.375929

26389.375537

26389.375617

26389.375001

26389.374614

26389.373798

26389.373359

26389.373467

26389.373208

26389.373018

26389.373711

26389.374331

26389.375142

26389.375333

26389.375832

26389.375532

26389.375787

26389.374946

26389.374798

26389.372982

26389.371849

26389.368088

26389.364842

26389.357542

26389.350578

26389.337898

26389.325927

26389.307274

26389.291124

26389.269399

26389.253113

26389.234898

26389.221821

26389.213753

26389.194468

26389.212609

26389.295237

26389.572623

26389.572623

26389.295237

26389.212609

26389.194468

26389.213753

26389.221821

26389.234898

26389.253113

26389.269399

26389.291124

26389.307274

26389.325927

26389.337898

26389.350578

26389.357542

26389.364842

26389.368088

26389.371849

26389.372982

26389.374798

26389.374946

26389.375787

26389.375532

26389.375832

26389.375333

26389.375142

26389.374331

26389.373711

26389.373018

26389.373208

26389.372922

26389.372851

26389.373419

26389.374372

26389.374871

26389.375546

26389.375496

26389.375849

26389.375279

26389.375291

26389.373965

26389.373243

26389.370460

26389.368162

26389.362740

26389.357700

26389.348320

26389.339856

26389.326442

26389.316256

26389.302237

26389.296031

26389.288896

26389.293858

26389.302113

26389.320137

26389.359815

26389.356833

26389.481118

26389.899221

26389.899221

26389.481118

26389.356833

26389.359815

26389.320137

26389.302113

26389.293858

26389.288896

26389.296031

26389.302237

26389.316256

26389.326442

26389.339856

26389.348320

26389.357700

26389.362740

26389.368162

26389.370460

26389.373243

26389.373965

26389.375291

26389.375279

26389.375849

26389.375496

26389.375546

26389.374871

26389.374372

26389.373419

26389.372851

26389.372922

26389.372735

26389.372578

26389.373378

26389.374111

26389.375000

26389.375249

26389.375744

26389.375439

26389.375596

26389.374672

26389.374274

26389.372265

26389.370673

26389.366687

26389.362964

26389.356004

26389.349654

26389.339890

26389.332864

26389.324091

26389.323239

26389.324017

26389.339560

26389.358840

26389.398842

26389.449375

26389.535479

26389.690778

26389.727506

26389.937722

26389.937722

26389.727506

26389.690778

26389.535479

26389.449375

26389.398842

26389.358840

26389.339560

26389.324017

26389.323239

26389.324091

26389.332864

26389.339890

26389.349654

26389.356004

26389.362964

26389.366687

26389.370673

26389.372265

26389.374274

26389.374672

26389.375596

26389.375439

26389.375744

26389.375249

26389.375000

26389.374111

26389.373378

26389.372578

26389.372735

26389.372522

26389.372492

26389.373141

26389.374169

26389.374732

26389.375424

26389.375397

26389.375700

26389.375112

26389.374976

26389.373574

26389.372547

26389.369666

26389.366943

26389.361747

26389.356735

26389.349291

26389.343452

26389.337297

26389.337349

26389.341958

26389.360423

26389.386975

26389.433960

26389.487599

26389.579401

26389.705425

26389.966212

26390.346850

26390.539032

26390.539032

26390.346850

26389.966212

26389.705425

26389.579401

26389.487599

26389.433960

26389.386975

26389.360423

26389.341958

26389.337349

26389.337297

26389.343452

26389.349291

26389.356735

26389.361747

26389.366943

26389.369666

26389.372547

26389.373574

26389.374976

26389.375112

26389.375700

26389.375397

26389.375424

26389.374732

26389.374169

26389.373141

26389.372492

26389.372522

26389.372433

26389.372306

26389.373159

26389.373939

26389.374846

26389.375120

26389.375591

26389.375296

26389.375374

26389.374441

26389.373870

26389.371844

26389.369958

26389.366107

26389.362171

26389.356257

26389.350858

26389.345441

26389.343801

26389.347962

26389.363127

26389.391772

26389.438556

26389.498091

26389.581133

26389.681547

26389.864422

26390.146917

26390.666979

26390.472559

26390.472559

26390.666979

26390.146917

26389.864422

26389.681547

26389.581133

26389.498091

26389.438556

26389.391772

26389.363127

26389.347962

26389.343801

26389.345441

26389.350858

26389.356257

26389.362171

26389.366107

26389.369958

26389.371844

26389.373870

26389.374441

26389.375374

26389.375296

26389.375591

26389.375120

26389.374846

26389.373939

26389.373159

26389.372306

26389.372433

26389.372313

26389.372320

26389.372988

26389.374018

26389.374587

26389.375254

26389.375236

26389.375494

26389.374923

26389.374703

26389.373329

26389.372149

26389.369365

26389.366456

26389.361744

26389.356901

26389.351518

26389.347789

26389.348699

26389.357053

26389.380592

26389.420137

26389.482704

26389.563405

26389.660309

26389.793285

26389.993417

26390.321746

26390.788312

26390.631335

26390.631335

26390.788312

26390.321746

26389.993417

26389.793285

26389.660309

26389.563405

26389.482704

26389.420137

26389.380592

26389.357053

26389.348699

26389.347789

26389.351518

26389.356901

26389.361744

26389.366456

26389.369365

26389.372149

26389.373329

26389.374703

26389.374923

26389.375494

26389.375236

26389.375254

26389.374587

26389.374018

26389.372988

26389.372320

26389.372313

26389.372342

26389.372234

26389.373073

26389.373824

26389.374685

26389.374943

26389.375371

26389.375088

26389.375121

26389.374229

26389.373601

26389.371663

26389.369711

26389.366086

26389.362161

26389.357000

26389.352192

26389.349510

26389.351037

26389.364377

26389.390800

26389.444198

26389.518066

26389.621608

26389.743736

26389.888637

26390.121280

26390.439282

26390.646578

26389.671940

26389.671940

26390.646578

26390.439282

26390.121280

26389.888637

26389.743736

26389.621608

26389.518066

26389.444198

26389.390800

26389.364377

26389.351037

26389.349510

26389.352192

26389.357000

26389.362161

26389.366086

26389.369711

26389.371663

26389.373601

26389.374229

26389.375121

26389.375088

26389.375371

26389.374943

26389.374685

26389.373824

26389.373073

26389.372234

26389.372342

26389.372328

26389.372357

26389.372975

26389.373927

26389.374436

26389.375034

26389.375000

26389.375214

26389.374671

26389.374431

26389.373133

26389.371975

26389.369333

26389.366514

26389.362038

26389.357419

26389.352567

26389.349668

26389.352801

26389.365232

26389.398650

26389.454128

26389.547776

26389.666817

26389.810646

26389.987778

26390.148979

26390.421520

26389.914403

26389.663159

26389.663159

26389.914403

26390.421520

26390.148979

26389.987778

26389.810646

26389.666817

26389.547776

26389.454128

26389.398650

26389.365232

26389.352801

26389.349668

26389.352567

26389.357419

26389.362038

26389.366514

26389.369333

26389.371975

26389.373133

26389.374431

26389.374671

26389.375214

26389.375000

26389.375034

26389.374436

26389.373927

26389.372975

26389.372357

26389.372328

26389.372483

26389.372374

26389.373127

26389.373771

26389.374519

26389.374713

26389.375069

26389.374783

26389.374790

26389.373950

26389.373365

26389.371538

26389.369747

26389.366250

26389.362614

26389.357352

26389.352860

26389.349423

26389.351672

26389.364604

26389.396397

26389.458226

26389.556322

26389.694975

26389.861022

26390.012624

26390.198265

26390.069258

26389.902806

26389.475745

26389.475745

26389.902806

26390.069258

26390.198265

26390.012624

26389.861022

26389.694975

26389.556322

26389.458226

26389.396397

26389.364604

26389.351672

26389.349423

26389.352860

26389.357352

26389.362614

26389.366250

26389.369747

26389.371538

26389.373365

26389.373950

26389.374790

26389.374783

26389.375069

26389.374713

26389.374519

26389.373771

26389.373127

26389.372374

26389.372483

26389.372575

26389.372601

26389.373100

26389.373894

26389.374278

26389.374757

26389.374674

26389.374830

26389.374304

26389.374080

26389.372866

26389.371861

26389.369353

26389.366894

26389.362384

26389.358226

26389.352334

26389.349540

26389.349009

26389.361471

26389.388727

26389.450778

26389.546409

26389.695314

26389.862434

26390.031462

26390.116349

26390.053072

26389.757137

26389.434321

26389.434321

26389.757137

26390.053072

26390.116349

26390.031462

26389.862434

26389.695314

26389.546409

26389.450778

26389.388727

26389.361471

26389.349009

26389.349540

26389.352334

26389.358226

26389.362384

26389.366894

26389.369353

26389.371861

26389.372866

26389.374080

26389.374304

26389.374830

26389.374674

26389.374757

26389.374278

26389.373894

26389.373100

26389.372601

26389.372575

26389.372843

26389.372711

26389.373309

26389.373774

26389.374341

26389.374426

26389.374676

26389.374366

26389.374343

26389.373554

26389.373060

26389.371370

26389.369898

26389.366550

26389.363501

26389.357853

26389.353830

26389.347674

26389.349100

26389.353449

26389.382632

26389.427757

26389.528314

26389.651095

26389.834600

26389.981828

26390.070061

26390.142809

26389.719423

26389.435799

26389.435799

26389.719423

26390.142809

26390.070061

26389.981828

26389.834600

26389.651095

26389.528314

26389.427757

26389.382632

26389.353449

26389.349100

26389.347674

26389.353830

26389.357853

26389.363501

26389.366550

26389.369898

26389.371370

26389.373060

26389.373554

26389.374343

26389.374366

26389.374676

26389.374426

26389.374341

26389.373774

26389.373309

26389.372711

26389.372843

26389.373023

26389.373019

26389.373343

26389.373909

26389.374113

26389.374424

26389.374265

26389.374343

26389.373832

26389.373630

26389.372531

26389.371737

26389.369472

26389.367544

26389.363232

26389.359832

26389.353085

26389.350271

26389.344692

26389.353515

26389.365016

26389.415927

26389.477826

26389.611300

26389.733779

26389.911031

26389.986141

26390.087185

26390.239452

26389.352331

26389.352331

26390.239452

26390.087185

26389.986141

26389.911031

26389.733779

26389.611300

26389.477826

26389.415927

26389.365016

26389.353515

26389.344692

26389.350271

26389.353085

26389.359832

26389.363232

26389.367544

26389.369472

26389.371737

26389.372531

26389.373630

26389.373832

26389.374343

26389.374265

26389.374424

26389.374113

26389.373909

26389.373343

26389.373019

26389.373023

26389.373362

26389.373198

26389.373589

26389.373824

26389.374158

26389.374101

26389.374219

26389.373882

26389.373824

26389.373118

26389.372731

26389.371285

26389.370192

26389.367300

26389.364995

26389.359731

26389.356367

26389.348946

26389.348623

26389.345181

26389.363698

26389.383996

26389.454092

26389.523487

26389.663191

26389.744605

26389.891965

26389.816032

26390.137008

26390.444626

26390.444626

26390.137008

26389.816032

26389.891965

26389.744605

26389.663191

26389.523487

26389.454092

26389.383996

26389.363698

26389.345181

26389.348623

26389.348946

26389.356367

26389.359731

26389.364995

26389.367300

26389.370192

26389.371285

26389.372731

26389.373118

26389.373824

26389.373882

26389.374219

26389.374101

26389.374158

26389.373824

26389.373589

26389.373198

26389.373362

26389.373581

26389.373546

26389.373670

26389.373967

26389.373961

26389.374078

26389.373839

26389.373835

26389.373371

26389.373200

26389.372308

26389.371744

26389.369960

26389.368598

26389.365129

26389.362556

26389.356607

26389.353650

26389.346565

26389.349447

26389.350231

26389.376969

26389.405653

26389.479693

26389.542099

26389.645774

26389.657765

26389.696918

26389.368458

26388.825919

26388.825919

26389.368458

26389.696918

26389.657765

26389.645774

26389.542099

26389.479693

26389.405653

26389.376969

26389.350231

26389.349447

26389.346565

26389.353650

26389.356607

26389.362556

26389.365129

26389.368598

26389.369960

26389.371744

26389.372308

26389.373200

26389.373371

26389.373835

26389.373839

26389.374078

26389.373961

26389.373967

26389.373670

26389.373546

26389.373581

26389.373918

26389.373753

26389.373935

26389.373928

26389.374013

26389.373812

26389.373799

26389.373465

26389.373391

26389.372843

26389.372583

26389.371546

26389.370829

26389.368783

26389.367171

26389.363312

26389.360474

26389.354409

26389.351801

26389.346485

26389.351426

26389.358054

26389.385310

26389.419365

26389.471101

26389.518603

26389.529226

26389.507541

26389.251882

26389.482270

26389.482270

26389.251882

26389.507541

26389.529226

26389.518603

26389.471101

26389.419365

26389.385310

26389.358054

26389.351426

26389.346485

26389.351801

26389.354409

26389.360474

26389.363312

26389.367171

26389.368783

26389.370829

26389.371546

26389.372583

26389.372843

26389.373391

26389.373465

26389.373799

26389.373812

26389.374013

26389.373928

26389.373935

26389.373753

26389.373918

26389.374100

26389.374090

26389.374054

26389.374095

26389.373892

26389.373828

26389.373539

26389.373477

26389.373120

26389.373013

26389.372437

26389.372110

26389.371011

26389.370139

26389.367966

26389.366001

26389.362026

26389.358585

26389.353069

26389.349773

26389.347297

26389.350388

26389.362425

26389.377643

26389.412416

26389.417044

26389.456056

26389.366260

26389.427748

26389.502311

26389.502311

26389.427748

26389.366260

26389.456056

26389.417044

26389.412416

26389.377643

26389.362425

26389.350388

26389.347297

26389.349773

26389.353069

26389.358585

26389.362026

26389.366001

26389.367966

26389.370139

26389.371011

26389.372110

26389.372437

26389.373013

26389.373120

26389.373477

26389.373539

26389.373828

26389.373892

26389.374095

26389.374054

26389.374090

26389.374100

26389.374334

26389.374283

26389.374329

26389.374134

26389.374009

26389.373706

26389.373597

26389.373315

26389.373255

26389.372932

26389.372813

26389.372276

26389.371879

26389.370808

26389.369676

26389.367487

26389.364805

26389.360890

26389.355952

26389.351251

26389.345091

26389.345058

26389.340899

26389.354923

26389.349480

26389.379163

26389.351020

26389.383377

26389.427423

26389.454212

26389.454212

26389.427423

26389.383377

26389.351020

26389.379163

26389.349480

26389.354923

26389.340899

26389.345058

26389.345091

26389.351251

26389.355952

26389.360890

26389.364805

26389.367487

26389.369676

26389.370808

26389.371879

26389.372276

26389.372813

26389.372932

26389.373255

26389.373315

26389.373597

26389.373706

26389.374009

26389.374134

26389.374329

26389.374283

26389.374334

26389.374382

26389.374560

26389.374487

26389.374367

26389.374042

26389.373857

26389.373568

26389.373479

26389.373258

26389.373216

26389.372970

26389.372829

26389.372383

26389.371829

26389.370817

26389.369133

26389.366885

26389.362807

26389.358786

26389.351053

26389.346595

26389.335378

26389.335663

26389.322304

26389.333330

26389.318394

26389.337374

26389.357070

26389.378986

26389.411280

26389.411280

26389.378986

26389.357070

26389.337374

26389.318394

26389.333330

26389.322304

26389.335663

26389.335378

26389.346595

26389.351053

26389.358786

26389.362807

26389.366885

26389.369133

26389.370817

26389.371829

26389.372383

26389.372829

26389.372970

26389.373216

26389.373258

26389.373479

26389.373568

26389.373857

26389.374042

26389.374367

26389.374487

26389.374560

26389.374382

26389.374398

26389.374697

26389.374784

26389.374533

26389.374308

26389.373980

26389.373816

26389.373594

26389.373529

26389.373384

26389.373333

26389.373177

26389.372941

26389.372573

26389.371657

26389.370601

26389.367915

26389.365340

26389.359119

26389.354462

26389.343145

26389.337833

26389.322022

26389.320405

26389.305169

26389.310780

26389.315034

26389.327791

26389.355541

26389.364036

26389.364036

26389.355541

26389.327791

26389.315034

26389.310780

26389.305169

26389.320405

26389.322022

26389.337833

26389.343145

26389.354462

26389.359119

26389.365340

26389.367915

26389.370601

26389.371657

26389.372573

26389.372941

26389.373177

26389.373333

26389.373384

26389.373529

26389.373594

26389.373816

26389.373980

26389.374308

26389.374533

26389.374784

26389.374697

26389.374398

26389.374208

26389.374888

26389.374995

26389.374890

26389.374567

26389.374339

26389.374063

26389.373911

26389.373739

26389.373653

26389.373561

26389.373431

26389.373325

26389.372854

26389.372464

26389.370928

26389.369615

26389.365573

26389.362332

26389.353848

26389.348132

26389.334406

26389.327789

26389.312395

26389.308800

26389.303657

26389.306733

26389.321452

26389.328314

26389.341074

26389.341074

26389.328314

26389.321452

26389.306733

26389.303657

26389.308800

26389.312395

26389.327789

26389.334406

26389.348132

26389.353848

26389.362332

26389.365573

26389.369615

26389.370928

26389.372464

26389.372854

26389.373325

26389.373431

26389.373561

26389.373653

26389.373739

26389.373911

26389.374063

26389.374339

26389.374567

26389.374890

26389.374995

26389.374888

26389.374208

26389.373863

26389.374955

26389.375363

26389.375218

26389.375013

26389.374692

26389.374443

26389.374177

26389.373977

26389.373807

26389.373630

26389.373535

26389.373231

26389.373090

26389.372264

26389.371729

26389.369493

26389.367792

26389.362638

26389.358723

26389.349276

26389.342850

26389.330307

26389.323281

26389.314503

26389.310753

26389.314732

26389.316122

26389.327656

26389.329576

26389.329576

26389.327656

26389.316122

26389.314732

26389.310753

26389.314503

26389.323281

26389.330307

26389.342850

26389.349276

26389.358723

26389.362638

26389.367792

26389.369493

26389.371729

26389.372264

26389.373090

26389.373231

26389.373535

26389.373630

26389.373807

26389.373977

26389.374177

26389.374443

26389.374692

26389.375013

26389.375218

26389.375363

26389.374955

26389.373863

26389.373297

26389.375142

26389.375665

26389.375691

26389.375370

26389.375067

26389.374706

26389.374382

26389.374077

26389.373775

26389.373554

26389.373228

26389.373066

26389.372553

26389.372327

26389.371225

26389.370564

26389.368053

26389.366183

26389.361148

26389.357157

26389.349367

26389.343246

26389.335581

26389.329271

26389.327636

26389.324006

26389.329910

26389.329308

26389.333688

26389.333688

26389.329308

26389.329910

26389.324006

26389.327636

26389.329271

26389.335581

26389.343246

26389.349367

26389.357157

26389.361148

26389.366183

26389.368053

26389.370564

26389.371225

26389.372327

26389.372553

26389.373066

26389.373228

26389.373554

26389.373775

26389.374077

26389.374382

26389.374706

26389.375067

26389.375370

26389.375691

26389.375665

26389.375142

26389.373297

26389.372116

26389.375318

26389.376194

26389.375817

26389.375522

26389.375130

26389.374758

26389.374368

26389.373965

26389.373608

26389.373192

26389.372891

26389.372438

26389.372206

26389.371638

26389.371416

26389.370503

26389.369990

26389.368244

26389.366733

26389.363634

26389.360210

26389.356177

26389.350586

26389.347905

26389.341467

26389.342451

26389.337541

26389.340351

26389.338591

26389.338591

26389.340351

26389.337541

26389.342451

26389.341467

26389.347905

26389.350586

26389.356177

26389.360210

26389.363634

26389.366733

26389.368244

26389.369990

26389.370503

26389.371416

26389.371638

26389.372206

26389.372438

26389.372891

26389.373192

26389.373608

26389.373965

26389.374368

26389.374758

26389.375130

26389.375522

26389.375817

26389.376194

26389.375318

26389.372116

26389.371319

26389.376407

26389.375413

26389.375196

26389.374954

26389.374727

26389.374444

26389.374104

26389.373750

26389.373328

26389.372946

26389.372494

26389.372158

26389.371766

26389.371577

26389.371365

26389.371359

26389.371383

26389.371266

26389.371310

26389.370082

26389.369551

26389.365514

26389.363841

26389.355838

26389.353269

26389.342950

26389.340652

26389.333058

26389.332161

26389.332161

26389.333058

26389.340652

26389.342950

26389.353269

26389.355838

26389.363841

26389.365514

26389.369551

26389.370082

26389.371310

26389.371266

26389.371383

26389.371359

26389.371365

26389.371577

26389.371766

26389.372158

26389.372494

26389.372946

26389.373328

26389.373750

26389.374104

26389.374444

26389.374727

26389.374954

26389.375196

26389.375413

26389.376407

26389.371319

26389.366380

26389.371340

26389.372071

26389.373166

26389.373587

26389.373857

26389.373909

26389.373862

26389.373688

26389.373454

26389.373160

26389.372848

26389.372596

26389.372353

26389.372397

26389.372368

26389.373015

26389.373115

26389.374427

26389.373727

26389.374825

26389.370753

26389.369184

26389.357964

26389.350830

26389.331326

26389.319259

26389.298339

26389.288277

26389.278967

26389.278967

26389.288277

26389.298339

26389.319259

26389.331326

26389.350830

26389.357964

26389.369184

26389.370753

26389.374825

26389.373727

26389.374427

26389.373115

26389.373015

26389.372368

26389.372397

26389.372353

26389.372596

26389.372848

26389.373160

26389.373454

26389.373688

26389.373862

26389.373909

26389.373857

26389.373587

26389.373166

26389.372071

26389.371340

26389.366380

