AXIS X

0.000000 0.000500 0.001000 0.001500 0.002000 0.002500 0.003000 0.003500 0.004000 0.004500 0.005000 0.005500 0.006000 0.006500 0.007000 0.007500 0.008000 0.008500 0.009000 0.009500 0.010000 0.010500 0.011000 0.011500 0.012000 0.012500 0.013000 0.013500 0.014000 0.014500 0.015000 0.015500 0.016000 0.016500 0.017000 0.017500 0.018000 0.018500 0.019000 0.019500 0.020000 0.020500 0.021000 0.021500 0.022000 0.022500 0.023000 0.023500 0.024000 0.024500 0.025000 0.025500 0.026000 0.026500 0.027000 0.027500 0.028000 0.028500 0.029000 0.029500 

AXIS Y

0.000000 0.000500 0.001000 0.001500 0.002000 0.002500 0.003000 0.003500 0.004000 0.004500 0.005000 0.005500 0.006000 0.006500 0.007000 0.007500 0.008000 0.008500 0.009000 0.009500 0.010000 0.010500 0.011000 0.011500 0.012000 0.012500 0.013000 0.013500 0.014000 0.014500 0.015000 0.015500 0.016000 0.016500 0.017000 0.017500 0.018000 0.018500 0.019000 0.019500 0.020000 0.020500 0.021000 0.021500 0.022000 0.022500 0.023000 0.023500 0.024000 0.024500 0.025000 0.025500 0.026000 0.026500 0.027000 0.027500 0.028000 0.028500 0.029000 0.029500 



DATA
9446.890576

9440.756734

9438.619968

9449.500575

9468.186745

9477.522493

9467.156156

9420.660105

9323.357032

9151.677291

8882.707422

8495.621180

7998.769269

7435.292704

6889.244451

6446.810542

6179.516046

6115.519696

6258.875864

6578.536365

7047.532644

7602.605159

8220.353383

8765.163099

9254.362708

9376.698161

9467.506915

9137.492861

10766.616431

10455.515049

10455.515049

10766.616431

9137.492861

9467.506915

9376.698161

9254.362708

8765.163099

8220.353383

7602.605159

7047.532644

6578.536365

6258.875864

6115.519696

6179.516047

6446.810542

6889.244451

7435.292704

7998.769269

8495.621180

8882.707422

9151.677291

9323.357032

9420.660105

9467.156156

9477.522493

9468.186745

9449.500575

9438.619968

9440.756734

9446.890576

9467.639315

9467.471674

9452.499225

9428.824206

9405.918323

9362.234148

9291.284347

9179.063153

9013.690166

8790.728736

8516.545968

8215.991187

7920.083558

7660.536144

7450.085975

7292.549240

7182.646813

7131.621877

7154.880622

7281.441299

7519.223232

7877.674347

8327.041423

8861.093299

9387.355633

9793.808058

9787.554486

10014.381221

10873.760030

10207.916497

10207.916497

10873.760030

10014.381221

9787.554486

9793.808058

9387.355633

8861.093299

8327.041423

7877.674347

7519.223232

7281.441299

7154.880622

7131.621877

7182.646813

7292.549240

7450.085975

7660.536144

7920.083558

8215.991187

8516.545968

8790.728736

9013.690166

9179.063153

9291.284347

9362.234148

9405.918323

9428.824206

9452.499225

9467.471674

9467.639315

9485.772948

9469.219711

9447.526436

9387.574131

9297.272009

9188.652893

9050.317054

8880.240130

8680.034764

8464.965561

8262.695763

8101.591432

8003.754091

7973.076571

8005.064771

8084.763131

8202.341757

8344.481427

8511.522854

8702.060786

8932.723353

9207.420995

9539.683130

9905.869276

10243.754933

10427.466735

10607.832390

10841.541203

10432.973557

10599.446478

10599.446478

10432.973557

10841.541203

10607.832390

10427.466735

10243.754933

9905.869276

9539.683130

9207.420995

8932.723353

8702.060786

8511.522854

8344.481427

8202.341757

8084.763131

8005.064771

7973.076571

8003.754091

8101.591432

8262.695763

8464.965561

8680.034764

8880.240130

9050.317054

9188.652893

9297.272009

9387.574131

9447.526436

9469.219711

9485.772948

9490.308844

9462.084735

9427.966064

9337.703603

9195.293932

9017.519767

8819.885877

8611.433341

8413.315446

8253.828410

8159.635205

8146.935078

8214.326581

8354.427315

8558.135054

8826.418598

9161.433882

9566.083335

10023.986202

10502.062102

10941.110613

11284.553348

11491.290300

11535.938022

11432.958658

11259.999680

11194.481481

10979.696363

10451.138435

10213.799145

10213.799145

10451.138435

10979.696363

11194.481481

11259.999680

11432.958658

11535.938022

11491.290300

11284.553348

10941.110613

10502.062102

10023.986202

9566.083335

9161.433882

8826.418598

8558.135054

8354.427315

8214.326581

8146.935078

8159.635205

8253.828410

8413.315446

8611.433341

8819.885877

9017.519767

9195.293932

9337.703603

9427.966064

9462.084735

9490.308844

9479.253993

9430.726841

9385.794547

9274.301065

9098.166377

8877.953033

8643.033359

8425.898015

8259.861335

8173.844974

8184.181997

8286.597744

8467.690362

8711.754592

9016.368199

9390.467165

9853.112610

10417.458314

11075.326721

11772.204032

12398.779572

12814.872584

12899.340405

12647.740263

12137.997977

11589.927632

10954.181731

10325.783539

9569.211604

9788.926659

9788.926659

9569.211604

10325.783539

10954.181731

11589.927632

12137.997977

12647.740263

12899.340405

12814.872584

12398.779572

11772.204032

11075.326721

10417.458314

9853.112610

9390.467165

9016.368199

8711.754592

8467.690362

8286.597744

8184.181997

8173.844974

8259.861335

8425.898015

8643.033359

8877.953033

9098.166377

9274.301065

9385.794547

9430.726841

9479.253993

9442.239998

9377.141347

9312.120838

9194.550071

9007.187851

8777.170796

8543.035410

8350.021407

8233.731852

8216.164663

8295.644847

8458.957694

8683.678468

8957.517883

9277.686282

9655.788453

10107.290178

10642.068408

11246.228640

11866.615096

12402.042582

12722.641260

12733.305917

12406.933173

11852.021343

11125.716450

10346.858472

9479.748257

9157.786325

9610.826972

9610.826972

9157.786326

9479.748257

10346.858472

11125.716450

11852.021343

12406.933173

12733.305917

12722.641260

12402.042582

11866.615096

11246.228640

10642.068408

10107.290178

9655.788453

9277.686282

8957.517883

8683.678468

8458.957694

8295.644847

8216.164663

8233.731852

8350.021407

8543.035410

8777.170797

9007.187851

9194.550071

9312.120838

9377.141347

9442.239998

9387.646535

9300.339550

9220.824563

9100.925565

8928.455741

8721.314688

8526.017838

8383.349154

8323.933224

8351.157189

8457.058702

8618.947605

8822.245351

9054.354940

9316.757834

9613.525222

9951.561207

10327.125728

10723.502220

11097.391208

11392.464917

11541.804620

11505.453570

11282.522542

10900.962813

10418.364781

9873.405509

9447.406676

9536.317223

9829.443457

9829.443457

9536.317223

9447.406676

9873.405509

10418.364781

10900.962813

11282.522542

11505.453570

11541.804620

11392.464917

11097.391208

10723.502220

10327.125728

9951.561207

9613.525222

9316.757834

9054.354940

8822.245351

8618.947605

8457.058702

8351.157189

8323.933224

8383.349154

8526.017838

8721.314688

8928.455741

9100.925565

9220.824563

9300.339550

9387.646535

9317.094273

9212.781637

9119.164263

9010.681006

8868.754780

8714.726594

8581.519494

8504.580759

8491.459007

8539.305145

8627.260909

8744.776389

8878.132832

9028.470115

9193.966615

9379.496663

9581.272785

9794.968870

9998.907560

10172.607739

10276.460105

10298.230981

10224.573427

10094.359589

9939.242572

9823.062224

9768.243088

9901.076373

10278.218914

10065.038502

10065.038502

10278.218914

9901.076373

9768.243088

9823.062224

9939.242572

10094.359589

10224.573427

10298.230981

10276.460105

10172.607739

9998.907560

9794.968870

9581.272785

9379.496663

9193.966615

9028.470115

8878.132832

8744.776389

8627.260909

8539.305145

8491.459007

8504.580759

8581.519494

8714.726594

8868.754780

9010.681006

9119.164263

9212.781637

9317.094273

9240.404150

9120.242356

9023.844439

8933.372103

8840.336316

8750.557209

8691.668030

8672.399514

8692.688703

8731.182606

8779.883968

8827.185924

8880.991433

8941.663831

9018.995379

9110.835507

9219.654982

9331.276248

9436.805447

9500.548342

9511.500791

9443.017396

9342.108598

9245.875615

9271.172577

9465.005826

9888.344950

10391.450052

10665.438644

10300.354682

10300.354682

10665.438644

10391.450052

9888.344950

9465.005826

9271.172577

9245.875615

9342.108598

9443.017396

9511.500791

9500.548342

9436.805447

9331.276248

9219.654982

9110.835507

9018.995379

8941.663831

8880.991433

8827.185924

8779.883968

8731.182606

8692.688703

8672.399514

8691.668030

8750.557209

8840.336316

8933.372103

9023.844439

9120.242356

9240.404150

9165.544783

9036.559172

8942.284460

8883.233734

8841.378745

8821.190549

8824.286716

8851.742488

8880.841667

8900.716799

8898.163012

8886.572432

8871.555195

8872.274840

8891.272150

8938.703762

9006.357999

9093.776950

9167.971341

9210.980246

9168.971209

9060.365494

8895.938723

8812.832005

8897.960954

9302.099777

9991.257684

10722.041977

10832.845802

10311.800490

10311.800490

10832.845802

10722.041977

9991.257684

9302.099777

8897.960954

8812.832005

8895.938723

9060.365494

9168.971209

9210.980246

9167.971341

9093.776950

9006.357999

8938.703762

8891.272150

8872.274840

8871.555195

8886.572432

8898.163012

8900.716799

8880.841667

8851.742488

8824.286716

8821.190549

8841.378745

8883.233734

8942.284460

9036.559172

9165.544783

9102.292925

8968.153184

8887.953319

8859.763653

8870.577526

8903.631661

8955.945936

9005.657455

9037.338975

9031.052568

8997.837399

8945.461210

8901.703083

8874.962377

8884.530357

8928.816181

9018.193897

9129.720470

9249.537769

9306.348825

9274.038186

9098.204896

8874.103807

8681.108526

8740.170924

9117.486448

9828.207476

10573.975939

10656.616889

10225.035108

10225.035108

10656.616889

10573.975939

9828.207476

9117.486448

8740.170924

8681.108526

8874.103807

9098.204896

9274.038186

9306.348825

9249.537769

9129.720470

9018.193897

8928.816181

8884.530357

8874.962377

8901.703083

8945.461210

8997.837399

9031.052568

9037.338975

9005.657455

8955.945936

8903.631661

8870.577526

8859.763653

8887.953319

8968.153184

9102.292925

9058.398549

8928.148771

8861.967102

8865.893427

8911.491387

8983.253927

9058.851988

9122.421769

9147.627739

9135.349857

9088.571086

9037.620209

8995.265166

8989.352454

9024.421099

9122.689521

9275.530289

9486.786633

9692.203932

9841.965105

9811.484811

9594.436827

9193.514881

8838.063521

8664.106981

8861.868220

9282.042525

9707.337123

9794.968571

10252.595968

10252.595968

9794.968571

9707.337123

9282.042525

8861.868220

8664.106981

8838.063521

9193.514881

9594.436827

9811.484811

9841.965105

9692.203932

9486.786633

9275.530289

9122.689521

9024.421099

8989.352454

8995.265166

9037.620209

9088.571086

9135.349857

9147.627739

9122.421769

9058.851988

8983.253927

8911.491387

8865.893427

8861.967102

8928.148771

9058.398549

9039.954448

8920.041924

8871.507814

8891.085025

8957.544515

9041.127005

9127.754775

9191.535708

9223.199261

9215.271006

9191.732451

9165.820048

9170.536442

9214.639539

9329.821786

9520.174073

9811.877142

10165.626934

10546.471564

10804.278212

10834.716881

10503.052842

9920.248078

9253.887580

8837.939202

8659.603603

8669.367571

8493.055881

8605.236902

10591.410391

10591.410391

8605.236902

8493.055881

8669.367571

8659.603603

8837.939202

9253.887580

9920.248078

10503.052842

10834.716881

10804.278212

10546.471564

10165.626934

9811.877142

9520.174073

9329.821786

9214.639539

9170.536442

9165.820048

9191.732451

9215.271006

9223.199261

9191.535708

9127.754775

9041.127005

8957.544515

8891.085025

8871.507814

8920.041924

9039.954448

9053.717528

8953.307025

8910.604761

8935.527658

8997.590180

9079.605266

9159.671636

9227.148936

9265.868474

9287.082732

9299.357782

9335.665109

9407.161520

9550.075288

9775.455054

10125.685716

10586.508066

11154.616386

11702.747765

12108.130150

12151.745580

11757.114350

10979.169175

10114.061499

9393.188818

8944.676907

8325.963656

7605.785675

7313.295558

10983.665925

10983.665925

7313.295558

7605.785675

8325.963656

8944.676907

9393.188818

10114.061499

10979.169175

11757.114350

12151.745580

12108.130150

11702.747765

11154.616386

10586.508066

10125.685716

9775.455054

9550.075288

9407.161520

9335.665109

9299.357782

9287.082732

9265.868474

9227.148936

9159.671636

9079.605266

8997.590180

8935.527658

8910.604761

8953.307025

9053.717528

9104.526740

9024.649436

8982.763861

8991.591422

9039.335827

9102.311029

9174.056176

9238.258632

9295.225249

9345.008343

9414.907231

9517.591489

9689.973808

9944.713674

10328.504360

10841.547125

11498.193048

12194.967788

12835.699689

13226.718681

13252.376103

12886.336884

12192.181205

11411.477793

10679.298121

9864.084135

8789.701697

7209.647485

6089.249942

11076.042411

11076.042411

6089.249942

7209.647485

8789.701697

9864.084135

10679.298121

11411.477793

12192.181205

12886.336884

13252.376103

13226.718681

12835.699689

12194.967788

11498.193048

10841.547125

10328.504360

9944.713674

9689.973808

9517.591489

9414.907231

9345.008343

9295.225249

9238.258632

9174.056176

9102.311029

9039.335827

8991.591422

8982.763861

9024.649436

9104.526740

9200.178320

9137.594264

9079.326288

9067.534435

9086.942399

9130.794778

9185.832697

9250.065737

9315.788604

9399.968048

9514.598019

9695.435501

9956.116653

10338.836076

10847.754500

11495.034930

12184.072388

12815.970854

13233.464714

13404.532733

13379.332197

13197.836931

13066.160036

12897.725580

12755.195816

12083.201292

10217.750691

7826.342681

5401.238212

10063.654295

10063.654295

5401.238212

7826.342681

10217.750691

12083.201292

12755.195816

12897.725581

13066.160036

13197.836931

13379.332197

13404.532733

13233.464714

12815.970854

12184.072388

11495.034930

10847.754500

10338.836076

9956.116653

9695.435501

9514.598019

9399.968048

9315.788604

9250.065737

9185.832697

9130.794778

9086.942399

9067.534435

9079.326288

9137.594264

9200.178321

9343.302500

9282.194090

9205.157319

9162.136209

9158.900108

9178.657367

9220.749310

9274.664761

9346.392118

9442.397612

9594.041408

9817.173314

10148.112105

10591.006273

11149.158350

11735.103191

12226.472377

12474.491934

12482.088661

12373.244707

12282.150013

12408.462500

12763.717536

13645.269380

14698.131032

15412.154860

13561.105624

9545.092043

6170.107287

9363.952533

9363.952533

6170.107287

9545.092043

13561.105624

15412.154860

14698.131032

13645.269380

12763.717536

12408.462500

12282.150013

12373.244707

12482.088661

12474.491934

12226.472377

11735.103191

11149.158350

10591.006273

10148.112105

9817.173314

9594.041408

9442.397612

9346.392118

9274.664761

9220.749310

9178.657367

9158.900108

9162.136209

9205.157319

9282.194090

9343.302500

9537.096780

9459.680886

9352.085666

9287.712699

9260.926826

9266.209218

9289.903904

9331.276463

9387.277453

9479.209075

9623.196480

9850.884927

10167.451930

10572.771610

11001.943788

11330.972693

11422.143813

11244.303088

10925.432900

10610.933272

10462.164284

10499.244622

10904.307786

11805.465426

13475.475885

15516.888701

16802.954117

12691.946645

7991.256219

8991.310608

8991.310608

7991.256219

12691.946645

16802.954117

15516.888702

13475.475885

11805.465426

10904.307786

10499.244622

10462.164284

10610.933272

10925.432900

11244.303088

11422.143813

11330.972693

11001.943788

10572.771610

10167.451930

9850.884927

9623.196480

9479.209075

9387.277453

9331.276463

9289.903904

9266.209218

9260.926826

9287.712699

9352.085666

9459.680886

9537.096780

9773.104609

9659.552831

9526.881703

9440.300849

9405.080875

9396.053414

9405.250810

9419.708418

9446.117203

9495.081509

9593.266801

9748.546677

9963.239023

10200.368685

10365.524178

10354.626181

10091.503050

9660.297340

9165.361385

8733.147643

8348.751223

8083.161427

7947.312193

8129.781268

8939.794638

9808.342764

10834.062448

12786.733633

13411.039014

8567.083670

8567.083669

13411.039013

12786.733633

10834.062448

9808.342764

8939.794638

8129.781268

7947.312193

8083.161427

8348.751223

8733.147643

9165.361385

9660.297340

10091.503050

10354.626181

10365.524178

10200.368685

9963.239023

9748.546677

9593.266801

9495.081509

9446.117203

9419.708418

9405.250810

9396.053414

9405.080875

9440.300849

9526.881703

9659.552831

9773.104609

10044.913238

9884.503111

9720.844590

9625.687790

9582.818972

9569.075233

9557.224457

9537.851812

9508.337208

9486.592189

9484.344685

9508.902025

9545.482660

9539.471014

9433.452213

9138.617430

8694.963810

8148.967774

7596.563819

7038.431210

6497.915631

5961.042527

5569.947591

5448.543706

5739.651431

6615.319275

7091.187954

8639.961907

15405.690805

8675.235492

8675.235492

15405.690804

8639.961908

7091.187954

6615.319274

5739.651431

5448.543706

5569.947591

5961.042527

6497.915631

7038.431210

7596.563819

8148.967774

8694.963810

9138.617430

9433.452213

9539.471014

9545.482660

9508.902025

9484.344685

9486.592189

9508.337208

9537.851812

9557.224457

9569.075233

9582.818972

9625.687790

9720.844590

9884.503111

10044.913237

10333.112320

10125.816674

9938.401762

9829.620685

9786.783334

9762.799084

9728.129420

9660.294406

9559.485890

9437.104224

9306.309205

9168.660244

9000.567525

8781.800778

8443.527999

8009.506310

7478.515044

6931.251172

6375.480135

5805.960465

5253.985190

4767.378251

4454.911682

4418.528245

4821.648638

5753.835796

7102.252207

8521.631082

14210.243643

11605.580110

11605.580109

14210.243643

8521.631082

7102.252207

5753.835796

4821.648638

4418.528245

4454.911682

4767.378251

5253.985190

5805.960465

6375.480135

6931.251172

7478.515044

8009.506310

8443.527999

8781.800778

9000.567525

9168.660244

9306.309205

9437.104224

9559.485890

9660.294406

9728.129420

9762.799084

9786.783334

9829.620685

9938.401762

10125.816674

10333.112320

10632.585590

10383.815148

10167.358689

10045.214102

9988.371834

9947.934036

9878.024498

9753.276080

9571.017679

9343.027145

9084.649646

8792.034809

8464.520856

8060.175641

7603.891949

7080.319302

6574.612197

6083.634310

5609.935629

5173.117666

4756.385438

4515.134912

4412.767665

4617.205120

5077.332071

6108.971916

7695.782307

11143.435968

18843.407018

13853.780521

13853.780519

18843.407017

11143.435968

7695.782307

6108.971916

5077.332071

4617.205120

4412.767665

4515.134912

4756.385438

5173.117666

5609.935629

6083.634310

6574.612197

7080.319302

7603.891949

8060.175641

8464.520856

8792.034809

9084.649646

9343.027145

9571.017679

9753.276080

9878.024498

9947.934036

9988.371834

10045.214102

10167.358689

10383.815148

10632.585590

10925.950542

10649.670765

10404.014769

10248.647753

10160.643576

10080.534873

9960.662623

9775.327358

9518.239995

9208.049144

8850.837385

8455.274859

7995.061158

7491.303600

6939.351715

6440.550657

5998.420353

5653.303209

5371.705703

5124.973257

5030.904473

5023.631508

5272.243610

5591.949731

6152.843095

7059.623984

9046.895963

14884.242245

20305.281191

27899.014207

27899.014206

20305.281191

14884.242245

9046.895963

7059.623984

6152.843095

5591.949731

5272.243610

5023.631508

5030.904473

5124.973257

5371.705703

5653.303209

5998.420353

6440.550657

6939.351715

7491.303600

7995.061158

8455.274859

8850.837385

9208.049144

9518.239995

9775.327358

9960.662623

10080.534873

10160.643576

10248.647753

10404.014769

10649.670765

10925.950542

11221.161654

10918.037296

10631.501359

10422.991710

10270.436205

10122.019844

9938.684759

9693.794403

9392.998020

9037.187143

8638.240437

8171.313924

7641.914802

7050.422908

6507.625931

6057.745692

5790.580243

5648.795277

5629.258358

5725.042744

5900.527830

6288.269989

6644.498138

6833.801550

6933.043626

7560.317467

10569.781122

15982.358802

16094.006367

25137.136345

25137.136345

16094.006367

15982.358802

10569.781122

7560.317467

6933.043626

6833.801550

6644.498138

6288.269989

5900.527830

5725.042744

5629.258358

5648.795277

5790.580243

6057.745692

6507.625931

7050.422908

7641.914802

8171.313924

8638.240437

9037.187143

9392.998020

9693.794403

9938.684759

10122.019844

10270.436205

10422.991710

10631.501359

10918.037296

11221.161654

11505.794757

11180.451902

10837.870562

10546.544464

10296.834932

10055.973569

9796.295724

9514.363403

9196.853907

8849.864295

8439.137147

7949.350232

7359.863161

6762.759487

6252.509292

5969.784994

5894.528717

6063.014228

6369.458865

6804.871061

7355.629086

7844.013727

8058.357742

7518.096252

6995.696753

8683.564995

13154.477466

15504.948689

16264.195312

22530.173736

22530.173736

16264.195312

15504.948689

13154.477466

8683.564995

6995.696753

7518.096252

8058.357742

7844.013727

7355.629086

6804.871061

6369.458865

6063.014228

5894.528717

5969.784994

6252.509292

6762.759487

7359.863161

7949.350232

8439.137147

8849.864295

9196.853907

9514.363403

9796.295724

10055.973569

10296.834932

10546.544464

10837.870562

11180.451902

11505.794757

11793.636375

11425.737059

11007.169390

10607.445768

10238.370552

9889.270147

9567.152208

9260.189386

8967.937969

8644.568717

8257.299813

7746.230304

7150.856862

6574.639537

6199.667602

6088.985723

6313.482729

6768.101967

7460.429830

8204.615077

8928.361471

9411.512117

8883.169630

7597.786471

7757.241217

11032.469553

14972.033742

15052.821591

15564.895498

18453.565778

18453.565778

15564.895498

15052.821591

14972.033742

11032.469553

7757.241217

7597.786471

8883.169630

9411.512117

8928.361471

8204.615077

7460.429830

6768.101967

6313.482729

6088.985723

6199.667602

6574.639537

7150.856862

7746.230304

8257.299813

8644.568717

8967.937969

9260.189386

9567.152208

9889.270147

10238.370552

10607.445768

11007.169390

11425.737059

11793.636375

12065.283069

11644.708195

11127.344058

10604.289699

10108.386737

9667.446213

9293.569367

8995.858684

8728.295844

8450.289740

8070.629547

7566.616343

6983.071990

6502.843306

6275.897709

6410.437738

6872.196749

7679.270286

8598.346675

9606.121066

10379.485943

10479.658069

9309.855200

8241.511771

9766.398545

13618.962329

14864.837534

14156.763513

14004.549762

18746.685274

18746.685274

14004.549763

14156.763513

14864.837534

13618.962329

9766.398545

8241.511771

9309.855200

10479.658069

10379.485943

9606.121066

8598.346675

7679.270286

6872.196749

6410.437738

6275.897709

6502.843306

6983.071990

7566.616343

8070.629547

8450.289740

8728.295844

8995.858684

9293.569367

9667.446213

10108.386737

10604.289699

11127.344058

11644.708195

12065.283069

12324.565268

11820.157647

11192.247899

10543.969684

9942.951211

9431.122628

9044.051187

8756.043752

8530.692833

8268.752476

7907.640088

7405.182799

6880.197291

6514.683140

6470.331732

6795.014780

7514.679010

8485.044180

9675.604898

10672.495644

11457.250228

11196.478300

9981.012715

10009.649780

12545.379636

14422.201111

13816.164178

12426.011050

12620.069177

19143.843978

19143.843978

12620.069177

12426.011050

13816.164178

14422.201111

12545.379636

10009.649780

9981.012715

11196.478300

11457.250228

10672.495644

9675.604898

8485.044180

7514.679010

6795.014780

6470.331732

6514.683140

6880.197291

7405.182799

7907.640088

8268.752476

8530.692833

8756.043752

9044.051187

9431.122628

9942.951211

10543.969684

11192.247899

11820.157647

12324.565268

12536.062329

11942.136082

11198.757700

10446.948927

9770.250708

9233.154836

8846.359458

8592.128352

8382.611914

8143.963518

7775.434233

7301.047262

6844.664184

6606.624852

6709.693139

7196.518122

8030.536504

9195.804130

10340.861371

11485.440415

11948.640078

11766.348110

11411.484361

12540.688700

14067.441587

13620.315547

12624.960242

10830.779704

11448.141901

24941.244640

24941.244641

11448.141902

10830.779704

12624.960242

13620.315547

14067.441587

12540.688700

11411.484361

11766.348110

11948.640078

11485.440415

10340.861371

9195.804130

8030.536504

7196.518122

6709.693139

6606.624852

6844.664184

7301.047262

7775.434233

8143.963518

8382.611914

8592.128352

8846.359458

9233.154836

9770.250708

10446.948927

11198.757700

11942.136082

12536.062329

12688.850813

11993.688340

11154.533735

10329.801065

9625.420204

9089.615659

8735.800742

8502.116346

8321.083080

8075.268096

7718.286613

7265.397955

6886.388200

6752.943041

6955.916424

7514.497706

8437.873044

9571.295454

10842.420882

11620.999709

12192.440156

12464.216418

13051.447537

14228.283113

13517.291939

12950.446863

11160.173893

10586.350632

12273.600422

28614.876337

28614.876337

12273.600422

10586.350632

11160.173893

12950.446863

13517.291939

14228.283113

13051.447536

12464.216418

12192.440156

11620.999709

10842.420882

9571.295454

8437.873044

7514.497706

6955.916424

6752.943041

6886.388200

7265.397955

7718.286613

8075.268096

8321.083080

8502.116346

8735.800742

9089.615659

9625.420204

10329.801065

11154.533735

11993.688340

12688.850813

12741.812024

11971.973723

11065.961356

10215.303329

9517.902245

9021.656045

8701.024047

8506.843958

8330.561548

8097.205537

7733.910213

7317.259177

6995.793476

6926.603795

7170.895747

7745.953447

8636.237175

9810.479491

10821.257362

11650.597485

12163.738433

13005.487085

14171.937731

13580.216835

13091.602153

11834.238401

11660.690781

10586.272455

16104.539905

30812.184179

30812.184179

16104.539905

10586.272454

11660.690781

11834.238401

13091.602153

13580.216835

14171.937731

13005.487085

12163.738433

11650.597485

10821.257362

9810.479491

8636.237175

7745.953447

7170.895747

6926.603795

6995.793476

7317.259177

7733.910213

8097.205537

8330.561548

8506.843958

8701.024047

9021.656045

9517.902245

10215.303329

11065.961356

11971.973723

12741.812024

12687.621999

11871.768197

10948.011795

10110.671905

9461.267295

9014.797079

8750.337382

8580.930936

8431.320051

8190.529856

7843.334984

7441.671896

7158.226481

7108.385132

7342.481395

7870.465890

8723.535258

9751.957160

10740.677041

11411.057673

12207.714966

13204.880574

13289.618369

12580.593899

11842.657372

12890.232821

12164.881771

14614.865923

17904.762102

26446.787218

26446.787218

17904.762102

14614.865923

12164.881771

12890.232821

11842.657372

12580.593899

13289.618369

13204.880574

12207.714967

11411.057673

10740.677041

9751.957160

8723.535258

7870.465890

7342.481395

7108.385132

7158.226481

7441.671896

7843.334984

8190.529856

8431.320051

8580.930936

8750.337382

9014.797079

9461.267295

10110.671905

10948.011795

11871.768197

12687.621999

12509.120317

11704.749527

10807.132998

10027.009073

9442.765512

9070.778748

8854.626585

8733.328973

8593.806361

8373.596168

8020.407377

7637.464969

7352.216156

7288.964023

7467.492866

7932.164976

8676.079517

9621.680269

10532.240391

11299.565291

12103.138309

12290.646031

11659.844159

10863.895855

11730.654092

13361.738623

17535.974264

17668.332567

22018.739477

18723.153654

18723.153654

22018.739477

17668.332567

17535.974264

13361.738623

11730.654092

10863.895855

11659.844159

12290.646031

12103.138309

11299.565291

10532.240391

9621.680269

8676.079517

7932.164976

7467.492866

7288.964023

7352.216156

7637.464969

8020.407377

8373.596168

8593.806361

8733.328973

8854.626585

9070.778748

9442.765512

10027.009073

10807.132998

11704.749527

12509.120317

12227.976746

11479.605104

10656.390990

9956.157708

9462.386567

9160.601987

9015.327323

8929.072418

8831.105965

8611.845943

8275.323902

7874.265188

7578.074685

7456.213375

7575.977507

7935.027831

8586.183961

9459.004433

10364.003340

11201.028092

11368.579001

10965.399207

9725.819723

9456.639613

10918.951465

16775.202179

22116.264049

26526.866107

18297.430728

13064.456569

13064.456569

18297.430728

26526.866107

22116.264049

16775.202179

10918.951464

9456.639613

9725.819723

10965.399207

11368.579001

11201.028092

10364.003340

9459.004434

8586.183961

7935.027831

7575.977506

7456.213375

7578.074685

7874.265188

8275.323902

8611.845943

8831.105965

8929.072418

9015.327323

9160.601987

9462.386567

9956.157708

10656.390990

11479.605104

12227.976746

11863.611868

11218.741841

10495.353554

9900.881503

9494.749373

9282.091868

9194.515497

9174.755840

9102.086423

8919.777510

8568.570284

8164.379401

7809.988996

7640.695628

7654.417578

7938.760573

8477.552204

9317.255015

10288.735165

10731.867619

10554.949602

9315.530776

8335.557718

8146.775156

10772.840302

17036.782449

28575.853433

26126.912826

23410.408977

13236.683581

13236.683581

23410.408977

26126.912824

28575.853433

17036.782449

10772.840302

8146.775156

8335.557718

9315.530776

10554.949602

10731.867619

10288.735165

9317.255015

8477.552204

7938.760573

7654.417578

7640.695628

7809.988996

8164.379401

8568.570284

8919.777510

9102.086423

9174.755840

9194.515497

9282.091868

9494.749373

9900.881503

10495.353554

11218.741841

11863.611868

11459.748489

10935.057007

10334.890959

9843.474571

9538.883691

9398.430350

9394.218630

9423.443431

9418.247761

9248.405569

8919.608188

8468.606144

8081.790957

7811.048870

7762.319486

7910.892954

8415.620023

9228.752428

10097.196400

10340.226630

9537.196956

8336.334931

7173.098075

7702.830297

10225.943618

16808.831599

19781.415551

22827.758898

18431.775192

20397.609902

20397.609902

18431.775192

22827.758899

19781.415551

16808.831599

10225.943618

7702.830297

7173.098075

8336.334931

9537.196956

10340.226630

10097.196400

9228.752428

8415.620023

7910.892954

7762.319486

7811.048870

8081.790957

8468.606144

8919.608188

9248.405569

9418.247761

9423.443431

9394.218630

9398.430350

9538.883691

9843.474571

10334.890959

10935.057007

11459.748489

11045.790430

10652.468377

10169.015817

9788.897141

9564.716188

9512.437458

9566.864597

9682.641640

9720.796871

9615.661356

9274.632300

8821.355673

8350.238998

8026.526212

7839.380849

7941.238253

8336.089092

9198.473486

9927.939722

9976.209892

9067.140476

7704.520060

6936.411556

7673.106017

10980.279484

14548.651018

16863.852840

11049.410331

29093.852193

24333.849177

24333.849177

29093.852193

11049.410331

16863.852840

14548.651018

10980.279484

7673.106017

6936.411556

7704.520060

9067.140476

9976.209892

9927.939722

9198.473486

8336.089092

7941.238253

7839.380849

8026.526212

8350.238998

8821.355673

9274.632300

9615.661356

9720.796871

9682.641640

9566.864597

9512.437458

9564.716188

9788.897141

10169.015817

10652.468377

11045.790430

10658.047914

10378.119809

10011.197951

9717.857544

9580.675584

9584.303997

9722.151280

9891.069475

10023.933046

9951.259607

9662.751897

9165.496521

8667.829473

8224.693697

7975.630137

7931.037561

8361.395386

9088.859348

9901.210555

9791.031781

9037.410374

7745.270815

7484.475863

8801.787389

10910.168669

13085.856698

13056.221413

13079.674999

13487.412282

19770.731358

19770.731358

13487.412282

13079.674999

13056.221413

13085.856698

10910.168669

8801.787389

7484.475863

7745.270815

9037.410374

9791.031781

9901.210555

9088.859348

8361.395386

7931.037561

7975.630137

8224.693697

8667.829473

9165.496521

9662.751897

9951.259607

10023.933046

9891.069475

9722.151280

9584.303997

9580.675584

9717.857544

10011.197951

10378.119809

10658.047914

10309.116452

10131.465518

9853.010108

9645.178069

9559.524504

9631.430562

9809.423746

10067.218979

10250.554337

10278.961407

10005.330419

9542.436722

8969.661447

8478.075318

8088.362029

8014.331144

8310.946006

9120.474794

9709.551010

9973.175366

9116.618789

8434.387973

8747.968575

9880.688713

10142.030357

10402.261832

12474.655339

12231.957743

8625.480349

5457.348722

5457.348722

8625.480349

12231.957744

12474.655339

10402.261832

10142.030357

9880.688713

8747.968575

8434.387973

9116.618789

9973.175366

9709.551010

9120.474794

8310.946006

8014.331144

8088.362029

8478.075318

8969.661447

9542.436722

10005.330419

10278.961407

10250.554337

10067.218979

9809.423746

9631.430562

9559.524504

9645.178069

9853.010108

10131.465518

10309.116452

10016.260778

9910.170465

9712.041560

9554.812515

9525.090884

9620.318733

9858.212462

10147.500016

10430.689173

10506.291692

10336.746594

9867.541810

9307.885256

8717.976262

8276.558530

8077.773438

8369.107284

8973.430694

9723.163273

9751.302698

9534.922801

9136.162531

10429.786258

10533.484662

9238.823604

10322.765350

14857.970660

18317.703962

9125.666835

13406.870420

13406.870417

9125.666835

18317.703962

14857.970661

10322.765350

9238.823603

10533.484662

10429.786258

9136.162531

9534.922801

9751.302698

9723.163273

8973.430695

8369.107284

8077.773438

8276.558530

8717.976262

9307.885256

9867.541810

10336.746594

10506.291692

10430.689173

10147.500016

9858.212462

9620.318733

9525.090884

9554.812515

9712.041560

9910.170465

10016.260778

9773.780152

9727.885706

9578.146182

9471.194735

9457.520506

9587.587132

9828.374415

10176.505658

10486.348962

10677.076656

10551.657474

10184.460493

9597.542421

9007.506787

8472.772752

8231.327620

8378.946186

8932.860581

9402.155042

9673.083504

9290.225480

10091.114342

11640.654128

11144.076950

9815.085430

10155.636584

14090.479838

10444.651950

12078.897368

3721.583006

3721.583007

12078.897367

10444.651950

14090.479838

10155.636584

9815.085430

11144.076950

11640.654128

10091.114342

9290.225480

9673.083504

9402.155042

8932.860581

8378.946186

8231.327620

8472.772752

9007.506787

9597.542421

10184.460493

10551.657474

10677.076656

10486.348962

10176.505658

9828.374415

9587.587132

9457.520506

9471.194735

9578.146182

9727.885706

9773.780152

9586.813460

9574.626700

9470.181621

9380.912001

9391.644654

9510.324304

9771.359046

10106.401672

10480.270173

10698.942419

10708.394874

10380.307538

9890.749712

9267.760824

8737.460262

8406.912000

8468.345280

8819.301820

9207.619770

9149.943076

9137.544859

10005.827784

12648.594193

12265.788672

9725.817152

8846.554063

7752.507232

10231.255722

3861.472946

17596.981194

17596.981194

3861.472946

10231.255722

7752.507232

8846.554063

9725.817152

12265.788672

12648.594193

10005.827784

9137.544859

9149.943076

9207.619770

8819.301820

8468.345280

8406.912000

8737.460262

9267.760824

9890.749712

10380.307538

10708.394874

10698.942419

10480.270173

10106.401672

9771.359046

9510.324304

9391.644654

9380.912001

9470.181621

9574.626700

9586.813460

9441.290042

9459.740146

9375.567605

9310.658166

9311.721651

9434.229417

9660.624294

10005.468535

10356.290823

10655.242591

10702.524793

10528.017047

10072.438790

9551.645668

8994.451025

8655.905781

8592.019656

8813.425492

8993.618728

8874.901414

8548.939775

9450.511631

12035.021620

12691.093565

10256.518377

8068.367316

8626.066261

5069.460928

8807.836972

17237.739363

17237.739363

8807.836972

5069.460928

8626.066261

8068.367316

10256.518377

12691.093565

12035.021620

9450.511631

8548.939775

8874.901414

8993.618728

8813.425492

8592.019656

8655.905781

8994.451025

9551.645668

10072.438790

10528.017047

10702.524793

10655.242591

10356.290823

10005.468535

9660.624294

9434.229417

9311.721651

9310.658166

9375.567605

9459.740146

9441.290042

9339.050557

9369.603545

9310.546083

9245.691309

9251.455341

9340.546692

9552.755460

9843.111613

10201.874363

10481.618506

10638.224092

10514.194105

10225.921951

9739.647538

9289.512863

8907.354502

8809.900306

8894.164206

9020.840303

8729.414488

8238.165492

8270.829085

9893.661191

11250.357000

10701.613141

10284.826967

8018.570426

6295.726211

7075.838485

15160.949026

15160.949026

7075.838485

6295.726211

8018.570426

10284.826967

10701.613141

11250.357000

9893.661191

8270.829085

8238.165492

8729.414488

9020.840303

8894.164206

8809.900306

8907.354502

9289.512863

9739.647538

10225.921951

10514.194105

10638.224092

10481.618506

10201.874363

9843.111613

9552.755460

9340.546692

9251.455341

9245.691309

9310.546083

9369.603545

9339.050557

9265.685969

9311.148674

9259.753506

9207.389266

9192.994608

9268.589579

9425.617163

9687.878858

9982.211078

10285.092177

10442.446938

10458.919232

10229.156289

9917.237849

9495.647844

9208.579324

9043.342253

9145.076666

9204.867990

9053.628447

8153.800233

7548.862084

7468.340205

8346.124622

9014.506229

11934.186076

10442.979767

6889.820017

7288.814692

11302.612305

11302.612305

7288.814692

6889.820017

10442.979767

11934.186076

9014.506229

8346.124622

7468.340205

7548.862084

8153.800233

9053.628447

9204.867990

9145.076666

9043.342253

9208.579324

9495.647844

9917.237849

10229.156289

10458.919232

10442.446938

10285.092177

9982.211078

9687.878858

9425.617163

9268.589579

9192.994608

9207.389266

9259.753506

9311.148674

9265.685969

9224.067248

9270.291688

9234.796387

9177.386049

9160.740309

9197.042585

9324.172994

9514.509341

9778.514047

10024.975852

10236.835663

10279.068301

10209.271537

9955.831062

9700.648766

9421.215432

9351.197196

9403.642228

9683.827851

9565.071292

8919.075426

7337.333637

6516.013183

5998.097361

6681.188998

8313.719726

14734.573627

10598.898393

7462.373836

9290.790361

9290.790361

7462.373836

10598.898393

14734.573628

8313.719727

6681.188998

5998.097361

6516.013183

7337.333637

8919.075426

9565.071292

9683.827851

9403.642228

9351.197196

9421.215432

9700.648766

9955.831062

10209.271537

10279.068301

10236.835663

10024.975852

9778.514047

9514.509341

9324.172994

9197.042585

9160.740309

9177.386049

9234.796387

9270.291688

9224.067248

9202.455594

9252.678538

9218.585609

9169.577487

9133.082621

9152.928509

9224.355246

9374.556675

9561.736936

9792.686860

9971.886462

10102.165889

10075.911306

9984.961708

9778.045032

9641.171200

9557.800971

9750.804874

10055.079379

10495.707397

9984.431106

8552.831790

6536.960020

5695.899165

5379.057882

6529.925292

8714.456494

15816.407671

12298.932808

7289.303257

7289.303257

12298.932807

15816.407670

8714.456494

6529.925292

5379.057882

5695.899165

6536.960020

8552.831790

9984.431106

10495.707397

10055.079379

9750.804874

9557.800971

9641.171200

9778.045032

9984.961708

10075.911306

10102.165889

9971.886462

9792.686860

9561.736936

9374.556675

9224.355246

9152.928509

9133.082621

9169.577487

9218.585609

9252.678538

9202.455594

9204.794189

9245.361452

9219.061279

9163.770688

9125.776632

9112.587765

9156.914922

9241.691983

9389.852869

9553.637128

9744.150562

9870.020592

9955.188718

9916.257179

9858.174498

9747.638341

9769.064162

9922.003273

10412.141490

10984.212850

11393.950452

10322.666327

8225.007011

6394.371197

5965.681148

5911.098570

7534.833020

9027.477398

14580.909388

10326.743847

10326.743847

14580.909388

9027.477398

7534.833020

5911.098570

5965.681148

6394.371197

8225.007011

10322.666327

11393.950452

10984.212850

10412.141490

9922.003273

9769.064162

9747.638341

9858.174498

9916.257179

9955.188718

9870.020592

9744.150562

9553.637128

9389.852869

9241.691983

9156.914922

9112.587765

9125.776632

9163.770688

9219.061279

9245.361452

9204.794189

9220.937723

9253.269496

9220.231534

9169.978661

9117.284191

9094.941227

9097.305337

9151.105536

9233.559599

9370.572999

9513.021276

9678.473792

9783.390663

9866.054284

9858.857720

9862.251946

9862.304451

10034.880299

10402.445110

11074.189519

11724.312322

11766.287400

10426.821068

8408.410362

7134.438532

7059.719553

7248.494315

8185.115664

7696.174942

6937.356962

6937.356962

7696.174942

8185.115664

7248.494315

7059.719553

7134.438532

8408.410362

10426.821068

11766.287400

11724.312322

11074.189519

10402.445110

10034.880299

9862.304451

9862.251946

9858.857720

9866.054284

9783.390663

9678.473792

9513.021276

9370.572999

9233.559599

9151.105536

9097.305337

9094.941227

9117.284191

9169.978661

9220.231534

9253.269496

9220.937723

9253.812023

9265.232501

9229.790508

9171.389472

9121.181570

9078.539818

9068.225401

9076.517813

9131.480815

9209.954134

9343.075914

9480.659259

9646.272744

9762.899938

9870.341996

9902.165413

9942.182813

9997.937767

10222.219734

10650.186523

11213.468267

11665.281244

11450.991390

10595.629718

9552.598764

9397.695142

10242.098033

13411.371588

20296.023256

12322.283336

12322.283336

20296.023257

13411.371588

10242.098033

9397.695142

9552.598764

10595.629718

11450.991390

11665.281245

11213.468267

10650.186523

10222.219734

9997.937767

9942.182813

9902.165413

9870.341996

9762.899938

9646.272744

9480.659259

9343.075914

9209.954134

9131.480815

9076.517813

9068.225401

9078.539818

9121.181570

9171.389472

9229.790508

9265.232501

9253.812023

9292.635248

9286.035257

9236.430639

9180.086150

9121.323827

9080.576454

9046.737624

9042.633184

9052.785350

9111.503522

9194.893536

9337.761022

9487.299607

9670.469796

9806.354515

9922.288369

9939.850565

9936.575440

9952.749977

10126.264687

10487.762925

10890.487673

11215.589404

11295.851801

11349.125043

11955.390564

13086.745924

15143.707114

11828.078674

10044.451303

10044.451303

11828.078674

15143.707114

13086.745924

11955.390564

11349.125043

11295.851801

11215.589404

10890.487673

10487.762925

10126.264687

9952.749977

9936.575440

9939.850565

9922.288369

9806.354515

9670.469796

9487.299607

9337.761022

9194.893536

9111.503522

9052.785350

9042.633184

9046.737624

9080.576454

9121.323827

9180.086150

9236.430639

9286.035257

9292.635248

9338.211646

9306.884997

9250.202560

9186.045315

9133.531334

9083.321302

9051.163019

9021.518128

9022.063337

9037.828566

9108.109718

9204.161511

9362.550049

9523.625256

9713.326840

9833.573187

9903.485227

9843.223902

9765.717239

9738.133767

9895.789297

10211.858949

10590.156048

10871.712941

11156.768552

11191.242669

11202.491943

10564.571726

9977.934091

8815.961088

8815.961088

9977.934091

10564.571726

11202.491943

11191.242669

11156.768552

10871.712941

10590.156048

10211.858949

9895.789297

9738.133767

9765.717239

9843.223902

9903.485227

9833.573187

9713.326840

9523.625256

9362.550049

9204.161511

9108.109718

9037.828566

9022.063337

9021.518128

9051.163019

9083.321302

9133.531334

9186.045315

9250.202560

9306.884997

9338.211646

9379.656492

9332.623380

9264.329912

9203.380311

9146.416280

9103.515105

9059.159112

9031.616145

9005.812824

9015.201470

9041.514586

9124.794982

9227.922376

9388.726045

9536.638121

9699.165591

9763.774776

9772.433513

9659.992884

9582.497603

9561.312883

9713.226352

9911.945691

10141.227184

10184.850381

10112.798779

9811.586884

9676.910790

9121.702879

8807.248257

8807.248257

9121.702879

9676.910790

9811.586884

10112.798779

10184.850381

10141.227184

9911.945691

9713.226352

9561.312883

9582.497603

9659.992884

9772.433513

9763.774776

9699.165591

9536.638121

9388.726045

9227.922376

9124.794982

9041.514586

9015.201470

9005.812824

9031.616145

9059.159112

9103.515105

9146.416280

9203.380311

9264.329912

9332.623380

9379.656492

9417.989886

9356.530943

9287.743789

9224.504539

9175.028025

9126.039362

9088.311865

9046.873304

9025.411218

9007.830864

9028.233068

9060.925592

9144.761600

9235.266828

9374.713061

9485.346460

9608.450117

9630.672752

9632.909897

9537.447556

9505.359114

9447.289913

9481.105975

9409.411319

9349.500397

9095.453475

8978.609240

8693.084370

8445.099302

8227.393367

8227.393367

8445.099302

8693.084370

8978.609240

9095.453475

9349.500397

9409.411319

9481.105975

9447.289913

9505.359114

9537.447556

9632.909897

9630.672752

9608.450117

9485.346460

9374.713061

9235.266828

9144.761600

9060.925592

9028.233068

9007.830864

9025.411218

9046.873304

9088.311865

9126.039362

9175.028025

9224.504539

9287.743789

9356.530943

9417.989886

9446.702562

9382.021275

9313.564711

9258.961545

9208.660161

9166.467152

9120.526982

9086.855173

9051.511333

9039.343400

9029.158041

9051.399583

9074.743326

9139.322933

9200.162451

9307.832954

9385.250315

9488.511456

9503.515247

9527.700349

9448.376586

9426.531673

9307.007474

9266.786447

9078.724775

8998.863327

8841.511526

8790.965078

8742.795812

8691.854599

8691.854599

8742.795812

8790.965078

8841.511526

8998.863327

9078.724775

9266.786447

9307.007474

9426.531673

9448.376586

9527.700349

9503.515247

9488.511456

9385.250315

9307.832954

9200.162451

9139.322933

9074.743326

9051.399583

9029.158041

9039.343400

9051.511333

9086.855173

9120.526982

9166.467152

9208.660161

9258.961545

9313.564711

9382.021275

9446.702562

9471.141355

9403.814263

9344.348072

9297.167360

9256.146059

9210.649795

9170.816434

9127.646321

9099.632144

9070.772562

9061.453972

9046.007029

9052.198889

9050.584187

9084.887127

9116.555618

9197.931609

9255.451128

9337.196678

9333.105117

9327.226536

9232.497513

9208.256522

9178.019953

9295.604662

9482.127406

9833.789988

10320.459197

10797.781915

11162.945183

11162.945183

10797.781915

10320.459197

9833.789988

9482.127406

9295.604662

9178.019953

9208.256522

9232.497513

9327.226536

9333.105117

9337.196678

9255.451128

9197.931609

9116.555618

9084.887127

9050.584187

9052.198889

9046.007029

9061.453972

9070.772562

9099.632144

9127.646321

9170.816434

9210.649795

9256.146059

9297.167360

9344.348072

9403.814263

9471.141355

9492.290568

9418.815981

9372.004034

9340.986579

9304.991208

9265.767247

9218.493825

9178.233099

9136.684553

9108.962027

9076.284596

9054.572272

9019.934603

8999.801919

8973.075202

8981.537022

8995.108608

9048.338110

9076.708756

9092.297313

9027.710005

8930.168050

8816.823304

8767.855117

8848.901895

9070.791993

9517.969208

10058.221212

10693.091975

11061.960713

11061.960713

10693.091975

10058.221212

9517.969208

9070.791993

8848.901895

8767.855117

8816.823304

8930.168050

9027.710005

9092.297313

9076.708756

9048.338110

8995.108608

8981.537022

8973.075202

8999.801919

9019.934603

9054.572272

9076.284596

9108.962027

9136.684553

9178.233099

9218.493825

9265.767247

9304.991208

9340.986579

9372.004034

9418.815981

9492.290568

9511.532978

9420.407505

9398.141624

9383.969901

9357.114127

9314.328280

9268.350840

9216.607467

9171.792215

9123.752808

9084.374537

9037.000810

8996.100368

8944.679013

8906.566321

8869.986929

8860.489154

8857.565256

8857.877331

8825.358417

8728.736203

8580.022497

8371.018848

8199.845072

8047.106675

8035.835251

8085.570990

8294.045621

8481.694669

8647.330270

8647.330270

8481.694669

8294.045621

8085.570990

8035.835251

8047.106675

8199.845072

8371.018848

8580.022497

8728.736203

8825.358417

8857.877331

8857.565256

8860.489154

8869.986929

8906.566321

8944.679013

8996.100368

9037.000810

9084.374537

9123.752808

9171.792215

9216.607467

9268.350840

9314.328280

9357.114127

9383.969901

9398.141624

9420.407505

9511.532978

9526.793530

9428.740390

9435.496279

9428.901159

9399.675855

9359.795875

9308.701677

9255.876314

9194.718968

9136.476364

9072.979784

9017.536014

8959.261981

8910.157689

8859.020357

8815.565082

8773.975034

8729.625315

8681.480566

8593.546301

8487.937645

8306.845322

8124.030493

7871.790646

7667.896866

7433.650163

7299.516401

7171.397192

7141.230020

7114.383539

7114.383539

7141.230020

7171.397192

7299.516401

7433.650163

7667.896866

7871.790646

8124.030493

8306.845322

8487.937645

8593.546301

8681.480566

8729.625315

8773.975034

8815.565082

8859.020357

8910.157689

8959.261981

9017.536014

9072.979784

9136.476364

9194.718968

9255.876314

9308.701677

9359.795875

9399.675855

9428.901159

9435.496279

9428.740390

9526.793530

9597.816522

9532.657666

9506.068620

9473.133022

9438.868071

9396.040604

9350.105253

9287.936213

9220.899618

9140.081512

9064.250034

8985.934030

8924.631745

8867.116279

8821.723212

8767.402206

8700.604131

8613.869710

8505.362595

8397.574891

8279.105551

8184.403720

8070.801061

7976.408662

7825.082844

7676.892341

7451.355308

7256.374891

7056.834748

6958.454199

6958.454199

7056.834748

7256.374891

7451.355308

7676.892341

7825.082844

7976.408662

8070.801061

8184.403720

8279.105551

8397.574891

8505.362595

8613.869710

8700.604131

8767.402206

8821.723212

8867.116279

8924.631745

8985.934030

9064.250034

9140.081512

9220.899618

9287.936213

9350.105253

9396.040604

9438.868071

9473.133022

9506.068620

9532.657666

9597.816522

