AXIS X

0.000000 0.000500 0.001000 0.001500 0.002000 0.002500 0.003000 0.003500 0.004000 0.004500 0.005000 0.005500 0.006000 0.006500 0.007000 0.007500 0.008000 0.008500 0.009000 0.009500 0.010000 0.010500 0.011000 0.011500 0.012000 0.012500 0.013000 0.013500 0.014000 0.014500 0.015000 0.015500 0.016000 0.016500 0.017000 0.017500 0.018000 0.018500 0.019000 0.019500 0.020000 0.020500 0.021000 0.021500 0.022000 0.022500 0.023000 0.023500 0.024000 0.024500 0.025000 0.025500 0.026000 0.026500 0.027000 0.027500 0.028000 0.028500 0.029000 0.029500 

AXIS Y

0.000000 0.000500 0.001000 0.001500 0.002000 0.002500 0.003000 0.003500 0.004000 0.004500 0.005000 0.005500 0.006000 0.006500 0.007000 0.007500 0.008000 0.008500 0.009000 0.009500 0.010000 0.010500 0.011000 0.011500 0.012000 0.012500 0.013000 0.013500 0.014000 0.014500 0.015000 0.015500 0.016000 0.016500 0.017000 0.017500 0.018000 0.018500 0.019000 0.019500 0.020000 0.020500 0.021000 0.021500 0.022000 0.022500 0.023000 0.023500 0.024000 0.024500 0.025000 0.025500 0.026000 0.026500 0.027000 0.027500 0.028000 0.028500 0.029000 0.029500 



DATA
21752.269416

21738.145722

21733.225638

21758.279160

21801.305657

21822.802010

21798.932639

21691.871523

21467.822920

21072.515705

20453.189695

19561.890684

18417.846880

17120.394143

15863.071574

14844.329851

14228.861531

14081.504488

14411.594263

15147.639767

16227.543608

17505.645307

18928.063159

20182.533889

21308.957616

21590.645407

21799.740289

21039.854850

24791.050495

24074.713092

24074.713092

24791.050495

21039.854850

21799.740289

21590.645407

21308.957616

20182.533889

18928.063159

17505.645307

16227.543608

15147.639767

14411.594263

14081.504488

14228.861531

14844.329851

15863.071574

17120.394143

18417.846880

19561.890684

20453.189695

21072.515705

21467.822920

21691.871523

21798.932639

21822.802010

21801.305657

21758.279160

21733.225638

21738.145722

21752.269416

21800.045152

21799.659144

21765.183808

21710.670060

21657.927316

21557.340786

21393.972833

21135.573984

20754.788608

20241.400944

19610.071790

18918.018832

18236.666336

17639.036330

17154.456907

16791.715169

16538.655480

16421.166223

16474.721463

16766.138190

17313.651326

18139.015519

19173.721450

20403.421338

21615.185143

22551.076439

22536.677055

23058.964915

25037.757750

23504.596357

23504.596357

25037.757750

23058.964915

22536.677055

22551.076439

21615.185143

20403.421338

19173.721450

18139.015519

17313.651326

16766.138190

16474.721463

16421.166223

16538.655480

16791.715169

17154.456907

17639.036330

18236.666337

18918.018832

19610.071790

20241.400944

20754.788608

21135.573984

21393.972833

21557.340786

21657.927316

21710.670060

21765.183808

21799.659144

21800.045152

21841.799385

21803.684148

21753.733537

21615.688253

21407.759934

21157.655177

20839.125135

20447.508546

19986.518654

19491.303515

19025.560092

18654.603662

18429.324858

18358.687257

18432.342809

18615.855066

18886.589858

19213.878542

19598.505641

20037.235444

20568.355631

21200.870327

21965.932168

22809.106929

23587.117404

24010.129463

24425.436730

24963.571160

24022.809388

24406.127454

24406.127454

24022.809388

24963.571160

24425.436730

24010.129463

23587.117404

22809.106928

21965.932168

21200.870327

20568.355631

20037.235443

19598.505641

19213.878542

18886.589858

18615.855065

18432.342809

18358.687257

18429.324858

18654.603662

19025.560092

19491.303515

19986.518654

20447.508546

20839.125135

21157.655177

21407.759934

21615.688253

21753.733537

21803.684148

21841.799385

21852.243672

21787.255260

21708.694117

21500.857119

21172.946735

20763.606591

20308.537742

19828.558040

19372.374728

19005.142258

18788.254387

18759.011264

18914.185935

19236.779797

19705.834198

20323.579888

21094.981087

22026.720887

23081.081201

24181.891641

25192.838198

25983.644320

26459.673743

26562.478923

26325.360174

25927.107411

25776.246181

25281.685171

24064.635566

23518.141654

23518.141654

24064.635566

25281.685171

25776.246181

25927.107411

26325.360175

26562.478924

26459.673743

25983.644320

25192.838198

24181.891641

23081.081201

22026.720887

21094.981087

20323.579888

19705.834198

19236.779797

18914.185935

18759.011264

18788.254387

19005.142258

19372.374728

19828.558040

20308.537742

20763.606591

21172.946735

21500.857119

21708.694117

21787.255260

21852.243672

21826.788938

21715.051041

21611.590609

21354.867379

20949.302273

20442.242311

19901.319771

19401.347165

19019.033580

18820.973589

18844.775465

19080.596436

19497.577600

20059.556258

20760.955007

21622.349710

22687.630216

23987.084221

25501.882208

27106.501517

28549.245014

29507.334582

29701.828926

29122.498189

27948.773201

26686.794594

25222.935559

23775.995251

22033.923991

22539.836600

22539.836600

22033.923991

23775.995251

25222.935559

26686.794594

27948.773201

29122.498189

29701.828926

29507.334582

28549.245014

27106.501517

25501.882208

23987.084221

22687.630215

21622.349710

20760.955007

20059.556258

19497.577600

19080.596436

18844.775465

18820.973589

19019.033580

19401.347165

19901.319771

20442.242311

20949.302273

21354.867379

21611.590609

21715.051041

21826.788938

21741.561063

21591.665880

21441.950626

21171.233930

20739.816475

20210.182635

19671.065983

19226.634817

18958.868221

18918.418275

19101.428161

19477.469889

19994.908592

20625.447147

21362.662130

22233.274553

23272.895694

24504.268075

25895.398418

27323.891024

28556.758372

29294.964108

29319.520390

28568.019375

27290.287667

25617.908846

23824.522076

21827.927022

21086.582278

22129.746917

22129.746917

21086.582278

21827.927022

23824.522076

25617.908846

27290.287667

28568.019375

29319.520390

29294.964108

28556.758372

27323.891024

25895.398418

24504.268075

23272.895694

22233.274553

21362.662130

20625.447147

19994.908592

19477.469889

19101.428161

18918.418275

18958.868221

19226.634817

19671.065983

20210.182635

20739.816475

21171.233930

21441.950626

21591.665880

21741.561063

21615.854971

21414.823207

21231.733183

20955.655538

20558.529093

20081.569192

19631.881576

19303.374790

19166.564556

19229.250054

19473.097299

19845.860273

20313.970632

20848.422711

21452.627703

22135.959867

22914.316487

23779.085756

24691.776357

25552.687567

26232.119891

26575.987264

26492.285879

25978.968217

25100.394472

23989.171439

22734.356342

21753.457780

21958.181880

22633.129977

22633.129977

21958.181880

21753.457780

22734.356342

23989.171439

25100.394473

25978.968218

26492.285879

26575.987264

26232.119891

25552.687567

24691.776357

23779.085755

22914.316487

22135.959867

21452.627703

20848.422711

20313.970632

19845.860273

19473.097299

19229.250054

19166.564556

19303.374790

19631.881576

20081.569192

20558.529093

20955.655538

21231.733183

21414.823207

21615.854971

21453.402382

21213.213662

20997.651693

20747.859762

20421.062549

20066.399545

19759.678863

19582.520877

19552.306928

19662.476731

19865.002362

20135.591756

20442.656314

20788.820699

21169.890472

21597.089196

22061.695887

22553.749305

23023.335493

23423.294936

23662.423847

23712.553142

23542.950355

23243.121913

22885.951781

22618.436643

22492.210919

22798.070861

23666.473653

23175.607614

23175.607614

23666.473653

22798.070861

22492.210919

22618.436644

22885.951781

23243.121913

23542.950355

23712.553142

23662.423847

23423.294936

23023.335493

22553.749305

22061.695887

21597.089196

21169.890472

20788.820699

20442.656314

20135.591756

19865.002362

19662.476731

19552.306928

19582.520877

19759.678863

20066.399545

20421.062549

20747.859762

20997.651693

21213.213662

21453.402382

21276.816849

21000.134094

20778.169686

20569.849434

20355.626619

20148.902584

20013.305239

19968.937842

20015.655426

20104.290914

20216.429943

20325.346721

20449.238484

20588.941843

20767.004313

20978.474024

21229.040124

21486.057586

21729.047548

21875.820987

21901.039932

21743.351088

21510.999995

21289.415364

21347.663771

21793.981319

22768.755676

23927.197984

24558.080032

23717.443144

23717.443144

24558.080032

23927.197984

22768.755676

21793.981319

21347.663771

21289.415364

21510.999995

21743.351088

21901.039932

21875.820987

21729.047548

21486.057586

21229.040124

20978.474024

20767.004313

20588.941843

20449.238484

20325.346721

20216.429943

20104.290914

20015.655426

19968.937842

20013.305239

20148.902584

20355.626619

20569.849434

20778.169686

21000.134094

21276.816849

21104.446786

20807.446441

20590.370894

20454.401573

20358.026899

20311.541862

20318.671049

20381.890299

20448.893636

20494.657819

20488.777506

20462.089209

20427.510744

20429.167787

20472.910710

20582.126032

20737.905670

20939.195244

21110.034142

21209.065805

21112.336425

20862.262523

20483.655891

20292.295602

20488.312251

21418.876281

23005.721005

24688.414022

24943.549259

23743.798091

23743.798091

24943.549259

24688.414022

23005.721005

21418.876281

20488.312251

20292.295602

20483.655892

20862.262523

21112.336425

21209.065805

21110.034142

20939.195244

20737.905670

20582.126032

20472.910710

20429.167787

20427.510744

20462.089209

20488.777506

20494.657819

20448.893636

20381.890299

20318.671049

20311.541862

20358.026899

20454.401573

20590.370894

20807.446441

21104.446786

20958.804000

20649.935833

20465.268820

20400.359715

20425.259577

20501.369536

20621.827606

20736.292609

20809.242004

20794.767017

20718.286264

20597.685632

20496.928820

20435.356069

20457.387159

20559.359036

20765.158833

21021.958257

21297.847785

21428.660074

21354.262080

20949.390966

20433.379141

19988.991082

20124.987280

20993.788381

22630.284024

24347.479371

24537.767190

23544.013414

23544.013414

24537.767190

24347.479371

22630.284024

20993.788381

20124.987280

19988.991083

20433.379141

20949.390966

21354.262080

21428.660074

21297.847785

21021.958257

20765.158833

20559.359036

20457.387159

20435.356069

20496.928820

20597.685632

20718.286264

20794.767017

20809.242004

20736.292609

20621.827606

20501.369536

20425.259577

20400.359715

20465.268820

20649.935833

20958.804000

20857.733466

20557.822268

20405.433344

20414.474041

20519.467223

20684.706579

20858.777548

21005.152378

21063.191268

21034.920399

20927.208300

20809.889569

20712.363478

20698.748955

20779.497496

21005.768898

21357.697774

21844.133481

22317.124293

22661.962137

22591.778666

22092.007214

21168.850318

20350.393315

19949.843579

20405.205660

21372.692751

22351.969752

22553.748617

23607.474639

23607.474639

22553.748617

22351.969752

21372.692751

20405.205660

19949.843579

20350.393315

21168.850318

22092.007214

22591.778666

22661.962138

22317.124293

21844.133481

21357.697774

21005.768898

20779.497496

20698.748955

20712.363478

20809.889569

20927.208300

21034.920399

21063.191268

21005.152378

20858.777548

20684.706579

20519.467223

20414.474041

20405.433344

20557.822268

20857.733466

20815.264353

20539.155564

20427.401645

20472.479838

20625.508471

20817.964265

21017.432078

21164.293103

21237.201127

21218.945646

21164.746121

21105.080608

21115.940506

21217.491640

21482.708565

21921.010904

22592.682041

23407.221038

24284.148208

24877.769950

24947.857578

24184.172905

22842.215343

21307.863594

20350.107059

19939.474168

19961.956536

19555.983866

19814.290213

24387.623680

24387.623680

19814.290213

19555.983866

19961.956536

19939.474168

20350.107059

21307.863594

22842.215343

24184.172905

24947.857578

24877.769951

24284.148208

23407.221038

22592.682041

21921.010904

21482.708565

21217.491640

21115.940506

21105.080608

21164.746120

21218.945646

21237.201127

21164.293103

21017.432078

20817.964265

20625.508471

20472.479838

20427.401645

20539.155564

20815.264353

20846.955015

20615.751289

20517.425693

20574.812783

20717.717022

20906.563736

21090.923365

21246.295592

21335.450621

21384.298256

21412.562603

21496.163313

21660.789884

21989.860994

22508.817084

23315.252986

24376.335659

25684.453408

26946.572551

27879.999987

27980.428226

27071.756239

25280.471276

23288.487236

21628.616548

20595.879708

19171.239799

17512.968717

16839.485334

25290.825425

25290.825425

16839.485334

17512.968717

19171.239799

20595.879708

21628.616548

23288.487236

25280.471276

27071.756240

27980.428226

27879.999987

26946.572551

25684.453408

24376.335659

23315.252986

22508.817084

21989.860994

21660.789884

21496.163313

21412.562603

21384.298256

21335.450621

21246.295591

21090.923365

20906.563736

20717.717022

20574.812783

20517.425693

20615.751289

20846.955015

20963.947551

20780.023262

20683.578159

20703.904371

20813.839925

20958.845688

21124.044993

21271.876611

21403.047094

21517.676905

21678.625041

21915.064285

22311.989241

22898.549459

23782.260171

24963.584796

26475.567909

28079.951038

29555.290763

30455.645263

30514.723662

29671.887212

28073.534695

26275.898655

24589.992657

22712.893085

20239.036100

16600.826824

14021.016145

25503.530144

25503.530144

14021.016145

16600.826824

20239.036100

22712.893085

24589.992657

26275.898655

28073.534695

29671.887212

30514.723662

30455.645263

29555.290763

28079.951038

26475.567909

24963.584796

23782.260171

22898.549459

22311.989241

21915.064285

21678.625041

21517.676905

21403.047093

21271.876611

21124.044993

20958.845688

20813.839925

20703.904371

20683.578159

20780.023262

20963.947551

21184.193454

21040.088338

20905.921365

20878.769621

20923.458108

21024.431942

21151.161436

21299.063476

21450.395968

21644.226301

21908.171566

22324.565254

22924.805790

23806.049828

24977.877805

26468.296072

28054.863452

29509.863440

30471.178579

30865.077249

30807.050871

30389.142578

30085.945322

29698.110655

29369.923744

27822.599170

23527.240425

18020.819989

12436.810590

23172.420361

23172.420361

12436.810590

18020.819989

23527.240425

27822.599170

29369.923745

29698.110655

30085.945322

30389.142578

30807.050871

30865.077249

30471.178579

29509.863440

28054.863452

26468.296072

24977.877805

23806.049828

22924.805790

22324.565254

21908.171565

21644.226301

21450.395968

21299.063476

21151.161436

21024.431942

20923.458108

20878.769621

20905.921365

21040.088338

21184.193454

21513.749056

21373.041743

21195.658021

21096.598254

21089.146856

21134.639627

21231.559908

21355.704821

21520.863165

21741.923984

22091.096728

22604.876927

23366.891656

24386.693163

25671.885816

27021.073672

28152.493036

28723.579169

28741.071280

28490.448814

28280.695531

28571.540779

29389.545730

31419.393865

33843.697409

35487.798031

31225.599655

21978.386650

14207.197061

21561.297515

21561.297515

14207.197061

21978.386650

31225.599655

35487.798031

33843.697410

31419.393865

29389.545730

28571.540779

28280.695531

28490.448814

28741.071280

28723.579169

28152.493036

27021.073672

25671.885816

24386.693163

23366.891655

22604.876927

22091.096728

21741.923984

21520.863165

21355.704821

21231.559908

21134.639627

21089.146856

21096.598254

21195.658021

21373.041743

21513.749056

21959.976877

21781.720194

21533.973044

21385.748808

21324.072057

21336.235215

21390.794244

21486.058081

21615.005128

21826.685510

22158.228763

22682.500785

23411.423249

24344.706301

25332.911760

26090.528811

26300.458074

25890.964671

25156.738931

24432.576774

24090.023522

24175.404154

25108.096558

27183.088705

31028.429893

35728.956613

38690.231667

29224.287145

18400.547445

20703.257773

20703.257773

18400.547444

29224.287145

38690.231667

35728.956614

31028.429893

27183.088705

25108.096558

24175.404154

24090.023522

24432.576774

25156.738931

25890.964671

26300.458074

26090.528811

25332.911760

24344.706301

23411.423249

22682.500785

22158.228763

21826.685510

21615.005128

21486.058081

21390.794244

21336.235215

21324.072057

21385.748808

21533.973044

21781.720194

21959.976877

22503.404985

22241.942354

21936.455793

21737.096008

21655.999022

21635.212525

21656.390310

21689.680184

21750.488659

21863.233140

22089.313128

22446.858257

22941.205652

23487.216877

23867.501454

23842.407888

23236.544490

22243.656649

21104.024496

20108.815579

19223.710110

18612.167005

18299.362585

18719.513158

20584.637868

22584.543835

24946.350690

29442.542252

30880.058514

19726.439148

19726.439148

30880.058513

29442.542251

24946.350690

22584.543835

20584.637868

18719.513158

18299.362585

18612.167005

19223.710110

20108.815579

21104.024496

22243.656649

23236.544490

23842.407888

23867.501454

23487.216877

22941.205652

22446.858257

22089.313128

21863.233140

21750.488659

21689.680184

21656.390310

21635.212525

21655.999022

21737.096008

21936.455793

22241.942354

22503.404985

23129.267481

22759.909515

22383.071845

22163.965216

22065.256113

22033.609985

22006.322566

21961.715401

21893.755514

21843.685759

21838.510689

21895.056053

21979.286079

21965.443752

21721.326440

21042.444264

20020.894052

18763.691721

17491.734607

16206.586783

14962.003666

13725.807662

12825.278293

12545.735517

13216.035824

15232.335547

16328.063675

19894.247492

35472.913994

19975.467922

19975.467921

35472.913993

19894.247492

16328.063675

15232.335547

13216.035824

12545.735517

12825.278293

13725.807662

14962.003666

16206.586783

17491.734607

18763.691721

20020.894052

21042.444264

21721.326440

21965.443752

21979.286079

21895.056053

21838.510689

21843.685759

21893.755514

21961.715401

22006.322566

22033.609985

22065.256113

22163.965216

22383.071845

22759.909515

23129.267481

23792.870392

23315.554527

22884.015745

22633.538059

22534.901413

22479.675636

22399.845786

22243.649894

22011.529707

21729.735508

21428.568846

21111.620400

20724.572612

20220.843561

19441.941704

18442.569832

17219.917257

15959.795624

14680.085519

13368.718018

12097.747977

10977.294094

10257.813229

10174.037270

11102.256277

13248.696532

16353.540058

19621.780697

32720.295181

26722.835756

26722.835755

32720.295180

19621.780697

16353.540057

13248.696532

11102.256277

10174.037270

10257.813229

10977.294094

12097.747977

13368.718018

14680.085519

15959.795624

17219.917257

18442.569832

19441.941704

20220.843561

20724.572612

21111.620400

21428.568846

21729.735508

22011.529707

22243.649894

22399.845786

22479.675636

22534.901413

22633.538059

22884.015745

23315.554527

23792.870392

24482.433079

23909.617969

23411.208553

23129.960247

22999.076089

22905.964618

22744.991957

22457.748109

22038.082633

21513.115027

20918.178851

20244.408287

19490.279542

18559.240277

17508.608251

16303.037678

15138.604036

14008.085674

12917.354152

11911.543621

10951.982206

10396.482341

10160.773045

10631.507680

11690.989138

14066.427668

17720.193620

25658.709545

43388.548100

31899.508508

31899.508506

43388.548099

25658.709544

17720.193619

14066.427668

11690.989138

10631.507680

10160.773045

10396.482341

10951.982206

11911.543621

12917.354153

14008.085674

15138.604036

16303.037678

17508.608251

18559.240277

19490.279542

20244.408287

20918.178851

21513.115027

22038.082633

22457.748109

22744.991957

22905.964618

22999.076089

23129.960247

23411.208553

23909.617969

24482.433079

25157.930844

24521.773149

23956.129315

23598.383541

23395.746434

23211.289329

22935.273273

22508.523053

21916.557525

21202.316694

20379.806223

19468.989847

18409.308641

17249.363995

15978.447814

14829.915933

13811.873287

13017.211696

12368.809476

11800.687023

11584.085645

11567.339022

12139.789543

12875.940091

14167.444790

16255.384947

20831.247782

34272.234315

46754.637780

64239.854222

64239.854221

46754.637780

34272.234315

20831.247781

16255.384947

14167.444790

12875.940091

12139.789543

11567.339022

11584.085645

11800.687023

12368.809476

13017.211696

13811.873287

14829.915933

15978.447814

17249.363995

18409.308641

19468.989848

20379.806223

21202.316694

21916.557525

22508.523053

22935.273273

23211.289329

23395.746434

23598.383541

23956.129315

24521.773149

25157.930844

25837.679550

25139.709923

24479.936545

23999.825337

23648.553305

23306.812003

22884.667370

22320.786487

21628.177220

20808.892398

19890.283661

18815.145631

17596.159105

16234.198688

14984.362459

13948.474927

13333.303747

13006.831799

12961.846380

13182.398079

13586.467421

14479.276736

15299.522363

15735.409578

15963.922903

17408.274299

24337.820448

36800.741128

37057.819147

57880.395428

57880.395428

37057.819147

36800.741127

24337.820448

17408.274298

15963.922903

15735.409578

15299.522363

14479.276736

13586.467421

13182.398079

12961.846380

13006.831799

13333.303748

13948.474927

14984.362459

16234.198688

17596.159105

18815.145631

19890.283661

20808.892398

21628.177220

22320.786487

22884.667370

23306.812003

23648.553305

23999.825337

24479.936544

25139.709923

25837.679550

26493.071490

25743.941882

24955.119197

24284.316065

23709.338620

23154.734836

22556.804502

21907.631341

21176.538708

20377.565602

19431.831393

18304.055342

16946.711201

15571.829182

14396.934690

13745.937935

13572.653954

13960.606179

14666.221032

15668.794664

16936.961882

18061.509078

18555.054410

17311.056357

16108.187059

19994.647311

30289.303719

35701.463719

37449.693674

51877.642187

51877.642187

37449.693674

35701.463719

30289.303719

19994.647311

16108.187059

17311.056357

18555.054410

18061.509078

16936.961882

15668.794664

14666.221032

13960.606179

13572.653954

13745.937935

14396.934690

15571.829182

16946.711202

18304.055342

19431.831393

20377.565602

21176.538708

21907.631341

22556.804502

23154.734836

23709.338620

24284.316065

24955.119197

25743.941882

26493.071490

27155.851309

26308.731827

25344.944153

24424.546499

23574.719410

22770.886022

22029.182057

21322.374038

20649.440283

19904.855063

19013.135458

17836.354425

16465.456413

15138.666989

14275.262202

14020.407757

14537.331216

15584.130697

17178.274514

18891.824370

20558.312027

21670.807503

20454.253968

17494.549869

17861.707989

25403.199931

34474.381706

34660.402604

35839.496347

42490.905474

42490.905473

35839.496347

34660.402604

34474.381706

25403.199931

17861.707989

17494.549869

20454.253968

21670.807503

20558.312027

18891.824370

17178.274514

15584.130697

14537.331216

14020.407757

14275.262202

15138.666989

16465.456413

17836.354425

19013.135458

19904.855063

20649.440283

21322.374038

22029.182057

22770.886022

23574.719410

24424.546499

25344.944153

26308.731827

27155.851309

27781.340939

26812.931501

25621.656553

24417.279383

23275.420614

22260.117537

21399.234285

20713.730105

20097.643897

19457.511187

18583.311285

17422.777997

16079.117467

14973.350057

14450.788510

14760.578376

15823.817791

17682.173285

19798.424879

22118.911169

23899.649606

24130.304450

21436.733801

18976.782147

22487.963702

31358.819640

34227.553316

32597.152631

32246.667517

43165.838056

43165.838056

32246.667517

32597.152631

34227.553316

31358.819640

22487.963702

18976.782147

21436.733801

24130.304450

23899.649606

22118.911169

19798.424879

17682.173285

15823.817792

14760.578376

14450.788511

14973.350057

16079.117467

17422.777997

18583.311285

19457.511187

20097.643897

20713.730105

21399.234285

22260.117537

23275.420614

24417.279383

25621.656553

26812.931501

27781.340939

28378.360263

27216.918796

25771.103169

24278.387416

22894.491239

21715.962373

20824.697443

20161.535818

19642.646150

19039.506188

18208.014186

17051.063523

15842.239719

15000.612283

14898.489393

15646.099740

17303.187868

19537.536242

22278.903603

24574.329376

26381.293581

25780.844027

22982.131090

23048.070369

28886.804135

33208.345286

31812.893678

28611.947810

29058.783160

44080.329766

44080.329766

29058.783160

28611.947810

31812.893678

33208.345286

28886.804135

23048.070369

22982.131090

25780.844027

26381.293581

24574.329376

22278.903603

19537.536242

17303.187868

15646.099740

14898.489393

15000.612283

15842.239719

17051.063523

18208.014186

19039.506188

19642.646150

20161.535818

20824.697443

21715.962373

22894.491239

24278.387416

25771.103169

27216.918796

28378.360263

28865.350243

27497.784520

25786.092540

24054.988866

22496.833636

21260.124686

20369.495415

19784.106661

19301.677234

18752.168994

17903.598957

16811.282589

15760.421718

15212.315899

15449.639401

16570.595349

18490.993642

21174.121508

23810.713242

26446.203885

27512.760526

27093.017756

26275.913779

28876.002856

32391.481295

31361.935540

29070.045254

24938.791892

26360.320885

57429.338110

57429.338110

26360.320885

24938.791892

29070.045254

31361.935540

32391.481295

28876.002855

26275.913779

27093.017756

27512.760526

26446.203885

23810.713242

21174.121508

18490.993642

16570.595349

15449.639401

15212.315899

15760.421718

16811.282589

17903.598957

18752.168994

19301.677234

19784.106661

20369.495415

21260.124686

22496.833636

24054.988866

25786.092540

27497.784520

28865.350243

29217.158730

27616.487982

25684.263099

23785.245945

22163.349076

20929.613517

20114.924565

19576.846356

19160.001858

18593.991940

17772.011699

16729.197025

15856.494815

15549.225979

16016.589466

17302.770399

19428.920687

22038.722232

24965.596694

26758.340695

28074.130949

28699.918919

30052.068540

32761.832594

31124.714916

29819.505894

25697.250042

24375.973154

28261.009369

65888.187692

65888.187692

28261.009369

24375.973154

25697.250042

29819.505894

31124.714916

32761.832594

30052.068539

28699.918919

28074.130949

26758.340695

24965.596694

22038.722233

19428.920687

17302.770400

16016.589466

15549.225979

15856.494815

16729.197025

17772.011699

18593.991940

19160.001858

19576.846356

20114.924565

20929.613517

22163.349076

23785.245945

25684.263099

27616.487982

29217.158730

29339.106424

27566.488229

25480.317657

23521.605167

21915.779826

20773.130724

20034.848264

19587.732086

19181.826838

18644.504765

17807.986367

16848.611903

16108.409771

15949.094642

16511.597651

17835.716937

19885.670978

22589.463831

24916.865889

26826.492093

28008.042791

29946.240688

32632.092559

31269.604844

30144.527961

27249.340930

26849.732766

24375.793144

37082.073515

70947.675973

70947.675973

37082.073515

24375.793144

26849.732766

27249.340930

30144.527960

31269.604844

32632.092559

29946.240688

28008.042791

26826.492094

24916.865889

22589.463831

19885.670979

17835.716937

16511.597651

15949.094642

16108.409771

16848.611903

17807.986367

18644.504765

19181.826837

19587.732086

20034.848264

20773.130724

21915.779826

23521.605167

25480.317657

27566.488229

29339.106424

29214.329280

27335.756479

25208.728757

23280.682408

21785.373035

20757.337371

20148.396415

19758.323657

19413.831864

18859.391950

18059.946213

17135.082775

16482.425588

16367.661641

16906.688205

18122.417434

20086.682244

22454.711183

24731.322842

26274.931292

28109.302501

30405.361165

30600.477148

28967.887973

27268.726327

29680.857939

28010.675425

33651.972410

41227.238311

60895.978005

60895.978005

41227.238310

33651.972410

28010.675425

29680.857939

27268.726327

28967.887973

30600.477147

30405.361165

28109.302501

26274.931292

24731.322842

22454.711183

20086.682244

18122.417434

16906.688205

16367.661641

16482.425588

17135.082775

18059.946213

18859.391950

19413.831864

19758.323657

20148.396415

20757.337371

21785.373035

23280.682408

25208.728757

27335.756479

29214.329280

28803.313967

26951.181778

24884.343339

23088.041620

21742.771105

20886.239927

20388.531179

20109.233106

19787.970419

19280.917711

18467.670467

17585.912986

16929.103322

16783.459903

17194.537756

18264.484830

19977.411362

22154.737556

24251.379720

26018.210595

27868.505849

28300.258335

26847.783348

25015.044647

27010.829243

30766.540170

40378.072930

40682.839186

50700.021286

43111.654497

43111.654497

50700.021286

40682.839186

40378.072931

30766.540170

27010.829243

25015.044647

26847.783348

28300.258335

27868.505850

26018.210596

24251.379720

22154.737556

19977.411362

18264.484830

17194.537756

16783.459903

16929.103322

17585.912986

18467.670467

19280.917711

19787.970419

20109.233106

20388.531179

20886.239927

21742.771105

23088.041620

24884.343339

26951.181778

28803.313967

28155.956973

26432.767586

24537.247038

22924.900323

21787.950253

21093.065577

20758.558302

20559.949043

20334.372950

19829.508091

19054.637457

18131.165640

17449.161804

17168.565768

17444.332871

18271.076795

19770.419194

21780.162603

23863.999595

25791.320311

26177.120536

25248.764753

22394.527512

21774.717403

25141.814873

38626.330470

50924.579913

61080.366461

42131.391234

30082.022944

30082.022944

42131.391234

61080.366461

50924.579913

38626.330470

25141.814873

21774.717403

22394.527512

25248.764753

26177.120536

25791.320311

23863.999595

21780.162603

19770.419194

18271.076795

17444.332871

17168.565768

17449.161804

18131.165640

19054.637457

19829.508091

20334.372950

20559.949043

20758.558302

21093.065577

21787.950253

22924.900323

24537.247038

26432.767586

28155.956973

27316.975836

25832.107725

24166.444639

22797.622156

21862.468369

21372.806368

21171.154321

21125.656029

20958.328513

20538.546726

19729.862204

18799.178301

17983.164238

17593.351853

17624.947811

18279.671752

19520.285330

21453.772504

23690.688217

24711.038400

24303.669611

21449.802298

19193.330943

18758.643031

24805.381488

39228.641300

65798.334134

60159.440000

53904.458732

30478.590295

30478.590295

53904.458732

60159.439994

65798.334135

39228.641300

24805.381488

18758.643031

19193.330943

21449.802298

24303.669611

24711.038400

23690.688217

21453.772504

19520.285330

18279.671752

17624.947811

17593.351853

17983.164238

18799.178301

19729.862204

20538.546726

20958.328513

21125.656029

21171.154320

21372.806368

21862.468369

22797.622156

24166.444639

25832.107725

27316.975836

26387.046040

25178.899256

23796.965859

22665.437810

21964.091392

21640.685621

21630.987779

21698.280369

21686.316897

21295.240798

20538.156850

19499.686266

18609.011382

17985.604689

17873.401136

18215.504188

19377.681214

21249.987767

23249.653912

23809.251696

21960.207539

19195.120542

16516.668698

17736.422215

23546.105337

38703.765071

45548.392566

52562.857346

42440.730794

46967.232493

46967.232493

42440.730795

52562.857346

45548.392566

38703.765071

23546.105337

17736.422215

16516.668698

19195.120542

21960.207539

23809.251696

23249.653912

21249.987767

19377.681214

18215.504188

17873.401136

17985.604689

18609.011382

19499.686266

20538.156850

21295.240798

21686.316897

21698.280369

21630.987779

21640.685621

21964.091392

22665.437810

23796.965859

25178.899256

26387.046040

25433.872384

24528.214889

23415.024231

22539.768633

22023.572913

21903.196689

22028.519808

22295.106302

22382.961967

22140.878497

21355.630076

20311.922072

19227.135840

18481.759605

18050.841482

18285.376822

19194.554477

21180.267926

22859.926008

22971.072181

20877.862496

17740.313038

15971.677848

17667.979532

25283.027857

33499.506957

38830.456159

25442.207515

66991.070358

56030.758371

56030.758371

66991.070358

25442.207515

38830.456159

33499.506957

25283.027857

17667.979532

15971.677848

17740.313038

20877.862497

22971.072181

22859.926008

21180.267927

19194.554477

18285.376822

18050.841482

18481.759605

19227.135840

20311.922072

21355.630076

22140.878497

22382.961967

22295.106302

22028.519808

21903.196689

22023.572913

22539.768633

23415.024231

24528.214889

25433.872384

24541.062246

23896.503966

23051.635166

22376.193916

22060.320781

22068.675509

22386.080609

22775.029126

23080.958804

22913.622027

22249.308475

21104.335660

19958.414934

18938.057102

18364.567061

18261.888860

19252.824373

20927.872046

22798.379825

22544.683823

20809.406407

17834.145119

17233.642551

20266.864433

25121.591739

30131.298562

30063.060796

30117.064675

31055.914463

45523.791302

45523.791303

31055.914463

30117.064674

30063.060796

30131.298562

25121.591739

20266.864433

17233.642551

17834.145119

20809.406407

22544.683823

22798.379825

20927.872046

19252.824373

18261.888860

18364.567061

18938.057102

19958.414934

21104.335660

22249.308475

22913.622027

23080.958804

22775.029126

22386.080609

22068.675509

22060.320781

22376.193916

23051.635166

23896.503966

24541.062246

23737.617864

23328.561473

22687.394197

22208.843240

22011.618620

22177.188436

22587.032889

23180.628348

23602.773612

23668.183308

23038.124674

21972.272548

20653.408738

19521.489845

18624.141835

18453.679423

19136.660381

21000.669302

22357.067415

22964.084927

20991.790522

19420.896015

20142.942035

22751.126539

23352.887913

23952.093028

28723.955424

28165.123558

19860.902472

12566.009815

12566.009815

19860.902472

28165.123558

28723.955424

23952.093028

23352.887913

22751.126539

20142.942035

19420.896015

20991.790522

22964.084927

22357.067415

21000.669302

19136.660381

18453.679423

18624.141835

19521.489845

20653.408738

21972.272548

23038.124674

23668.183308

23602.773612

23180.628348

22587.032889

22177.188436

22011.618620

22208.843240

22687.394197

23328.561473

23737.617864

23063.292754

22819.010782

22362.802118

22000.768863

21932.332278

22151.602504

22699.373059

23365.482269

24017.549399

24191.630632

23801.238617

22720.854677

21432.197837

20073.882182

19057.480292

18599.760704

19270.581674

20662.087750

22388.410809

22453.204231

21954.971105

21036.791651

24015.470361

24254.244759

21273.177506

23769.045613

34211.741755

42178.072080

21012.624418

30870.459972

30870.459966

21012.624417

42178.072080

34211.741755

23769.045612

21273.177506

24254.244759

24015.470361

21036.791651

21954.971105

22453.204231

22388.410809

20662.087750

19270.581674

18599.760704

19057.480292

20073.882182

21432.197837

22720.854677

23801.238617

24191.630632

24017.549399

23365.482269

22699.373059

22151.602504

21932.332278

22000.768863

22362.802118

22819.010782

23063.292754

22504.960481

22399.284612

22054.496618

21808.231810

21776.745735

22076.235209

22630.668415

23432.270226

24145.710799

24584.877544

24296.089206

23450.586912

22099.158108

20740.550853

19509.280236

18953.332273

19293.236582

20568.671611

21649.262042

22273.097880

21391.534702

23235.649456

26803.596668

25660.185460

22600.069399

23384.217409

32444.528829

24049.699881

27812.689018

8569.261553

8569.261553

27812.689017

24049.699881

32444.528828

23384.217408

22600.069399

25660.185460

26803.596668

23235.649456

21391.534702

22273.097880

21649.262042

20568.671611

19293.236582

18953.332273

19509.280236

20740.550853

22099.158108

23450.586912

24296.089206

24584.877544

24145.710799

23432.270226

22630.668415

22076.235209

21776.745735

21808.231810

22054.496618

22399.284612

22504.960481

22074.453763

22046.392710

21805.899029

21600.348131

21625.060980

21898.330972

22499.385677

23270.849834

24131.713872

24635.225326

24656.990406

23901.541399

22774.292845

21339.807919

20118.745749

19357.630248

19499.085603

20307.192902

21201.328024

21068.522529

21039.974579

23039.269899

29124.464437

28243.022151

22394.521591

20369.943509

17850.807585

23558.336908

8891.370042

40518.546578

40518.546579

8891.370043

23558.336908

17850.807585

20369.943509

22394.521591

28243.022151

29124.464437

23039.269899

21039.974579

21068.522529

21201.328024

20307.192902

19499.085603

19357.630248

20118.745749

21339.807919

22774.292845

23901.541399

24656.990406

24635.225326

24131.713872

23270.849834

22499.385677

21898.330972

21625.060980

21600.348131

21805.899029

22046.392710

22074.453763

21739.373709

21781.856643

21588.042207

21438.582698

21441.031463

21723.116020

22244.409489

23038.442697

23846.240867

24534.602753

24643.474046

24241.655111

23192.647408

21993.476928

20710.488850

19930.959618

19783.856379

20293.662156

20708.572415

20435.215697

19684.661287

21760.607203

27711.661377

29222.322858

23616.506320

18578.102307

19862.251584

11672.865162

20280.794114

39691.361695

39691.361695

20280.794114

11672.865162

19862.251583

18578.102307

23616.506320

29222.322858

27711.661377

21760.607203

19684.661287

20435.215697

20708.572415

20293.662156

19783.856379

19930.959618

20710.488850

21993.476928

23192.647408

24241.655111

24643.474046

24534.602753

23846.240867

23038.442697

22244.409489

21723.116020

21441.031463

21438.582698

21588.042207

21781.856643

21739.373709

21503.958596

21574.309451

21438.324618

21288.990983

21302.263158

21507.403572

21996.032320

22664.602069

23490.683829

24134.818522

24495.416211

24209.826611

23546.055447

22426.367232

21389.893840

20509.941694

20285.545115

20479.569916

20771.252409

20100.219670

18969.077054

19044.287757

22780.996774

25904.904320

24641.374889

23681.689259

18463.440730

14496.445323

16292.720215

34909.375223

34909.375223

16292.720215

14496.445323

18463.440729

23681.689259

24641.374889

25904.904319

22780.996774

19044.287757

18969.077054

20100.219670

20771.252409

20479.569916

20285.545115

20509.941694

21389.893840

22426.367232

23546.055447

24209.826611

24495.416211

24134.818522

23490.683829

22664.602069

21996.032320

21507.403572

21302.263158

21288.990983

21438.324618

21574.309451

21503.958596

21335.030388

21439.712136

21321.370388

21200.797270

21167.652345

21341.716198

21703.285572

22307.165441

22984.890423

23682.299928

24044.622653

24082.551513

23553.502786

22835.284035

21864.537173

21203.537480

20823.065063

21057.317206

21194.991816

20846.749900

18774.818869

17381.897305

17196.488826

19217.662140

20756.667665

27479.478956

24045.849537

15864.396865

16783.116054

26025.226605

26025.226605

16783.116054

15864.396865

24045.849537

27479.478956

20756.667665

19217.662139

17196.488826

17381.897305

18774.818869

20846.749900

21194.991816

21057.317206

20823.065063

21203.537480

21864.537173

22835.284035

23553.502786

24082.551513

24044.622653

23682.299928

22984.890423

22307.165441

21703.285572

21341.716198

21167.652345

21200.797270

21321.370388

21439.712136

21335.030388

21239.199741

21345.635448

21263.904497

21131.712308

21093.384077

21176.973155

21469.701741

21907.967376

22515.860676

23083.359955

23571.185197

23668.429440

23507.716450

22924.148191

22336.569241

21693.150212

21531.927266

21652.686414

22297.837653

22024.390571

20536.930120

16894.835054

15003.674822

13811.129570

15384.006190

19143.047109

33927.609586

24404.865442

17182.750754

21392.835387

21392.835387

17182.750754

24404.865442

33927.609587

19143.047110

15384.006190

13811.129570

15003.674822

16894.835054

20536.930120

22024.390571

22297.837653

21652.686414

21531.927266

21693.150212

22336.569241

22924.148191

23507.716450

23668.429440

23571.185197

23083.359955

22515.860676

21907.967376

21469.701741

21176.973155

21093.384077

21131.712308

21263.904497

21345.635448

21239.199741

21189.437070

21305.079672

21226.577801

21113.732431

21029.699895

21075.396741

21239.862882

21585.714453

22016.712931

22548.494784

22961.117117

23261.096583

23200.643173

22991.223982

22514.780730

22199.617085

22007.650037

22452.057948

23152.675887

24167.259393

22990.002228

19693.622982

15051.906695

13115.292508

12385.738493

15035.708636

20065.777617

36418.624528

28319.339343

16784.241018

16784.241018

28319.339342

36418.624525

20065.777617

15035.708636

12385.738493

13115.292508

15051.906695

19693.622982

22990.002228

24167.259393

23152.675887

22452.057948

22007.650037

22199.617085

22514.780730

22991.223982

23200.643173

23261.096583

22961.117117

22548.494784

22016.712931

21585.714453

21239.862882

21075.396741

21029.699895

21113.732431

21226.577801

21305.079672

21189.437070

21194.821884

21288.231458

21227.673073

21100.361782

21012.877236

20982.508746

21084.575796

21279.782194

21620.935241

21998.062434

22436.735829

22726.562283

22922.669139

22833.025958

22699.285644

22444.766737

22494.101511

22846.256829

23974.841781

25292.084767

26235.540462

23768.817605

18938.778534

14723.583798

13736.488480

13610.807451

17349.594190

20786.534884

33573.784599

23778.206442

23778.206442

33573.784599

20786.534884

17349.594190

13610.807451

13736.488480

14723.583798

18938.778534

23768.817605

26235.540462

25292.084767

23974.841781

22846.256829

22494.101511

22444.766737

22699.285644

22833.025958

22922.669139

22726.562283

22436.735829

21998.062434

21620.935241

21279.782194

21084.575796

20982.508746

21012.877236

21100.361782

21227.673073

21288.231458

21194.821884

21231.993744

21306.440402

21230.367684

21114.656168

20993.322666

20941.876092

20947.319655

21071.199192

21261.056687

21576.541700

21904.540980

22285.509477

22527.089501

22717.429520

22700.858820

22708.674313

22708.795212

23106.165786

23952.515041

25499.263704

26996.226778

27092.877968

24008.642759

19361.080356

16427.651811

16255.605003

16690.274956

18846.925313

17721.097694

15973.854726

15973.854726

17721.097694

18846.925313

16690.274956

16255.605003

16427.651810

19361.080355

24008.642758

27092.877968

26996.226778

25499.263704

23952.515042

23106.165786

22708.795212

22708.674313

22700.858820

22717.429520

22527.089501

22285.509477

21904.540980

21576.541700

21261.056687

21071.199192

20947.319655

20941.876092

20993.322666

21114.656168

21230.367684

21306.440402

21231.993744

21307.689618

21333.986239

21252.378036

21117.904681

21002.296713

20904.110451

20880.360628

20899.454612

21026.011602

21206.703095

21513.227323

21830.024682

22211.363824

22479.907863

22727.302343

22800.578468

22892.721936

23021.102463

23537.530776

24522.960726

25819.964871

26860.302699

26366.882075

24397.339039

21995.671513

21638.992743

23583.302252

30880.824295

46733.320596

28373.105922

28373.105922

46733.320598

30880.824295

23583.302252

21638.992743

21995.671513

24397.339039

26366.882075

26860.302699

25819.964871

24522.960726

23537.530776

23021.102463

22892.721936

22800.578468

22727.302343

22479.907863

22211.363824

21830.024682

21513.227323

21206.703095

21026.011602

20899.454612

20880.360628

20904.110451

21002.296713

21117.904681

21252.378036

21333.986239

21307.689618

21397.083397

21381.886357

21267.667501

21137.929520

21002.624273

20908.799978

20830.883194

20821.432371

20844.808596

20980.012185

21172.024788

21500.989332

21845.314648

22267.079594

22579.965722

22846.913286

22887.351739

22879.810483

22917.053731

23316.586115

24148.966569

25076.274572

25824.848972

26009.659970

26132.326143

27528.304094

30133.346080

34869.674253

27235.157633

23128.203839

23128.203838

27235.157633

34869.674253

30133.346080

27528.304094

26132.326143

26009.659970

25824.848972

25076.274572

24148.966569

23316.586115

22917.053731

22879.810483

22887.351739

22846.913286

22579.965722

22267.079594

21845.314648

21500.989332

21172.024788

20980.012185

20844.808596

20821.432371

20830.883194

20908.799978

21002.624273

21137.929520

21267.667501

21381.886357

21397.083397

21502.026931

21429.894656

21299.378523

21151.651007

21030.733096

20915.120225

20841.073041

20772.813158

20774.068548

20810.369329

20972.197661

21193.365089

21558.068176

21928.957547

22365.761585

22642.639032

22803.617452

22664.860623

22486.394937

22422.881645

22785.896919

23513.674188

24384.735450

25033.044154

25689.408953

25768.788542

25794.690953

24325.825369

22975.042298

20299.500581

20299.500581

22975.042298

24325.825369

25794.690953

25768.788542

25689.408953

25033.044154

24384.735450

23513.674188

22785.896919

22422.881645

22486.394937

22664.860623

22803.617452

22642.639032

22365.761585

21928.957547

21558.068176

21193.365089

20972.197661

20810.369329

20774.068548

20772.813158

20841.073041

20915.120225

21030.733096

21151.651007

21299.378523

21429.894656

21502.026931

21597.457217

21489.159473

21331.907953

21191.566310

21060.401781

20961.618174

20859.484726

20796.064701

20736.650358

20758.268514

20818.856705

21010.616903

21248.076502

21618.340632

21958.920775

22333.154104

22481.922251

22501.859729

22242.955612

22064.516134

22015.736515

22365.530203

22823.098392

23351.038539

23451.484663

23285.579718

22592.013697

22281.910531

21003.497072

20279.438547

20279.438547

21003.497072

22281.910531

22592.013697

23285.579718

23451.484663

23351.038539

22823.098392

22365.530203

22015.736515

22064.516134

22242.955612

22501.859729

22481.922251

22333.154104

21958.920775

21618.340632

21248.076502

21010.616903

20818.856705

20758.268514

20736.650358

20796.064701

20859.484726

20961.618174

21060.401781

21191.566310

21331.907953

21489.159473

21597.457217

21685.723116

21544.208670

21385.820396

21240.206641

21126.282757

21013.482192

20926.611420

20831.195609

20781.777328

20741.297068

20788.274878

20863.552197

21056.591740

21264.987727

21586.074545

21840.817361

22124.274007

22175.443514

22180.594732

21960.784568

21886.898200

21753.188923

21831.053283

21665.970236

21528.020240

20943.055587

20674.011792

20016.566482

19445.559761

18944.273320

18944.273320

19445.559761

20016.566482

20674.011792

20943.055587

21528.020240

21665.970236

21831.053283

21753.188923

21886.898200

21960.784568

22180.594732

22175.443514

22124.274007

21840.817361

21586.074545

21264.987727

21056.591740

20863.552197

20788.274878

20741.297068

20781.777328

20831.195609

20926.611420

21013.482192

21126.282757

21240.206641

21385.820396

21544.208670

21685.723116

21751.836496

21602.902330

21445.275266

21319.546830

21203.723614

21106.570618

21000.789469

20923.257264

20841.875065

20813.857363

20790.404708

20841.617750

20895.368706

21044.068745

21184.156912

21432.077408

21610.337469

21848.105033

21882.652539

21938.340793

21755.691080

21705.391308

21430.176671

21337.564333

20904.536331

20720.648550

20358.332639

20241.945141

20131.031308

20013.734830

20013.734830

20131.031308

20241.945141

20358.332639

20720.648550

20904.536331

21337.564333

21430.176671

21705.391308

21755.691080

21938.340793

21882.652539

21848.105033

21610.337469

21432.077408

21184.156912

21044.068745

20895.368706

20841.617750

20790.404708

20813.857363

20841.875065

20923.257264

21000.789469

21106.570618

21203.723614

21319.546830

21445.275266

21602.902330

21751.836496

21808.108897

21653.082540

21516.156575

21407.518970

21313.063934

21208.304915

21116.585212

21017.182354

20952.677327

20886.225683

20864.768838

20829.200936

20843.458221

20839.740231

20918.725671

20991.645065

21179.020208

21311.463797

21499.689881

21490.268715

21476.732780

21258.611144

21202.794200

21133.171927

21403.920724

21833.405214

22643.138233

23763.735499

24862.811675

25703.631173

25703.631173

24862.811675

23763.735499

22643.138233

21833.405214

21403.920724

21133.171927

21202.794200

21258.611144

21476.732780

21490.268715

21499.689881

21311.463797

21179.020208

20991.645065

20918.725671

20839.740231

20843.458221

20829.200936

20864.768838

20886.225683

20952.677327

21017.182354

21116.585212

21208.304915

21313.063934

21407.518970

21516.156575

21653.082540

21808.108897

21856.806760

21687.625271

21579.836779

21508.416452

21425.534045

21335.217538

21226.366462

21133.662713

21037.993652

20974.160175

20898.917611

20848.923138

20769.166957

20722.809738

20661.269199

20680.753259

20712.002990

20834.568449

20899.894275

20935.788255

20787.070482

20562.471830

20301.485908

20188.732491

20375.349593

20886.270425

21915.934013

23159.910225

24621.754179

25471.105837

25471.105837

24621.754179

23159.910225

21915.934013

20886.270425

20375.349593

20188.732491

20301.485908

20562.471830

20787.070482

20935.788255

20899.894275

20834.568449

20712.002990

20680.753259

20661.269199

20722.809738

20769.166957

20848.923138

20898.917611

20974.160175

21037.993652

21133.662713

21226.366462

21335.217538

21425.534045

21508.416452

21579.836779

21687.625271

21856.806760

21901.114046

21691.289891

21640.020806

21607.389208

21545.551502

21447.033449

21341.166481

21222.022962

21118.832030

21008.217207

20917.545389

20808.463351

20714.286602

20595.884557

20508.126841

20423.899678

20402.030243

20395.297719

20396.016298

20321.138730

20098.657862

19756.231899

19274.983213

18880.841029

18529.147872

18503.194458

18617.715230

19097.745808

19529.823707

19911.213773

19911.213773

19529.823707

19097.745808

18617.715230

18503.194458

18529.147872

18880.841029

19274.983213

19756.231899

20098.657862

20321.138730

20396.016298

20395.297719

20402.030243

20423.899678

20508.126841

20595.884557

20714.286602

20808.463351

20917.545389

21008.217207

21118.832030

21222.022962

21341.166481

21447.033449

21545.551502

21607.389208

21640.020806

21691.289891

21901.114046

21936.252765

21710.477067

21726.033078

21710.847253

21643.553503

21551.726455

21434.077716

21312.442822

21171.622831

21037.514279

20891.307999

20763.644001

20629.463083

20516.396272

20398.648212

20298.588745

20202.824120

20100.705117

19989.847737

19787.371609

19544.198692

19127.218208

18706.271508

18125.467797

17655.985019

17116.612053

16807.757651

16512.752271

16443.289789

16381.473483

16381.473483

16443.289789

16512.752271

16807.757651

17116.612053

17655.985019

18125.467797

18706.271508

19127.218208

19544.198692

19787.371609

19989.847737

20100.705117

20202.824120

20298.588745

20398.648212

20516.396272

20629.463083

20763.644001

20891.307999

21037.514279

21171.622831

21312.442822

21434.077716

21551.726455

21643.553503

21710.847253

21726.033078

21710.477067

21936.252765

22099.789250

21949.755438

21888.531898

21812.694880

21733.796915

21635.183029

21529.412973

21386.263468

21231.906005

21045.815439

20871.207007

20690.877743

20549.724017

20417.289761

20312.768363

20187.689623

20033.881372

19834.167987

19584.321122

19336.130760

19063.345024

18845.286001

18583.706211

18366.359680

18017.919107

17676.697865

17157.379655

16708.420654

16248.962494

16022.432909

16022.432909

16248.962494

16708.420654

17157.379655

17676.697865

18017.919107

18366.359680

18583.706211

18845.286001

19063.345024

19336.130760

19584.321122

19834.167987

20033.881372

20187.689623

20312.768363

20417.289761

20549.724017

20690.877743

20871.207007

21045.815439

21231.906005

21386.263468

21529.412973

21635.183029

21733.796915

21812.694880

21888.531898

21949.755438

22099.789250

