AXIS X

0.000000 0.000500 0.001000 0.001500 0.002000 0.002500 0.003000 0.003500 0.004000 0.004500 0.005000 0.005500 0.006000 0.006500 0.007000 0.007500 0.008000 0.008500 0.009000 0.009500 0.010000 0.010500 0.011000 0.011500 0.012000 0.012500 0.013000 0.013500 0.014000 0.014500 0.015000 0.015500 0.016000 0.016500 0.017000 0.017500 0.018000 0.018500 0.019000 0.019500 0.020000 0.020500 0.021000 0.021500 0.022000 0.022500 0.023000 0.023500 0.024000 0.024500 0.025000 0.025500 0.026000 0.026500 0.027000 0.027500 0.028000 0.028500 0.029000 0.029500 

AXIS Y

0.000000 0.000500 0.001000 0.001500 0.002000 0.002500 0.003000 0.003500 0.004000 0.004500 0.005000 0.005500 0.006000 0.006500 0.007000 0.007500 0.008000 0.008500 0.009000 0.009500 0.010000 0.010500 0.011000 0.011500 0.012000 0.012500 0.013000 0.013500 0.014000 0.014500 0.015000 0.015500 0.016000 0.016500 0.017000 0.017500 0.018000 0.018500 0.019000 0.019500 0.020000 0.020500 0.021000 0.021500 0.022000 0.022500 0.023000 0.023500 0.024000 0.024500 0.025000 0.025500 0.026000 0.026500 0.027000 0.027500 0.028000 0.028500 0.029000 0.029500 



DATA
15418.997874

15224.681600

15142.439578

15024.449311

14853.256437

14568.060494

14086.562487

13392.675844

12512.499444

11542.387226

10603.449347

9843.161101

9379.202238

9332.896406

9789.747665

10874.815194

12591.911486

14763.276871

16543.341799

16834.887954

15130.684936

12611.473231

10365.585332

8943.188473

8637.294500

9709.053920

12972.399916

23926.800249

18683.610982

15791.997929

15791.997929

18683.610982

23926.800250

12972.399916

9709.053920

8637.294500

8943.188473

10365.585332

12611.473231

15130.684936

16834.887954

16543.341799

14763.276871

12591.911486

10874.815194

9789.747665

9332.896406

9379.202238

9843.161101

10603.449347

11542.387226

12512.499444

13392.675844

14086.562487

14568.060494

14853.256437

15024.449311

15142.439578

15224.681600

15418.997874

15364.148627

15044.083548

14877.794413

14568.241634

14179.010854

13674.352887

13097.739306

12472.358027

11873.515206

11378.173131

11069.146679

10989.622365

11145.423825

11488.760339

11962.388335

12497.261910

13032.395624

13459.892700

13653.035048

13579.279093

13474.990942

13686.536463

14272.741454

14815.139409

14649.637100

13300.813619

12541.635685

21341.122162

19818.064222

9711.285155

9711.285153

19818.064221

21341.122162

12541.635685

13300.813619

14649.637100

14815.139409

14272.741454

13686.536463

13474.990942

13579.279093

13653.035047

13459.892699

13032.395624

12497.261910

11962.388335

11488.760339

11145.423825

10989.622365

11069.146679

11378.173131

11873.515206

12472.358027

13097.739306

13674.352887

14179.010854

14568.241634

14877.794413

15044.083548

15364.148627

15354.492622

14992.254154

14572.926490

14006.430937

13324.486753

12642.306478

12010.487070

11538.132691

11302.460774

11368.294428

11725.876465

12291.321226

12882.509548

13312.912609

13451.074999

13334.645237

13106.884500

12995.589509

13185.801215

13872.665335

15126.722210

16848.585533

18653.857192

20158.483296

20340.603459

19277.237880

18021.409659

21462.885346

11833.681305

9569.101380

9569.101380

11833.681305

21462.885346

18021.409659

19277.237880

20340.603457

20158.483296

18653.857192

16848.585532

15126.722210

13872.665335

13185.801215

12995.589509

13106.884500

13334.645237

13451.074999

13312.912609

12882.509548

12291.321226

11725.876465

11368.294427

11302.460774

11538.132690

12010.487070

12642.306478

13324.486753

14006.430937

14572.926490

14992.254154

15354.492622

15169.250877

14776.154400

14269.815224

13520.476226

12649.482183

11813.052021

11187.391879

10888.863772

11019.273054

11591.780212

12528.356158

13600.858565

14502.564420

14924.783239

14762.631657

14140.584079

13432.243158

13025.849790

13276.428623

14332.663601

16194.600172

18573.554322

21119.195111

22922.127937

23338.054678

21533.364952

19590.257679

16748.416474

10787.387491

12058.190887

12058.190887

10787.387489

16748.416475

19590.257678

21533.364952

23338.054678

22922.127938

21119.195111

18573.554322

16194.600172

14332.663601

13276.428623

13025.849790

13432.243158

14140.584079

14762.631657

14924.783239

14502.564420

13600.858565

12528.356158

11591.780212

11019.273054

10888.863772

11187.391879

11813.052021

12649.482183

13520.476226

14269.815224

14776.154400

15169.250877

14853.232323

14377.586478

13863.600139

13075.712267

12151.103084

11312.371356

10763.169272

10670.216597

11103.011439

12058.062562

13387.699628

14814.582931

15928.095051

16384.912326

16038.738403

15128.600288

14091.630732

13459.011361

13546.666726

14536.987439

16320.557462

18673.506081

20920.959790

22388.269799

22068.394870

20227.483375

17233.266635

13739.685488

10042.997672

13540.370345

13540.370345

10042.997672

13739.685487

17233.266635

20227.483373

22068.394868

22388.269799

20920.959790

18673.506080

16320.557462

14536.987439

13546.666726

13459.011361

14091.630732

15128.600288

16038.738403

16384.912326

15928.095051

14814.582931

13387.699628

12058.062562

11103.011439

10670.216597

10763.169272

11312.371356

12151.103084

13075.712267

13863.600139

14377.586478

14853.232323

14399.402550

13880.422529

13336.563800

12610.797813

11792.105329

11103.380652

10760.997782

10898.625553

11578.749021

12755.439055

14294.908376

15895.134584

17158.915823

17674.164606

17327.313924

16312.575349

15156.391164

14304.750397

14122.064168

14656.646689

15876.286905

17398.688017

18806.868574

19346.589475

18788.432794

17014.241097

14887.199344

12646.487143

11610.211508

13819.369394

13819.369394

11610.211508

12646.487143

14887.199344

17014.241096

18788.432794

19346.589475

18806.868574

17398.688017

15876.286904

14656.646689

14122.064168

14304.750397

15156.391164

16312.575348

17327.313924

17674.164606

17158.915822

15895.134584

14294.908376

12755.439055

11578.749021

10898.625553

10760.997782

11103.380652

11792.105329

12610.797813

13336.563800

13880.422529

14399.402550

13851.078349

13291.074277

12748.130296

12131.495568

11536.252261

11146.383685

11118.566802

11543.334525

12418.800401

13704.994687

15268.713118

16883.970656

18162.563687

18765.793054

18513.604278

17642.775074

16509.629472

15574.626126

15008.448127

14944.266318

15225.712475

15737.425242

16073.483731

16060.273829

15470.389909

14675.238057

13973.097639

13597.748006

13840.101769

12305.098837

12305.098837

13840.101769

13597.748006

13973.097639

14675.238057

15470.389909

16060.273829

16073.483731

15737.425242

15225.712475

14944.266318

15008.448127

15574.626126

16509.629472

17642.775074

18513.604278

18765.793054

18162.563687

16883.970656

15268.713118

13704.994687

12418.800401

11543.334525

11118.566802

11146.383685

11536.252261

12131.495568

12748.130296

13291.074277

13851.078349

13240.239131

12658.573554

12142.884652

11685.556880

11387.494326

11381.874274

11759.261247

12511.148796

13587.606656

14900.701214

16364.709430

17789.333433

18934.971520

19506.490562

19443.503400

18815.164655

17950.605508

17005.237367

16188.615671

15447.668813

14893.901486

14419.446827

14084.186601

13752.034778

13626.196391

13749.976517

14345.188945

14853.221912

15481.358524

11000.876063

11000.876063

15481.358524

14853.221912

14345.188944

13749.976517

13626.196391

13752.034778

14084.186601

14419.446827

14893.901486

15447.668813

16188.615670

17005.237367

17950.605508

18815.164655

19443.503400

19506.490562

18934.971520

17789.333433

16364.709430

14900.701214

13587.606656

12511.148796

11759.261247

11381.874274

11387.494326

11685.556880

12142.884652

12658.573554

13240.239131

12599.592359

12030.546351

11585.207675

11321.441280

11342.744545

11754.204247

12564.723845

13695.487643

14992.879636

16331.807497

17580.210867

18649.339827

19403.822776

19802.172317

19795.269871

19521.821300

18984.787929

18302.407448

17340.149160

16219.544943

14955.906738

13897.876154

13133.298419

12920.146072

13212.703297

14088.206603

15097.622616

16213.116721

16115.636430

10017.617701

10017.617701

16115.636430

16213.116721

15097.622616

14088.206603

13212.703297

12920.146072

13133.298419

13897.876154

14955.906738

16219.544943

17340.149160

18302.407448

18984.787929

19521.821300

19795.269871

19802.172317

19403.822776

18649.339826

17580.210867

16331.807496

14992.879636

13695.487643

12564.723845

11754.204247

11342.744545

11321.441280

11585.207675

12030.546351

12599.592359

11955.497865

11462.744230

11132.989349

11066.335562

11387.889571

12178.485237

13421.252214

14947.099466

16529.193057

17902.555669

18895.208457

19416.614731

19574.666894

19505.335926

19424.610369

19334.208705

19249.733080

18882.177165

18142.942277

16848.517877

15374.090980

14012.953679

13283.672565

13223.086909

13891.270184

14865.748709

15965.151004

16741.288360

15987.240949

9550.450325

9550.450325

15987.240949

16741.288360

15965.151004

14865.748709

13891.270185

13223.086909

13283.672565

14012.953679

15374.090980

16848.517877

18142.942278

18882.177165

19249.733080

19334.208705

19424.610369

19505.335926

19574.666894

19416.614731

18895.208457

17902.555668

16529.193057

14947.099465

13421.252214

12178.485237

11387.889571

11066.335562

11132.989349

11462.744230

11955.497865

11343.455000

11004.041429

10819.152320

10927.467907

11478.109244

12584.999639

14203.822067

16140.603459

18030.224431

19482.904755

20156.924726

20031.427324

19372.115380

18671.475050

18232.166158

18211.358765

18358.116576

18424.810348

17946.288118

16976.622008

15668.033982

14657.325974

14150.198437

14357.565889

14979.293054

15888.446787

16679.910275

17023.860530

15260.037171

9480.615878

9480.615878

15260.037171

17023.860530

16679.910275

15888.446787

14979.293054

14357.565889

14150.198437

14657.325974

15668.033983

16976.622008

17946.288118

18424.810348

18358.116576

18211.358765

18232.166158

18671.475050

19372.115379

20031.427324

20156.924726

19482.904755

18030.224431

16140.603459

14203.822067

12584.999639

11478.109244

10927.467907

10819.152320

11004.041429

11343.455000

10804.787986

10687.783384

10650.693342

10876.204960

11580.519667

12905.400504

14846.906905

17146.894627

19353.944857

20843.386687

21164.775013

20292.882400

18793.409828

17351.766794

16489.442629

16253.855913

16493.552852

16711.546762

16667.070037

16194.070571

15681.373299

15273.671955

15241.174585

15480.534755

16126.098713

16932.650080

17630.801490

17218.694006

14818.145065

9847.544756

9847.544756

14818.145065

17218.694006

17630.801490

16932.650080

16126.098713

15480.534755

15241.174585

15273.671956

15681.373299

16194.070571

16667.070037

16711.546762

16493.552852

16253.855913

16489.442629

17351.766794

18793.409828

20292.882400

21164.775013

20843.386687

19353.944857

17146.894626

14846.906905

12905.400503

11580.519667

10876.204960

10650.693342

10687.783384

10804.787986

10398.038537

10526.801966

10600.699316

10882.259364

11652.801884

13127.635108

15301.607080

17915.608014

20341.006784

21788.246967

21640.738909

20042.588618

17777.344107

15762.096856

14466.400832

13992.292212

14057.261857

14397.914554

14693.136785

14992.609369

15203.875608

15391.796973

15492.836630

15882.453630

16707.259732

17928.564635

18527.595763

17418.790120

14441.482943

10701.190567

10701.190566

14441.482943

17418.790119

18527.595764

17928.564635

16707.259732

15882.453630

15492.836630

15391.796974

15203.875608

14992.609369

14693.136785

14397.914554

14057.261856

13992.292212

14466.400832

15762.096856

17777.344107

20042.588618

21640.738908

21788.246967

20341.006784

17915.608014

15301.607080

13127.635107

11652.801884

10882.259364

10600.699316

10526.801966

10398.038537

10175.221889

10515.947707

10633.217065

10899.889031

11685.723671

13234.413847

15585.711554

18394.509159

20922.059921

22137.869464

21446.712511

19179.198221

16401.277485

14047.467673

12557.317807

11902.855271

11939.230085

12408.542656

13175.951103

13948.983643

14504.925411

14627.526013

14675.931586

15123.433224

16439.143897

18192.157438

19014.283077

17507.684385

14507.651787

11686.973256

11686.973256

14507.651787

17507.684385

19014.283077

18192.157438

16439.143897

15123.433224

14675.931586

14627.526013

14504.925411

13948.983643

13175.951103

12408.542656

11939.230085

11902.855271

12557.317807

14047.467673

16401.277485

19179.198221

21446.712511

22137.869464

20922.059921

18394.509159

15585.711554

13234.413847

11685.723671

10899.889031

10633.217065

10515.947707

10175.221889

10197.144817

10637.852401

10708.944325

10906.575422

11654.971793

13243.973400

15680.083308

18587.795757

21019.709426

21859.018234

20575.370746

17819.877215

14809.277368

12447.943308

11043.685648

10570.817466

10862.608276

11729.135247

12783.341765

13622.955418

13868.359087

13620.603966

13310.642496

13664.838399

14996.635592

17034.287326

18447.622094

17538.268396

15521.179191

12107.702485

12107.702485

15521.179191

17538.268397

18447.622094

17034.287326

14996.635592

13664.838399

13310.642496

13620.603967

13868.359087

13622.955418

12783.341765

11729.135247

10862.608276

10570.817466

11043.685649

12447.943308

14809.277368

17819.877215

20575.370746

21859.018234

21019.709426

18587.795757

15680.083308

13243.973400

11654.971793

10906.575422

10708.944325

10637.852401

10197.144817

10493.080112

10881.533331

10809.041651

10882.506298

11566.761003

13133.630881

15590.762924

18434.331078

20621.922867

20960.064881

19177.848053

16185.729946

13259.394028

11219.734531

10294.701918

10404.777633

11315.818912

12579.631060

13658.829991

14125.605413

13893.012261

13092.991678

12321.517425

12095.268910

12859.596492

14625.881540

16510.071765

17663.386920

16786.756130

11658.749327

11658.749327

16786.756130

17663.386920

16510.071765

14625.881540

12859.596492

12095.268910

12321.517425

13092.991678

13893.012261

14125.605413

13658.829991

12579.631060

11315.818912

10404.777633

10294.701918

11219.734531

13259.394028

16185.729946

19177.848053

20960.064881

20621.922867

18434.331078

15590.762923

13133.630881

11566.761002

10882.506298

10809.041650

10881.533331

10493.080112

11095.362263

11239.425674

10936.071217

10841.108545

11414.754910

12913.881147

15266.900602

17914.822271

19685.386838

19528.690448

17441.153190

14520.931288

12027.937441

10663.474648

10600.295338

11607.126418

13163.467394

14550.415217

15311.076148

15413.244963

14776.867928

13620.321560

12294.612255

11414.724539

11300.945857

12298.290549

14827.270798

16776.940152

17733.698672

10791.911209

10791.911209

17733.698673

16776.940153

14827.270798

12298.290549

11300.945857

11414.724539

12294.612255

13620.321560

14776.867929

15413.244963

15311.076148

14550.415217

13163.467394

11607.126418

10600.295338

10663.474648

12027.937441

14520.931288

17441.153190

19528.690448

19685.386837

17914.822271

15266.900602

12913.881146

11414.754910

10841.108545

10936.071217

11239.425674

11095.362263

11976.730352

11724.392506

11110.795158

10804.173305

11230.121891

12575.782578

14722.097811

16994.540609

18272.911165

17694.788541

15568.205665

13071.695452

11335.026053

10981.717832

11986.885230

13859.800623

15642.983865

16638.993687

16915.341432

16694.447011

16072.472569

14872.649697

13483.910762

12063.474336

11283.151848

11603.123179

13641.137389

17085.033854

14603.365733

9945.074557

9945.074558

14603.365734

17085.033854

13641.137389

11603.123178

11283.151848

12063.474335

13483.910762

14872.649697

16072.472569

16694.447011

16915.341432

16638.993687

15642.983865

13859.800623

11986.885230

10981.717832

11335.026053

13071.695452

15568.205665

17694.788541

18272.911165

16994.540609

14722.097811

12575.782578

11230.121891

10804.173305

11110.795158

11724.392506

11976.730351

13109.020612

12335.092263

11365.076421

10810.928664

11038.567312

12167.811478

13975.171999

15776.452273

16526.183738

15699.550273

13818.047776

12018.576157

11304.677869

12046.977831

14015.147599

16230.910572

17625.331267

17892.229783

17552.707021

17179.586397

16685.406456

16098.002335

15019.436019

13845.623255

12721.614248

13107.523375

14817.462286

16249.903657

11610.729797

8975.374275

8975.374275

11610.729797

16249.903656

14817.462285

13107.523375

12721.614248

13845.623254

15019.436019

16098.002335

16685.406456

17179.586397

17552.707021

17892.229783

17625.331267

16230.910573

14015.147599

12046.977831

11304.677869

12018.576157

13818.047776

15699.550273

16526.183738

15776.452273

13975.171999

12167.811477

11038.567312

10810.928664

11365.076421

12335.092263

13109.020612

14385.986298

13074.344224

11717.760167

10891.207958

10886.225849

11729.680988

13139.774391

14410.701702

14732.305614

13848.349061

12423.317016

11488.479179

11767.067881

13428.183723

15805.794325

17752.014352

18350.256143

17850.527705

17108.456029

16595.941454

16461.569158

16328.444537

16156.312523

15367.726848

15518.990047

17712.942575

22623.347031

21328.277865

7575.020804

8346.127635

8346.127635

7575.020804

21328.277865

22623.347032

17712.942575

15518.990047

15367.726848

16156.312523

16328.444537

16461.569158

16595.941454

17108.456029

17850.527705

18350.256143

17752.014352

15805.794325

13428.183723

11767.067881

11488.479179

12423.317016

13848.349061

14732.305614

14410.701702

13139.774391

11729.680988

10886.225849

10891.207958

11717.760167

13074.344224

14385.986296

15732.418272

13901.810855

12176.178230

11063.122305

10794.528058

11330.124686

12315.130638

13130.631967

13160.035101

12409.241302

11542.857779

11386.335734

12438.795893

14513.552465

16774.515434

17988.528214

17804.258989

16864.999338

16004.464980

15630.444124

15658.484560

15893.292061

15911.597228

15992.433615

16951.711523

23563.009617

33127.081080

38942.421620

12634.436423

8778.046361

8778.046361

12634.436424

38942.421620

33127.081080

23563.009617

16951.711523

15992.433615

15911.597229

15893.292061

15658.484560

15630.444124

16004.464980

16864.999338

17804.258988

17988.528214

16774.515434

14513.552465

12438.795893

11386.335734

11542.857779

12409.241302

13160.035101

13130.631967

12315.130638

11330.124686

10794.528057

11063.122305

12176.178230

13901.810855

15732.418272

17020.226093

14777.547404

12712.928945

11319.912799

10780.593911

11000.329525

11620.990893

12089.255492

12015.922049

11502.559160

11148.074934

11568.454237

12991.375894

15091.403177

16794.924362

17252.322826

16541.779128

15533.113089

14908.229348

14813.481757

14961.155324

15001.453312

14663.032903

14377.872092

15558.680984

20462.538640

28205.888075

22402.718624

12559.639053

15255.449324

15255.449324

12559.639053

22402.718624

28205.888075

20462.538640

15558.680984

14377.872092

14663.032903

15001.453312

14961.155324

14813.481757

14908.229348

15533.113089

16541.779128

17252.322826

16794.924362

15091.403177

12991.375894

11568.454237

11148.074934

11502.559160

12015.922049

12089.255492

11620.990893

11000.329525

10780.593910

11319.912799

12712.928944

14777.547404

17020.226093

18208.823122

15619.472174

13287.065024

11637.454451

10835.343133

10778.209936

11109.607231

11393.561945

11340.777462

11103.051221

11132.905842

11855.984145

13390.602623

15182.369785

16273.039011

16088.118217

15187.515314

14388.529597

14188.302610

14469.467730

14678.997713

14131.539369

13126.732118

12229.043766

13018.515649

17354.624790

26516.796337

32244.812580

42701.789454

52140.923155

52140.923158

42701.789455

32244.812580

26516.796338

17354.624790

13018.515649

12229.043766

13126.732118

14131.539369

14678.997714

14469.467730

14188.302611

14388.529597

15187.515314

16088.118217

16273.039011

15182.369785

13390.602622

11855.984145

11132.905842

11103.051221

11340.777462

11393.561945

11109.607231

10778.209936

10835.343133

11637.454451

13287.065024

15619.472174

18208.823122

19210.426618

16372.688347

13835.738590

11981.866412

10959.217992

10675.725689

10829.092794

11037.463419

11095.214287

11087.040360

11354.002631

12213.650269

13654.420781

15092.021962

15580.732587

15051.067027

14163.281828

13738.195807

14078.352738

14826.563313

14940.192003

13954.253724

12162.898022

11276.171246

12657.150257

18129.268949

33678.052395

61963.882580

118619.385400

46327.285973

46327.285973

118619.385399

61963.882581

33678.052396

18129.268950

12657.150258

11276.171246

12162.898022

13954.253724

14940.192003

14826.563313

14078.352738

13738.195807

14163.281828

15051.067027

15580.732587

15092.021962

13654.420782

12213.650269

11354.002631

11087.040360

11095.214287

11037.463419

10829.092794

10675.725689

10959.217992

11981.866412

13835.738590

16372.688347

19210.426618

20024.174641

16966.236012

14317.029229

12329.947627

11153.410452

10726.130379

10777.729343

10993.967953

11155.842681

11315.993528

11709.444862

12592.985439

13915.565239

14976.472768

15112.123676

14411.495754

13754.829386

13811.717284

14778.797674

15954.007519

16042.696508

14376.417692

12432.151494

11539.208641

13444.193846

20917.703649

42125.721534

102758.257995

106253.852587

43684.191044

43684.191041

106253.852584

102758.257996

42125.721534

20917.703649

13444.193846

11539.208641

12432.151494

14376.417692

16042.696508

15954.007519

14778.797674

13811.717284

13754.829386

14411.495754

15112.123677

14976.472768

13915.565239

12592.985439

11709.444863

11315.993528

11155.842681

10993.967953

10777.729343

10726.130379

11153.410452

12329.947626

14317.029228

16966.236012

20024.174641

20564.068238

17386.682898

14703.466193

12681.480700

11444.028324

10946.154448

10960.258162

11180.121959

11413.148718

11650.014744

12101.483124

12983.993129

14167.701401

15027.605075

14980.822115

14417.762191

14097.132885

14696.048441

16237.079851

17706.670673

17467.763492

15416.908824

13046.251291

12427.922670

15050.975360

23962.277776

51767.081099

81453.207206

97826.492661

45083.379687

45083.379687

97826.492660

81453.207206

51767.081098

23962.277777

15050.975360

12427.922669

13046.251291

15416.908824

17467.763492

17706.670673

16237.079851

14696.048441

14097.132885

14417.762191

14980.822115

15027.605075

14167.701401

12983.993129

12101.483124

11650.014744

11413.148718

11180.121959

10960.258160

10946.154448

11444.028324

12681.480699

14703.466193

17386.682898

20564.068238

20815.608600

17614.283623

15014.254104

13059.880092

11856.812782

11358.180209

11339.512763

11533.969186

11745.057540

11996.107274

12454.681848

13317.500997

14448.867822

15244.486551

15360.764512

15070.076894

15155.944020

16136.116284

17905.283655

19298.240619

18592.695881

16192.719531

13906.069957

13641.069862

17677.896096

29965.719696

47294.918580

68568.806798

77854.688161

44950.785830

44950.785831

77854.688161

68568.806797

47294.918581

29965.719696

17677.896096

13641.069862

13906.069956

16192.719531

18592.695881

19298.240619

17905.283655

16136.116285

15155.944021

15070.076894

15360.764512

15244.486551

14448.867822

13317.500997

12454.681848

11996.107274

11745.057540

11533.969186

11339.512763

11358.180209

11856.812782

13059.880090

15014.254104

17614.283623

20815.608600

20691.909609

17681.904320

15277.919228

13503.040723

12416.863952

11948.685027

11883.231236

11969.681762

12093.529818

12279.346463

12721.662892

13574.266068

14720.001525

15709.290021

16147.976968

16245.724952

16491.182500

17414.458349

18971.563213

19798.934874

18896.118477

16571.542604

15335.149668

16294.985933

22448.022424

36714.243165

48692.125882

56737.563056

65733.976200

40714.434814

40714.434815

65733.976201

56737.563058

48692.125884

36714.243165

22448.022424

16294.985933

15335.149668

16571.542604

18896.118477

19798.934874

18971.563213

17414.458349

16491.182500

16245.724953

16147.976969

15709.290021

14720.001525

13574.266068

12721.662892

12279.346463

12093.529818

11969.681762

11883.231236

11948.685027

12416.863952

13503.040723

15277.919228

17681.904320

20691.909609

20212.374681

17603.387420

15545.013024

14039.836481

13124.944957

12693.080875

12525.404357

12447.901996

12401.955205

12496.573106

12886.920940

13749.560691

15015.082398

16308.787054

17166.550845

17382.706479

17411.629134

17874.900776

18661.343135

19131.602935

18154.414380

17582.751261

18046.958179

21722.981590

29732.937417

42815.205763

54674.992365

51166.189706

52284.095068

33141.911719

33141.911719

52284.095069

51166.189707

54674.992366

42815.205763

29732.937418

21722.981588

18046.958179

17582.751261

18154.414379

19131.602935

18661.343135

17874.900778

17411.629134

17382.706479

17166.550845

16308.787054

15015.082398

13749.560691

12886.920940

12496.573106

12401.955205

12447.901996

12525.404357

12693.080875

13124.944957

14039.836481

15545.013024

17603.387420

20212.374681

19391.374032

17429.965855

15840.814946

14684.996562

13961.902922

13536.530847

13222.331956

12914.980459

12680.396743

12640.283156

12989.961742

13870.372167

15301.462546

16889.870853

17922.216683

17935.659832

17401.396203

17079.039937

17366.954240

17375.320667

17758.877385

19074.691921

23758.458526

28790.570426

35591.195289

49873.260304

52854.215424

51468.906045

44449.765412

27349.855063

27349.855063

44449.765413

51468.906043

52854.215426

49873.260304

35591.195286

28790.570427

23758.458526

19074.691921

17758.877386

17375.320667

17366.954240

17079.039937

17401.396203

17935.659832

17922.216683

16889.870853

15301.462546

13870.372167

12989.961742

12640.283156

12680.396743

12914.980459

13222.331956

13536.530846

13961.902922

14684.996562

15840.814946

17429.965855

19391.374032

18357.258841

17189.060827

16184.932356

15421.571280

14885.742496

14430.595299

13916.326016

13364.672340

12911.782122

12753.329363

13045.482949

13969.504882

15497.967585

17200.914530

18058.813118

17615.186613

16416.506880

15601.919899

15404.090179

16110.241934

17576.000207

22082.993536

28812.318143

35961.380516

36022.407148

43655.368865

58660.831626

47031.804804

41893.066710

23445.778047

23445.778048

41893.066711

47031.804804

58660.831627

43655.368863

36022.407144

35961.380513

28812.318141

22082.993536

17576.000208

16110.241934

15404.090179

15601.919899

16416.506880

17615.186613

18058.813118

17200.914530

15497.967584

13969.504882

13045.482949

12753.329362

12911.782121

13364.672339

13916.326016

14430.595299

14885.742496

15421.571280

16184.932356

17189.060827

18357.258841

17232.790018

16926.399709

16558.252726

16212.757317

15844.782188

15317.730270

14584.892442

13768.287612

13114.871232

12826.830625

13084.392814

14002.351506

15541.891273

17039.647541

17562.799701

16575.419539

15057.399853

13932.223277

14033.159591

15322.418708

18670.848102

23894.392306

31577.004259

33535.564979

31823.635566

36114.751797

50308.567846

52054.949283

41437.919419

23129.803588

23129.803588

41437.919418

52054.949282

50308.567848

36114.751796

31823.635564

33535.564978

31577.004257

23894.392306

18670.848102

15322.418708

14033.159591

13932.223277

15057.399853

16575.419540

17562.799701

17039.647541

15541.891273

14002.351505

13084.392814

12826.830625

13114.871232

13768.287612

14584.892442

15317.730270

15844.782188

16212.757317

16558.252726

16926.399709

17232.790018

16166.693073

16657.286853

16932.821374

16998.963770

16776.447928

16162.355880

15194.474903

14128.847245

13268.684563

12863.971785

13063.546274

13948.848960

15313.132948

16521.751310

16541.778530

15407.149347

13777.483022

12877.928229

13352.402214

15771.601570

19467.614260

24713.776613

28224.045943

28502.606755

23010.283780

28571.844236

46512.784486

52026.984139

46938.952689

24122.092073

24122.092072

46938.952689

52026.984137

46512.784487

28571.844234

23010.283780

28502.606755

28224.045943

24713.776613

19467.614260

15771.601570

13352.402214

12877.928229

13777.483022

15407.149347

16541.778530

16521.751310

15313.132948

13948.848959

13063.546273

12863.971785

13268.684563

14128.847245

15194.474903

16162.355880

16776.447928

16998.963770

16932.821374

16657.286853

16166.693073

15254.538884

16401.161359

17260.519425

17713.563184

17626.348637

16918.911512

15739.830022

14426.966625

13369.686094

12831.214572

12952.776044

13730.852757

14882.301721

15668.482893

15508.463508

14326.086144

13121.552390

12587.678522

13705.857237

16499.852029

20073.240791

22801.427027

25448.508502

23571.603454

19211.955904

19383.946920

39406.258963

56838.071651

51757.939083

25988.385267

25988.385267

51757.939081

56838.071649

39406.258962

19383.946917

19211.955903

23571.603453

25448.508501

22801.427027

20073.240791

16499.852029

13705.857237

12587.678522

13121.552390

14326.086144

15508.463508

15668.482893

14882.301721

13730.852757

12952.776044

12831.214572

13369.686093

14426.966624

15739.830022

16918.911512

17626.348637

17713.563184

17260.519425

16401.161359

15254.538884

14565.136515

16161.360046

17502.192037

18296.426278

18333.850704

17564.880528

16194.870513

14664.484606

13403.503613

12713.019587

12722.193273

13354.905425

14247.838184

14800.998576

14526.773145

13789.920766

13069.488909

13169.439019

14702.867560

17341.445616

19036.894948

21200.963094

22620.399997

24524.724743

19100.287417

17807.943614

21209.304438

48335.075691

76499.360887

32512.118462

32512.118462

76499.360883

48335.075689

21209.304437

17807.943612

19100.287417

24524.724742

22620.399995

21200.963094

19036.894948

17341.445616

14702.867560

13169.439019

13069.488908

13789.920766

14526.773145

14800.998576

14247.838184

13354.905425

12722.193273

12713.019587

13403.503613

14664.484605

16194.870513

17564.880527

18333.850704

18296.426278

17502.192037

16161.360046

14565.136515

14122.883218

15952.848462

17630.853663

18699.236187

18864.268265

18059.922263

16554.714030

14828.423177

13376.565419

12523.087444

12384.360811

12856.782338

13547.330448

13974.237164

13937.068015

13670.488650

13724.774573

14335.195421

15971.798387

17431.079565

17683.897797

18727.431183

23002.084209

25601.140288

25652.863472

16414.558530

17026.858518

24455.698175

56236.995014

44116.915701

44116.915700

56236.995010

24455.698172

17026.858516

16414.558530

25652.863471

25601.140288

23002.084209

18727.431183

17683.897797

17431.079564

15971.798387

14335.195421

13724.774573

13670.488650

13937.068015

13974.237164

13547.330448

12856.782338

12384.360811

12523.087444

13376.565419

14828.423177

16554.714029

18059.922263

18864.268265

18699.236187

17630.853663

15952.848462

14122.883218

13932.468383

15789.676013

17645.382445

18907.736849

19185.463525

18391.688581

16794.462716

14924.318532

13307.318218

12297.072790

12015.893384

12316.861023

12883.891206

13354.215093

13676.420012

14057.937483

14711.114199

15771.525606

16954.477698

16964.425531

15704.994918

17297.965522

22676.977956

29513.553421

27495.247010

22115.441604

11605.693057

15511.405647

66598.384195

48141.778286

48141.778282

66598.384191

15511.405645

11605.693057

22115.441606

27495.247010

29513.553421

22676.977956

17297.965522

15704.994918

16964.425531

16954.477698

15771.525606

14711.114199

14057.937483

13676.420012

13354.215093

12883.891206

12316.861023

12015.893384

12297.072790

13307.318218

14924.318532

16794.462716

18391.688581

19185.463524

18907.736848

17645.382445

15789.676013

13932.468382

13969.326543

15695.042371

17570.285768

18932.545564

19304.127484

18542.323951

16911.852788

14953.568506

13223.367010

12101.306860

11691.456670

11870.160983

12347.689777

12991.694574

13726.491873

14677.864926

15799.436479

16952.669587

17336.639908

15890.361682

13971.118618

15905.282210

24603.718496

31023.509823

25891.937215

17905.997410

14756.146956

8501.881840

26716.919729

161132.244394

161132.244401

26716.919730

8501.881838

14756.146956

17905.997411

25891.937217

31023.509822

24603.718497

15905.282210

13971.118618

15890.361682

17336.639908

16952.669587

15799.436479

14677.864926

13726.491873

12991.694574

12347.689777

11870.160983

11691.456670

12101.306860

13223.367010

14953.568506

16911.852788

18542.323951

19304.127484

18932.545564

17570.285767

15695.042371

13969.326543

14200.561541

15683.160432

17449.994812

18817.486832

19241.506818

18525.075487

16908.276134

14926.731270

13159.995343

11979.201997

11508.510894

11593.014084

12064.917946

12840.200224

13996.656538

15257.260407

16638.251271

17570.296016

17069.544668

14585.749856

12372.019588

15144.343796

27295.252987

31194.311434

20670.437991

12298.967246

9757.736463

9049.670695

7572.460371

13771.199191

13771.199195

7572.460372

9049.670695

9757.736463

12298.967246

20670.437993

31194.311434

27295.252987

15144.343796

12372.019588

14585.749856

17069.544668

17570.296016

16638.251271

15257.260407

13996.656537

12840.200224

12064.917946

11593.014084

11508.510894

11979.201997

13159.995343

14926.731270

16908.276134

18525.075487

19241.506818

18817.486832

17449.994812

15683.160430

14200.561541

14569.575312

15765.315962

17329.742355

18619.216290

19044.132562

18369.643031

16801.031837

14871.683286

13129.262543

11976.403538

11494.321742

11575.818251

12037.757898

12961.031414

14241.025265

15719.166903

16844.526584

17638.346353

16342.398296

13388.946354

11062.471817

13973.790735

28837.839506

30105.600188

16566.465784

9050.644373

7566.818878

9389.788306

9781.269523

17130.701714

17130.701714

9781.269523

9389.788306

7566.818878

9050.644373

16566.465785

30105.600188

28837.839506

13973.790735

11062.471817

13388.946354

16342.398296

17638.346353

16844.526584

15719.166903

14241.025265

12961.031414

12037.757898

11575.818251

11494.321742

11976.403538

13129.262543

14871.683286

16801.031837

18369.643031

19044.132561

18619.216290

17329.742355

15765.315961

14569.575312

15028.844529

15929.314576

17247.837839

18388.697208

18767.876317

18118.805208

16637.157979

14801.241187

13165.255077

12075.690578

11672.317704

11790.778338

12322.938836

13241.311083

14567.285473

15723.694597

16732.603337

16842.354494

15705.746090

12453.688493

10189.983927

12260.076520

25297.466480

29290.224839

14568.029780

9252.279818

7237.325995

7921.007958

7572.083330

12894.215524

12894.215525

7572.083330

7921.007958

7237.325995

9252.279818

14568.029780

29290.224838

25297.466480

12260.076520

10189.983927

12453.688493

15705.746090

16842.354494

16732.603337

15723.694597

14567.285473

13241.311083

12322.938836

11790.778338

11672.317704

12075.690577

13165.255077

14801.241187

16637.157979

18118.805208

18767.876318

18388.697208

17247.837839

15929.314576

15028.844529

15515.344370

16158.900021

17209.335516

18165.295691

18456.817886

17834.594549

16452.347061

14767.962051

13250.547032

12290.060349

11969.931613

12218.700497

12808.923397

13748.130474

14793.278307

15705.979282

15963.307406

16091.535373

14701.300108

12261.380366

9706.566140

10374.302025

18750.812898

24870.189959

17138.828926

10477.304103

8122.896590

5667.304443

5223.609686

23957.249322

23957.249322

5223.609686

5667.304443

8122.896590

10477.304103

17138.828927

24870.189959

18750.812897

10374.302025

9706.566140

12261.380367

14701.300108

16091.535373

15963.307406

15705.979282

14793.278307

13748.130474

12808.923397

12218.700497

11969.931613

12290.060349

13250.547031

14767.962051

16452.347061

17834.594549

18456.817886

18165.295691

17209.335516

16158.900021

15515.344370

15995.534741

16411.403280

17207.282137

17951.019074

18151.298898

17555.403677

16310.305078

14780.275813

13423.701360

12556.298157

12366.842946

12712.687868

13437.219181

14290.348349

15134.409826

15461.882384

15447.918633

14920.336720

14261.794862

12130.171219

10032.886498

9244.910240

12595.728253

19420.693433

17949.377276

15045.822340

10063.947312

5981.530142

8602.395421

21280.734217

21280.734217

8602.395421

5981.530142

10063.947312

15045.822339

17949.377277

19420.693434

12595.728253

9244.910240

10032.886498

12130.171219

14261.794862

14920.336720

15447.918633

15461.882384

15134.409826

14290.348349

13437.219181

12712.687867

12366.842946

12556.298157

13423.701360

14780.275813

16310.305077

17555.403677

18151.298898

17951.019074

17207.282137

16411.403280

15995.534741

16423.829023

16656.770992

17199.661876

17743.679722

17853.476708

17322.685485

16227.469698

14887.955790

13656.844470

12898.338144

12752.159985

13220.166083

13988.525032

14831.885949

15352.978652

15426.084101

14892.387362

14383.502732

13637.156391

12602.481243

10651.063427

9237.724802

9701.028180

12663.233093

16550.112274

16719.537249

15080.553004

8600.835224

8260.842424

16152.607168

16152.607168

8260.842423

8600.835224

15080.553005

16719.537249

16550.112274

12663.233093

9701.028180

9237.724802

10651.063427

12602.481243

13637.156391

14383.502732

14892.387362

15426.084101

15352.978652

14831.885948

13988.525032

13220.166083

12752.159985

12898.338144

13656.844470

14887.955790

16227.469698

17322.685484

17853.476708

17743.679723

17199.661876

16656.770992

16423.829023

16791.099787

16846.420757

17164.239323

17509.744765

17570.010635

17127.632901

16231.228074

15075.184475

13989.481227

13262.889567

13147.489369

13596.652619

14418.840404

15143.063167

15518.494829

15301.549338

14750.137033

14028.273045

13565.694225

12871.378242

11636.622488

9968.136252

8951.356973

9807.828742

12109.350144

16928.900229

19167.155353

13983.003864

9149.470261

14546.972938

14546.972938

9149.470261

13983.003864

19167.155353

16928.900228

12109.350144

9807.828742

8951.356973

9968.136251

11636.622488

12871.378242

13565.694225

14028.273045

14750.137032

15301.549338

15518.494829

15143.063167

14418.840404

13596.652618

13147.489369

13262.889567

13989.481227

15075.184475

16231.228074

17127.632901

17570.010635

17509.744765

17164.239323

16846.420757

16791.099786

17067.065144

16967.859939

17063.078653

17249.390991

17272.652735

16970.639824

16287.224528

15356.179858

14385.958343

13696.221864

13497.858376

13891.501043

14609.696837

15273.998144

15451.022396

15197.132878

14636.333034

14115.373162

13653.592739

13207.020831

12311.266670

10905.469090

9665.058871

9189.506514

11118.860306

13184.093367

28429.749367

19198.205260

11358.558045

16052.764286

16052.764286

11358.558045

19198.205260

28429.749366

13184.093367

11118.860306

9189.506514

9665.058871

10905.469090

12311.266670

13207.020831

13653.592739

14115.373162

14636.333034

15197.132878

15451.022396

15273.998144

14609.696837

13891.501043

13497.858376

13696.221864

14385.958343

15356.179858

16287.224528

16970.639824

17272.652735

17249.390991

17063.078653

16967.859939

17067.065143

17252.684612

16994.051872

16910.348884

16945.779204

16972.014215

16809.241149

16382.652311

15677.269286

14861.736432

14165.422776

13878.477552

14089.898587

14683.171786

15194.159486

15296.200413

14959.674289

14570.360473

14268.146619

14075.332763

13616.079407

12792.615883

11616.219157

10728.318116

10769.309556

11520.647855

15346.353329

19938.183868

42483.112582

26764.437046

16336.166597

16336.166598

26764.437044

42483.112581

19938.183867

15346.353329

11520.647854

10769.309556

10728.318116

11616.219157

12792.615883

13616.079407

14075.332763

14268.146619

14570.360473

14959.674289

15296.200413

15194.159486

14683.171786

14089.898587

13878.477552

14165.422776

14861.736432

15677.269286

16382.652311

16809.241149

16972.014214

16945.779204

16910.348884

16994.051872

17252.684612

17321.107096

16944.833927

16703.288841

16638.064944

16652.220556

16645.951550

16455.159929

16019.005146

15358.245463

14700.406934

14285.314560

14313.320580

14688.087491

15083.279324

15084.499814

14745.772010

14403.268819

14421.957115

14589.794404

14508.235147

13575.417342

12479.376228

11723.361894

12495.505854

14660.259474

18171.408245

23352.867078

28025.751572

32633.458397

48072.088268

48072.088269

32633.458396

28025.751572

23352.867076

18171.408244

14660.259474

12495.505854

11723.361894

12479.376228

13575.417342

14508.235147

14589.794404

14421.957115

14403.268820

14745.772009

15084.499814

15083.279324

14688.087491

14313.320580

14285.314560

14700.406934

15358.245463

16019.005146

16455.159929

16645.951550

16652.220556

16638.064944

16703.288841

16944.833927

17321.107096

17279.430128

16815.802305

16488.160041

16332.030413

16353.458836

16448.880984

16494.750467

16304.826160

15857.247480

15253.997967

14771.000556

14597.080925

14769.996481

15008.107633

14981.031924

14600.408530

14280.101076

14385.633431

15056.746616

15544.112951

15246.386168

13863.502278

12969.344188

12959.776034

15406.293557

18147.966147

25159.186565

28921.814672

53332.905454

42072.224638

42072.224637

53332.905451

28921.814669

25159.186565

18147.966147

15406.293558

12959.776034

12969.344187

13863.502278

15246.386168

15544.112951

15056.746616

14385.633431

14280.101076

14600.408530

14981.031924

15008.107633

14769.996481

14597.080925

14771.000556

15253.997966

15857.247480

16304.826160

16494.750467

16448.880984

16353.458835

16332.030413

16488.160041

16815.802305

17279.430128

17117.554594

16643.910707

16267.813766

16074.570422

16070.831930

16249.657042

16454.455436

16519.092068

16284.275641

15822.890323

15314.970130

15015.636365

14983.003168

15091.202688

15013.971829

14661.331367

14237.830790

14293.040600

14999.223799

16219.591550

16715.507992

16098.174519

14500.746986

13666.370702

13437.670380

16004.202964

18033.693285

24579.804257

26662.640500

23093.898167

23093.898167

26662.640500

24579.804257

18033.693285

16004.202963

13437.670381

13666.370702

14500.746986

16098.174519

16715.507991

16219.591550

14999.223799

14293.040600

14237.830790

14661.331367

15013.971829

15091.202688

14983.003168

15015.636365

15314.970130

15822.890323

16284.275641

16519.092068

16454.455436

16249.657042

16070.831930

16074.570422

16267.813766

16643.910707

17117.554594

16868.111859

16428.907844

16074.945833

15853.060189

15843.771060

16037.163213

16364.984783

16614.722727

16633.391098

16353.605603

15939.515815

15573.990423

15414.336925

15366.474836

15263.561637

14886.712941

14422.613877

14134.742256

14569.040263

15658.117232

17091.259947

17616.232955

17065.998163

15478.311848

14521.965280

14062.423310

15325.219479

16087.435615

15887.828160

17092.305013

17092.305013

15887.828160

16087.435615

15325.219479

14062.423310

14521.965280

15478.311848

17065.998163

17616.232955

17091.259947

15658.117232

14569.040263

14134.742256

14422.613877

14886.712941

15263.561637

15366.474836

15414.336925

15573.990423

15939.515815

16353.605603

16633.391098

16614.722727

16364.984783

16037.163213

15843.771059

15853.060189

16074.945833

16428.907844

16868.111859

16554.156954

16204.124584

15887.684409

15684.047864

15652.920893

15856.546771

16222.428873

16625.747842

16860.092611

16842.774005

16594.002967

16296.388077

16048.492002

15900.394422

15674.611496

15310.314537

14696.797835

14176.247602

13931.485897

14514.747123

15849.464907

17691.449447

18964.595272

19015.966292

17713.371693

16133.535286

15528.287530

15786.425517

17480.118903

17530.792471

17530.792471

17480.118903

15786.425517

15528.287530

16133.535286

17713.371693

19015.966292

18964.595272

17691.449447

15849.464907

14514.747123

13931.485897

14176.247602

14696.797835

15310.314538

15674.611496

15900.394422

16048.492002

16296.388077

16594.002967

16842.774005

16860.092611

16625.747842

16222.428873

15856.546771

15652.920893

15684.047864

15887.684409

16204.124584

16554.156954

16230.588302

15963.496046

15714.344111

15531.263868

15515.849490

15699.948067

16081.312103

16547.644212

16974.312076

17207.445936

17226.220834

17065.836778

16853.778199

16579.375069

16265.701173

15747.391493

15117.724110

14297.046274

13699.941974

13506.789179

14342.465353

16309.307426

18963.679081

21024.673941

20834.446703

19075.031279

16464.576919

15596.594299

15251.694965

15914.053956

15914.053957

15251.694965

15596.594299

16464.576920

19075.031279

20834.446703

21024.673940

18963.679081

16309.307426

14342.465353

13506.789179

13699.941974

14297.046274

15117.724110

15747.391493

16265.701173

16579.375069

16853.778199

17065.836778

17226.220834

17207.445936

16974.312076

16547.644211

16081.312103

15699.948067

15515.849490

15531.263868

15714.344111

15963.496046

16230.588302

15932.351197

15731.439815

15525.654337

15397.330308

15404.423635

15596.790410

15947.264235

16426.624244

16940.152646

17391.594927

17664.319104

17744.022965

17610.110027

17332.899068

16852.404829

16268.906639

15474.045866

14679.592013

13821.472115

13341.708066

13468.412453

14742.849623

17185.470443

19724.234873

21002.217775

19861.293903

17714.296548

15243.993095

13881.183035

13145.085084

13145.085084

13881.183035

15243.993096

17714.296548

19861.293903

21002.217775

19724.234873

17185.470443

14742.849623

13468.412453

13341.708066

13821.472115

14679.592013

15474.045866

16268.906639

16852.404829

17332.899068

17610.110027

17744.022965

17664.319104

17391.594926

16940.152646

16426.624244

15947.264235

15596.790410

15404.423635

15397.330308

15525.654337

15731.439815

15932.351197

15703.013233

15501.925183

15333.089538

15259.616507

15332.248981

15532.240887

15852.114913

16270.045090

16778.173982

17310.663723

17785.451295

18077.879380

18144.826293

17906.238069

17444.023371

16720.408011

15949.212210

15075.269539

14367.043974

13749.808049

13556.223347

13916.610307

15050.515471

16684.438648

17952.370265

18065.789360

17043.900844

15495.514429

14124.266896

13390.387927

13390.387927

14124.266896

15495.514429

17043.900845

18065.789362

17952.370265

16684.438648

15050.515471

13916.610307

13556.223347

13749.808049

14367.043975

15075.269539

15949.212210

16720.408011

17444.023371

17906.238069

18144.826293

18077.879381

17785.451295

17310.663721

16778.173982

16270.045090

15852.114913

15532.240887

15332.248981

15259.616507

15333.089538

15501.925183

15703.013233

15561.313574

15300.871543

15139.521694

15144.042545

15281.751687

15507.292363

15773.323839

16092.183364

16487.704280

16969.979903

17477.407713

17927.581310

18169.183610

18151.511155

17770.558613

17160.896651

16319.817418

15549.773060

14824.255252

14383.167197

14052.525852

13939.439335

13965.206429

14241.777519

14563.731323

14864.944132

14700.301773

14385.391015

13834.681284

13555.428257

13555.428257

13834.681284

14385.391016

14700.301773

14864.944132

14563.731323

14241.777519

13965.206429

13939.439335

14052.525852

14383.167197

14824.255252

15549.773060

16319.817418

17160.896651

17770.558613

18151.511155

18169.183609

17927.581310

17477.407713

16969.979903

16487.704281

16092.183364

15773.323839

15507.292363

15281.751688

15144.042545

15139.521694

15300.871543

15561.313574

15548.663516

15157.414700

14986.486462

15053.077176

15256.932986

15475.188672

15666.588262

15854.830439

16090.315179

16403.448016

16804.267177

17226.999610

17606.396737

17776.802059

17697.206485

17244.063638

16595.041753

15780.372573

15155.623668

14685.438648

14506.432523

14297.196292

14043.060490

13621.429652

13341.296487

13090.622041

13103.965313

12956.827141

12952.756683

12831.894781

12831.894781

12952.756683

12956.827141

13103.965313

13090.622041

13341.296487

13621.429653

14043.060490

14297.196292

14506.432524

14685.438649

15155.623668

15780.372573

16595.041753

17244.063638

17697.206485

17776.802059

17606.396737

17226.999610

16804.267177

16403.448015

16090.315178

15854.830439

15666.588262

15475.188672

15256.932986

15053.077176

14986.486462

15157.414700

15548.663516

15672.456980

15065.696014

14908.233504

15041.218675

15240.221607

15394.189319

15489.276834

15556.131082

15631.589827

15759.578862

15952.467918

16236.306607

16554.910449

16872.918952

17012.951372

16944.589073

16543.053845

16027.196687

15440.751852

15099.781134

14874.889443

14798.256717

14538.050001

14199.877916

13685.834540

13354.121651

12991.242528

12870.715602

12657.305602

12608.575306

12608.575306

12657.305602

12870.715602

12991.242528

13354.121651

13685.834540

14199.877916

14538.050001

14798.256716

14874.889443

15099.781134

15440.751852

16027.196687

16543.053845

16944.589073

17012.951372

16872.918952

16554.910449

16236.306607

15952.467918

15759.578862

15631.589827

15556.131082

15489.276834

15394.189319

15240.221607

15041.218675

14908.233504

15065.696014

15672.456980

15907.486898

15087.780833

15080.097453

15182.472174

15270.975073

15323.749442

15339.150083

15316.184810

15287.605842

15259.979459

15273.702757

15336.637954

15506.655576

15744.434884

16058.570954

16302.589605

16484.382541

16463.036734

16351.431074

16037.048101

15672.347085

15156.262515

14654.300679

14059.286754

13571.605594

13018.425357

12647.069589

12247.847416

12057.336670

11916.120408

11916.120408

12057.336670

12247.847416

12647.069589

13018.425357

13571.605594

14059.286754

14654.300679

15156.262515

15672.347085

16037.048100

16351.431074

16463.036734

16484.382541

16302.589605

16058.570954

15744.434884

15506.655576

15336.637954

15273.702757

15259.979459

15287.605842

15316.184810

15339.150083

15323.749442

15270.975073

15182.472174

15080.097453

15087.780833

15907.486898

16495.015986

15952.300855

15797.695915

15693.696607

15599.107203

15548.349374

15479.438015

15405.442689

15296.483565

15174.407514

15030.631952

14925.086496

14881.261869

15007.150128

15338.696697

15940.726600

16696.007666

17397.405520

17710.677407

17376.314052

16501.634966

15243.323162

14115.017278

13153.843381

12671.201109

12456.797930

12620.189410

12883.987352

13217.609373

13405.825708

13405.825708

13217.609373

12883.987352

12620.189410

12456.797930

12671.201109

13153.843381

14115.017278

15243.323162

16501.634966

17376.314052

17710.677407

17397.405520

16696.007666

15940.726600

15338.696697

15007.150128

14881.261869

14925.086496

15030.631952

15174.407514

15296.483565

15405.442689

15479.438015

15548.349374

15599.107203

15693.696607

15797.695915

15952.300855

16495.015986

