AXIS X

0.000000 0.000500 0.001000 0.001500 0.002000 0.002500 0.003000 0.003500 0.004000 0.004500 0.005000 0.005500 0.006000 0.006500 0.007000 0.007500 0.008000 0.008500 0.009000 0.009500 0.010000 0.010500 0.011000 0.011500 0.012000 0.012500 0.013000 0.013500 0.014000 0.014500 0.015000 0.015500 0.016000 0.016500 0.017000 0.017500 0.018000 0.018500 0.019000 0.019500 0.020000 0.020500 0.021000 0.021500 0.022000 0.022500 0.023000 0.023500 0.024000 0.024500 0.025000 0.025500 0.026000 0.026500 0.027000 0.027500 0.028000 0.028500 0.029000 0.029500 

AXIS Y

0.000000 0.000500 0.001000 0.001500 0.002000 0.002500 0.003000 0.003500 0.004000 0.004500 0.005000 0.005500 0.006000 0.006500 0.007000 0.007500 0.008000 0.008500 0.009000 0.009500 0.010000 0.010500 0.011000 0.011500 0.012000 0.012500 0.013000 0.013500 0.014000 0.014500 0.015000 0.015500 0.016000 0.016500 0.017000 0.017500 0.018000 0.018500 0.019000 0.019500 0.020000 0.020500 0.021000 0.021500 0.022000 0.022500 0.023000 0.023500 0.024000 0.024500 0.025000 0.025500 0.026000 0.026500 0.027000 0.027500 0.028000 0.028500 0.029000 0.029500 



DATA
22619.464800

22619.465789

22619.465977

22619.466238

22619.466346

22619.466463

22619.466562

22619.466703

22619.466861

22619.467072

22619.467314

22619.467612

22619.467955

22619.468365

22619.468843

22619.469402

22619.470055

22619.470802

22619.471664

22619.472613

22619.473675

22619.474777

22619.475948

22619.477052

22619.478126

22619.478946

22619.479592

22619.479668

22619.479562

22619.477898

22619.477898

22619.479562

22619.479668

22619.479592

22619.478946

22619.478126

22619.477052

22619.475948

22619.474777

22619.473675

22619.472613

22619.471664

22619.470802

22619.470055

22619.469402

22619.468843

22619.468365

22619.467955

22619.467612

22619.467314

22619.467072

22619.466861

22619.466703

22619.466562

22619.466463

22619.466346

22619.466238

22619.465977

22619.465789

22619.464800

22619.465713

22619.466670

22619.466472

22619.466527

22619.466593

22619.466650

22619.466721

22619.466778

22619.466876

22619.466973

22619.467128

22619.467294

22619.467531

22619.467792

22619.468136

22619.468522

22619.469004

22619.469548

22619.470192

22619.470913

22619.471724

22619.472609

22619.473543

22619.474528

22619.475493

22619.476468

22619.477357

22619.478241

22619.479048

22619.477923

22619.477923

22619.479048

22619.478241

22619.477357

22619.476468

22619.475493

22619.474528

22619.473543

22619.472609

22619.471724

22619.470913

22619.470192

22619.469548

22619.469004

22619.468522

22619.468136

22619.467792

22619.467531

22619.467294

22619.467128

22619.466973

22619.466876

22619.466778

22619.466721

22619.466650

22619.466593

22619.466527

22619.466472

22619.466670

22619.465713

22619.465726

22619.466513

22619.466673

22619.466700

22619.466787

22619.466875

22619.466927

22619.466987

22619.467011

22619.467076

22619.467119

22619.467225

22619.467320

22619.467492

22619.467662

22619.467919

22619.468185

22619.468547

22619.468931

22619.469413

22619.469936

22619.470551

22619.471227

22619.471981

22619.472814

22619.473709

22619.474662

22619.475588

22619.475896

22619.474447

22619.474447

22619.475896

22619.475588

22619.474662

22619.473709

22619.472814

22619.471981

22619.471227

22619.470551

22619.469936

22619.469413

22619.468931

22619.468547

22619.468185

22619.467919

22619.467662

22619.467492

22619.467320

22619.467225

22619.467119

22619.467076

22619.467011

22619.466987

22619.466927

22619.466875

22619.466787

22619.466700

22619.466673

22619.466513

22619.465726

22619.465908

22619.466462

22619.466662

22619.466760

22619.466884

22619.466993

22619.467098

22619.467138

22619.467193

22619.467191

22619.467239

22619.467243

22619.467319

22619.467358

22619.467480

22619.467567

22619.467743

22619.467890

22619.468130

22619.468359

22619.468684

22619.469033

22619.469487

22619.470014

22619.470654

22619.471393

22619.472177

22619.472829

22619.472918

22619.472371

22619.472371

22619.472918

22619.472829

22619.472177

22619.471393

22619.470654

22619.470014

22619.469487

22619.469033

22619.468684

22619.468359

22619.468130

22619.467890

22619.467743

22619.467567

22619.467480

22619.467358

22619.467319

22619.467243

22619.467239

22619.467191

22619.467193

22619.467138

22619.467098

22619.466993

22619.466884

22619.466760

22619.466662

22619.466462

22619.465908

22619.465941

22619.466477

22619.466660

22619.466771

22619.466883

22619.467033

22619.467132

22619.467236

22619.467259

22619.467312

22619.467295

22619.467342

22619.467325

22619.467391

22619.467392

22619.467483

22619.467504

22619.467617

22619.467668

22619.467811

22619.467919

22619.468130

22619.468362

22619.468711

22619.469146

22619.469676

22619.470255

22619.470685

22619.470839

22619.470185

22619.470185

22619.470839

22619.470685

22619.470255

22619.469676

22619.469146

22619.468711

22619.468362

22619.468130

22619.467919

22619.467811

22619.467668

22619.467617

22619.467504

22619.467483

22619.467392

22619.467391

22619.467325

22619.467342

22619.467295

22619.467312

22619.467259

22619.467236

22619.467132

22619.467033

22619.466883

22619.466771

22619.466660

22619.466477

22619.465941

22619.466024

22619.466496

22619.466697

22619.466764

22619.466873

22619.466975

22619.467118

22619.467188

22619.467283

22619.467288

22619.467349

22619.467325

22619.467386

22619.467360

22619.467433

22619.467410

22619.467488

22619.467463

22619.467535

22619.467516

22619.467593

22619.467623

22619.467757

22619.467915

22619.468177

22619.468517

22619.468874

22619.469231

22619.469359

22619.469491

22619.469491

22619.469359

22619.469231

22619.468874

22619.468517

22619.468177

22619.467915

22619.467757

22619.467623

22619.467593

22619.467516

22619.467535

22619.467463

22619.467488

22619.467410

22619.467433

22619.467360

22619.467386

22619.467325

22619.467349

22619.467288

22619.467283

22619.467188

22619.467118

22619.466975

22619.466873

22619.466764

22619.466697

22619.466496

22619.466024

22619.466059

22619.466565

22619.466724

22619.466794

22619.466823

22619.466928

22619.467000

22619.467123

22619.467159

22619.467249

22619.467240

22619.467317

22619.467292

22619.467376

22619.467348

22619.467437

22619.467400

22619.467475

22619.467418

22619.467465

22619.467399

22619.467433

22619.467408

22619.467480

22619.467573

22619.467735

22619.467970

22619.468180

22619.468466

22619.468511

22619.468511

22619.468466

22619.468180

22619.467970

22619.467735

22619.467573

22619.467480

22619.467408

22619.467433

22619.467399

22619.467465

22619.467418

22619.467475

22619.467400

22619.467437

22619.467348

22619.467376

22619.467292

22619.467317

22619.467240

22619.467249

22619.467159

22619.467123

22619.467000

22619.466928

22619.466823

22619.466794

22619.466724

22619.466565

22619.466059

22619.466143

22619.466606

22619.466790

22619.466788

22619.466814

22619.466819

22619.466913

22619.466947

22619.467052

22619.467056

22619.467148

22619.467128

22619.467225

22619.467200

22619.467311

22619.467282

22619.467390

22619.467340

22619.467418

22619.467336

22619.467367

22619.467265

22619.467261

22619.467191

22619.467201

22619.467235

22619.467318

22619.467519

22619.467752

22619.468344

22619.468344

22619.467752

22619.467519

22619.467318

22619.467235

22619.467201

22619.467191

22619.467261

22619.467265

22619.467367

22619.467336

22619.467418

22619.467340

22619.467390

22619.467282

22619.467311

22619.467200

22619.467225

22619.467128

22619.467148

22619.467056

22619.467052

22619.466947

22619.466913

22619.466819

22619.466814

22619.466788

22619.466790

22619.466606

22619.466143

22619.466191

22619.466690

22619.466812

22619.466823

22619.466749

22619.466765

22619.466745

22619.466826

22619.466821

22619.466914

22619.466890

22619.466990

22619.466959

22619.467078

22619.467050

22619.467185

22619.467149

22619.467274

22619.467209

22619.467291

22619.467184

22619.467202

22619.467068

22619.467034

22619.466929

22619.466900

22619.466921

22619.467023

22619.467347

22619.467739

22619.467739

22619.467347

22619.467023

22619.466921

22619.466900

22619.466929

22619.467034

22619.467068

22619.467202

22619.467184

22619.467291

22619.467209

22619.467274

22619.467149

22619.467185

22619.467050

22619.467078

22619.466959

22619.466990

22619.466890

22619.466914

22619.466821

22619.466826

22619.466745

22619.466765

22619.466749

22619.466823

22619.466812

22619.466690

22619.466191

22619.466286

22619.466727

22619.466874

22619.466795

22619.466738

22619.466635

22619.466652

22619.466604

22619.466674

22619.466632

22619.466720

22619.466670

22619.466781

22619.466735

22619.466875

22619.466834

22619.466990

22619.466938

22619.467077

22619.466991

22619.467078

22619.466948

22619.466962

22619.466810

22619.466771

22619.466668

22619.466668

22619.466764

22619.467014

22619.467674

22619.467674

22619.467014

22619.466764

22619.466668

22619.466668

22619.466771

22619.466810

22619.466962

22619.466948

22619.467078

22619.466991

22619.467077

22619.466938

22619.466990

22619.466834

22619.466875

22619.466735

22619.466781

22619.466670

22619.466720

22619.466632

22619.466674

22619.466604

22619.466652

22619.466635

22619.466738

22619.466795

22619.466874

22619.466727

22619.466286

22619.466338

22619.466808

22619.466870

22619.466817

22619.466647

22619.466581

22619.466463

22619.466483

22619.466404

22619.466467

22619.466389

22619.466477

22619.466400

22619.466522

22619.466455

22619.466611

22619.466548

22619.466720

22619.466643

22619.466796

22619.466689

22619.466790

22619.466651

22619.466687

22619.466551

22619.466563

22619.466525

22619.466645

22619.466887

22619.467227

22619.467227

22619.466887

22619.466645

22619.466525

22619.466563

22619.466551

22619.466687

22619.466651

22619.466790

22619.466689

22619.466796

22619.466643

22619.466720

22619.466548

22619.466611

22619.466455

22619.466522

22619.466400

22619.466477

22619.466389

22619.466467

22619.466404

22619.466483

22619.466463

22619.466581

22619.466647

22619.466817

22619.466870

22619.466808

22619.466338

22619.466432

22619.466827

22619.466915

22619.466755

22619.466626

22619.466429

22619.466377

22619.466244

22619.466267

22619.466155

22619.466213

22619.466099

22619.466191

22619.466082

22619.466215

22619.466116

22619.466286

22619.466190

22619.466377

22619.466272

22619.466448

22619.466328

22619.466471

22619.466351

22619.466464

22619.466396

22619.466535

22619.466612

22619.466884

22619.467337

22619.467337

22619.466884

22619.466612

22619.466535

22619.466396

22619.466464

22619.466351

22619.466471

22619.466328

22619.466448

22619.466272

22619.466377

22619.466190

22619.466286

22619.466116

22619.466215

22619.466082

22619.466191

22619.466099

22619.466213

22619.466155

22619.466267

22619.466244

22619.466377

22619.466429

22619.466626

22619.466755

22619.466915

22619.466827

22619.466432

22619.466471

22619.466891

22619.466878

22619.466757

22619.466504

22619.466374

22619.466172

22619.466141

22619.465987

22619.466013

22619.465863

22619.465923

22619.465770

22619.465868

22619.465719

22619.465862

22619.465720

22619.465903

22619.465765

22619.465976

22619.465845

22619.466070

22619.465962

22619.466195

22619.466145

22619.466402

22619.466455

22619.466770

22619.466946

22619.467100

22619.467100

22619.466946

22619.466770

22619.466455

22619.466402

22619.466145

22619.466195

22619.465962

22619.466070

22619.465845

22619.465976

22619.465765

22619.465903

22619.465720

22619.465862

22619.465719

22619.465868

22619.465770

22619.465923

22619.465863

22619.466013

22619.465987

22619.466141

22619.466172

22619.466374

22619.466504

22619.466757

22619.466878

22619.466891

22619.466471

22619.466550

22619.466879

22619.466899

22619.466659

22619.466471

22619.466197

22619.466098

22619.465893

22619.465881

22619.465698

22619.465729

22619.465540

22619.465604

22619.465407

22619.465512

22619.465313

22619.465465

22619.465268

22619.465469

22619.465288

22619.465542

22619.465405

22619.465721

22619.465674

22619.466066

22619.466147

22619.466615

22619.466803

22619.467249

22619.467583

22619.467583

22619.467249

22619.466803

22619.466615

22619.466147

22619.466066

22619.465674

22619.465721

22619.465405

22619.465542

22619.465288

22619.465469

22619.465268

22619.465465

22619.465313

22619.465512

22619.465407

22619.465604

22619.465540

22619.465729

22619.465698

22619.465881

22619.465893

22619.466098

22619.466197

22619.466471

22619.466659

22619.466899

22619.466879

22619.466550

22619.466562

22619.466915

22619.466822

22619.466641

22619.466317

22619.466144

22619.465878

22619.465816

22619.465600

22619.465604

22619.465388

22619.465427

22619.465194

22619.465266

22619.465016

22619.465127

22619.464865

22619.465026

22619.464768

22619.465000

22619.464786

22619.465122

22619.465023

22619.465502

22619.465589

22619.466225

22619.466494

22619.467195

22619.467473

22619.467602

22619.467602

22619.467473

22619.467195

22619.466494

22619.466225

22619.465589

22619.465502

22619.465023

22619.465122

22619.464786

22619.465000

22619.464768

22619.465026

22619.464865

22619.465127

22619.465016

22619.465266

22619.465194

22619.465427

22619.465388

22619.465604

22619.465600

22619.465816

22619.465878

22619.466144

22619.466317

22619.466641

22619.466822

22619.466915

22619.466562

22619.466612

22619.466862

22619.466814

22619.466505

22619.466275

22619.465944

22619.465821

22619.465562

22619.465536

22619.465299

22619.465321

22619.465068

22619.465119

22619.464834

22619.464914

22619.464596

22619.464712

22619.464371

22619.464551

22619.464230

22619.464526

22619.464318

22619.464809

22619.464834

22619.465583

22619.465906

22619.466864

22619.467341

22619.468177

22619.468699

22619.468699

22619.468177

22619.467341

22619.466864

22619.465906

22619.465583

22619.464834

22619.464809

22619.464318

22619.464526

22619.464230

22619.464551

22619.464371

22619.464712

22619.464596

22619.464914

22619.464834

22619.465119

22619.465068

22619.465321

22619.465299

22619.465536

22619.465562

22619.465821

22619.465944

22619.466275

22619.466505

22619.466814

22619.466862

22619.466612

22619.466585

22619.466862

22619.466694

22619.466468

22619.466091

22619.465898

22619.465587

22619.465519

22619.465259

22619.465266

22619.465003

22619.465046

22619.464747

22619.464811

22619.464461

22619.464544

22619.464139

22619.464261

22619.463831

22619.464052

22619.463697

22619.464128

22619.464017

22619.464789

22619.465084

22619.466238

22619.466905

22619.468195

22619.468800

22619.469020

22619.469020

22619.468800

22619.468195

22619.466905

22619.466238

22619.465084

22619.464789

22619.464017

22619.464128

22619.463697

22619.464052

22619.463831

22619.464261

22619.464139

22619.464544

22619.464461

22619.464811

22619.464747

22619.465046

22619.465003

22619.465266

22619.465259

22619.465519

22619.465587

22619.465898

22619.466091

22619.466468

22619.466694

22619.466862

22619.466585

22619.466595

22619.466759

22619.466655

22619.466294

22619.466046

22619.465678

22619.465554

22619.465262

22619.465248

22619.464977

22619.465018

22619.464721

22619.464786

22619.464429

22619.464501

22619.464062

22619.464144

22619.463630

22619.463769

22619.463264

22619.463587

22619.463282

22619.463984

22619.464144

22619.465387

22619.466147

22619.467820

22619.468849

22619.470238

22619.471133

22619.471133

22619.470238

22619.468849

22619.467820

22619.466147

22619.465387

22619.464144

22619.463984

22619.463282

22619.463587

22619.463264

22619.463769

22619.463630

22619.464144

22619.464062

22619.464501

22619.464429

22619.464786

22619.464721

22619.465018

22619.464977

22619.465248

22619.465262

22619.465554

22619.465678

22619.466046

22619.466294

22619.466655

22619.466759

22619.466595

22619.466520

22619.466716

22619.466489

22619.466241

22619.465835

22619.465647

22619.465312

22619.465261

22619.464978

22619.465015

22619.464725

22619.464801

22619.464457

22619.464539

22619.464100

22619.464170

22619.463614

22619.463692

22619.463064

22619.463265

22619.462745

22619.463301

22619.463220

22619.464416

22619.465104

22619.467031

22619.468415

22619.470552

22619.471707

22619.471816

22619.471816

22619.471707

22619.470552

22619.468415

22619.467031

22619.465104

22619.464416

22619.463220

22619.463301

22619.462745

22619.463265

22619.463064

22619.463692

22619.463614

22619.464170

22619.464100

22619.464539

22619.464457

22619.464801

22619.464725

22619.465015

22619.464978

22619.465261

22619.465312

22619.465647

22619.465835

22619.466241

22619.466489

22619.466716

22619.466520

22619.466482

22619.466559

22619.466419

22619.466033

22619.465795

22619.465413

22619.465312

22619.465006

22619.465027

22619.464742

22619.464828

22619.464507

22619.464613

22619.464200

22619.464286

22619.463732

22619.463786

22619.463087

22619.463183

22619.462468

22619.462833

22619.462440

22619.463448

22619.463864

22619.465833

22619.467327

22619.470044

22619.471990

22619.474091

22619.475480

22619.475480

22619.474091

22619.471990

22619.470044

22619.467327

22619.465833

22619.463864

22619.463448

22619.462440

22619.462833

22619.462468

22619.463183

22619.463087

22619.463786

22619.463732

22619.464286

22619.464200

22619.464613

22619.464507

22619.464828

22619.464742

22619.465027

22619.465006

22619.465312

22619.465413

22619.465795

22619.466033

22619.466419

22619.466559

22619.466482

22619.466354

22619.466469

22619.466207

22619.465970

22619.465564

22619.465407

22619.465067

22619.465056

22619.464767

22619.464855

22619.464556

22619.464688

22619.464315

22619.464438

22619.463921

22619.463989

22619.463278

22619.463310

22619.462456

22619.462627

22619.461905

22619.462609

22619.462568

22619.464314

22619.465544

22619.468518

22619.470957

22619.474283

22619.476354

22619.476260

22619.476260

22619.476354

22619.474283

22619.470957

22619.468518

22619.465544

22619.464314

22619.462568

22619.462609

22619.461905

22619.462627

22619.462456

22619.463310

22619.463278

22619.463989

22619.463921

22619.464438

22619.464315

22619.464688

22619.464556

22619.464855

22619.464767

22619.465056

22619.465067

22619.465407

22619.465564

22619.465970

22619.466207

22619.466469

22619.466354

22619.466263

22619.466256

22619.466109

22619.465733

22619.465536

22619.465167

22619.465112

22619.464807

22619.464882

22619.464596

22619.464748

22619.464415

22619.464581

22619.464122

22619.464234

22619.463561

22619.463581

22619.462663

22619.462677

22619.461670

22619.462011

22619.461402

22619.462666

22619.463230

22619.465984

22619.468274

22619.472308

22619.475560

22619.478882

22619.481683

22619.481683

22619.478882

22619.475560

22619.472308

22619.468274

22619.465984

22619.463230

22619.462666

22619.461402

22619.462011

22619.461670

22619.462677

22619.462663

22619.463581

22619.463561

22619.464234

22619.464122

22619.464581

22619.464415

22619.464748

22619.464596

22619.464882

22619.464807

22619.465112

22619.465167

22619.465536

22619.465733

22619.466109

22619.466256

22619.466263

22619.466081

22619.466120

22619.465856

22619.465667

22619.465294

22619.465195

22619.464870

22619.464918

22619.464632

22619.464789

22619.464487

22619.464691

22619.464293

22619.464465

22619.463864

22619.463919

22619.463012

22619.462935

22619.461736

22619.461726

22619.460546

22619.461144

22619.460738

22619.462750

22619.464112

22619.468045

22619.471518

22619.476523

22619.480406

22619.481216

22619.481216

22619.480406

22619.476523

22619.471518

22619.468045

22619.464112

22619.462750

22619.460738

22619.461144

22619.460546

22619.461726

22619.461736

22619.462935

22619.463012

22619.463919

22619.463864

22619.464465

22619.464293

22619.464691

22619.464487

22619.464789

22619.464632

22619.464918

22619.464870

22619.465195

22619.465294

22619.465667

22619.465856

22619.466120

22619.466081

22619.465935

22619.465855

22619.465736

22619.465409

22619.465289

22619.464957

22619.464969

22619.464677

22619.464821

22619.464537

22619.464764

22619.464418

22619.464650

22619.464131

22619.464254

22619.463415

22619.463325

22619.462046

22619.461766

22619.460121

22619.460001

22619.458511

22619.459361

22619.459128

22619.462001

22619.464304

22619.469630

22619.474540

22619.480586

22619.487587

22619.487587

22619.480586

22619.474540

22619.469630

22619.464304

22619.462001

22619.459128

22619.459361

22619.458511

22619.460001

22619.460121

22619.461766

22619.462046

22619.463325

22619.463415

22619.464254

22619.464131

22619.464650

22619.464418

22619.464764

22619.464537

22619.464821

22619.464677

22619.464969

22619.464957

22619.465289

22619.465409

22619.465736

22619.465855

22619.465935

22619.465702

22619.465676

22619.465449

22619.465349

22619.465043

22619.465029

22619.464736

22619.464855

22619.464578

22619.464808

22619.464499

22619.464775

22619.464333

22619.464537

22619.463797

22619.463761

22619.462507

22619.462084

22619.460151

22619.459406

22619.456940

22619.456434

22619.454266

22619.455233

22619.455063

22619.459046

22619.462761

22619.470310

22619.477841

22619.482751

22619.482751

22619.477841

22619.470310

22619.462761

22619.459046

22619.455063

22619.455233

22619.454266

22619.456434

22619.456940

22619.459406

22619.460151

22619.462084

22619.462507

22619.463761

22619.463797

22619.464537

22619.464333

22619.464775

22619.464499

22619.464808

22619.464578

22619.464855

22619.464736

22619.465029

22619.465043

22619.465349

22619.465449

22619.465676

22619.465702

22619.465506

22619.465368

22619.465314

22619.465078

22619.465069

22619.464798

22619.464893

22619.464623

22619.464839

22619.464551

22619.464850

22619.464468

22619.464744

22619.464109

22619.464169

22619.463014

22619.462585

22619.460556

22619.459400

22619.456239

22619.454474

22619.450455

22619.449045

22619.445625

22619.446686

22619.446821

22619.453016

22619.459803

22619.471644

22619.487846

22619.487846

22619.471644

22619.459803

22619.453016

22619.446821

22619.446686

22619.445625

22619.449045

22619.450455

22619.454474

22619.456239

22619.459400

22619.460556

22619.462585

22619.463014

22619.464169

22619.464109

22619.464744

22619.464468

22619.464850

22619.464551

22619.464839

22619.464623

22619.464893

22619.464798

22619.465069

22619.465078

22619.465314

22619.465368

22619.465506

22619.465230

22619.465156

22619.465004

22619.465032

22619.464826

22619.464919

22619.464671

22619.464866

22619.464593

22619.464892

22619.464551

22619.464877

22619.464332

22619.464501

22619.463480

22619.463153

22619.461195

22619.459893

22619.456398

22619.453730

22619.448311

22619.444586

22619.437913

22619.435052

22619.430018

22619.432042

22619.434078

22619.445574

22619.459394

22619.474143

22619.474143

22619.459394

22619.445574

22619.434078

22619.432042

22619.430018

22619.435052

22619.437913

22619.444586

22619.448311

22619.453730

22619.456398

22619.459893

22619.461195

22619.463153

22619.463480

22619.464501

22619.464332

22619.464877

22619.464551

22619.464892

22619.464593

22619.464866

22619.464671

22619.464919

22619.464826

22619.465032

22619.465004

22619.465156

22619.465230

22619.464994

22619.464815

22619.464863

22619.464756

22619.464886

22619.464697

22619.464885

22619.464635

22619.464918

22619.464605

22619.464952

22619.464478

22619.464739

22619.463857

22619.463691

22619.461910

22619.460705

22619.457215

22619.454147

22619.447981

22619.442528

22619.433318

22619.426477

22619.416042

22619.411914

22619.406125

22619.412199

22619.420396

22619.442785

22619.475288

22619.475288

22619.442785

22619.420396

22619.412199

22619.406125

22619.411914

22619.416042

22619.426477

22619.433318

22619.442528

22619.447981

22619.454147

22619.457215

22619.460705

22619.461910

22619.463691

22619.463857

22619.464739

22619.464478

22619.464952

22619.464605

22619.464918

22619.464635

22619.464885

22619.464697

22619.464886

22619.464756

22619.464863

22619.464815

22619.464994

22619.464688

22619.464582

22619.464540

22619.464728

22619.464649

22619.464863

22619.464666

22619.464934

22619.464650

22619.464993

22619.464573

22619.464892

22619.464134

22619.464135

22619.462579

22619.461631

22619.458398

22619.455423

22619.449170

22619.442903

22619.432304

22619.422418

22619.407701

22619.397045

22619.382666

22619.379521

22619.376483

22619.393323

22619.416019

22619.450546

22619.450546

22619.416019

22619.393323

22619.376483

22619.379521

22619.382666

22619.397045

22619.407701

22619.422418

22619.432304

22619.442903

22619.449170

22619.455423

22619.458398

22619.461631

22619.462579

22619.464135

22619.464134

22619.464892

22619.464573

22619.464993

22619.464650

22619.464934

22619.464666

22619.464863

22619.464649

22619.464728

22619.464540

22619.464582

22619.464688

22619.464424

22619.464226

22619.464403

22619.464455

22619.464741

22619.464647

22619.464925

22619.464689

22619.465016

22619.464643

22619.464985

22619.464332

22619.464466

22619.463140

22619.462504

22619.459669

22619.457141

22619.451317

22619.445176

22619.434396

22619.423065

22619.406030

22619.390291

22619.369044

22619.355555

22619.339311

22619.343011

22619.350416

22619.389336

22619.448534

22619.448534

22619.389336

22619.350416

22619.343011

22619.339311

22619.355555

22619.369044

22619.390291

22619.406030

22619.423065

22619.434396

22619.445176

22619.451317

22619.457141

22619.459669

22619.462504

22619.463140

22619.464466

22619.464332

22619.464985

22619.464643

22619.465016

22619.464689

22619.464925

22619.464647

22619.464741

22619.464455

22619.464403

22619.464226

22619.464424

22619.464105

22619.463987

22619.464081

22619.464447

22619.464509

22619.464846

22619.464699

22619.465021

22619.464704

22619.465043

22619.464482

22619.464700

22619.463583

22619.463233

22619.460840

22619.458916

22619.453829

22619.448509

22619.438511

22619.427427

22619.410170

22619.392067

22619.367246

22619.345590

22619.318744

22619.306424

22619.293952

22619.315631

22619.348844

22619.422474

22619.422474

22619.348844

22619.315631

22619.293952

22619.306424

22619.318744

22619.345590

22619.367246

22619.392067

22619.410170

22619.427427

22619.438511

22619.448509

22619.453829

22619.458916

22619.460840

22619.463233

22619.463583

22619.464700

22619.464482

22619.465043

22619.464704

22619.465021

22619.464699

22619.464846

22619.464509

22619.464447

22619.464081

22619.463987

22619.464105

22619.463833

22619.463633

22619.463956

22619.464180

22619.464624

22619.464627

22619.464981

22619.464747

22619.465079

22619.464606

22619.464865

22619.463935

22619.463800

22619.461830

22619.460492

22619.456256

22619.452080

22619.443441

22619.433854

22619.418025

22619.400462

22619.375546

22619.350270

22619.318319

22619.293180

22619.264612

22619.261441

22619.264017

22619.324791

22619.427734

22619.427734

22619.324791

22619.264017

22619.261441

22619.264612

22619.293180

22619.318319

22619.350270

22619.375546

22619.400462

22619.418025

22619.433854

22619.443441

22619.452080

22619.456256

22619.460492

22619.461830

22619.463800

22619.463935

22619.464865

22619.464606

22619.465079

22619.464747

22619.464981

22619.464627

22619.464624

22619.464180

22619.463956

22619.463633

22619.463833

22619.463519

22619.463407

22619.463646

22619.464189

22619.464394

22619.464839

22619.464736

22619.465082

22619.464709

22619.464985

22619.464223

22619.464229

22619.462637

22619.461771

22619.458361

22619.455314

22619.448239

22619.440707

22619.427254

22619.412296

22619.389885

22619.365784

22619.334320

22619.304026

22619.268691

22619.245139

22619.222168

22619.242559

22619.287150

22619.435478

22619.435478

22619.287150

22619.242559

22619.222168

22619.245139

22619.268691

22619.304026

22619.334320

22619.365784

22619.389885

22619.412296

22619.427254

22619.440707

22619.448239

22619.455314

22619.458361

22619.461771

22619.462637

22619.464229

22619.464223

22619.464985

22619.464709

22619.465082

22619.464736

22619.464839

22619.464394

22619.464189

22619.463646

22619.463407

22619.463519

22619.463260

22619.463074

22619.463542

22619.463932

22619.464518

22619.464609

22619.465015

22619.464770

22619.465064

22619.464462

22619.464555

22619.463293

22619.462765

22619.460084

22619.457960

22619.452386

22619.446849

22619.436057

22619.424509

22619.405943

22619.386132

22619.358870

22619.331199

22619.298006

22619.267554

22619.235597

22619.220390

22619.217500

22619.297164

22619.467111

22619.467111

22619.297164

22619.217500

22619.220390

22619.235597

22619.267554

22619.298006

22619.331199

22619.358870

22619.386132

22619.405943

22619.424509

22619.436057

22619.446849

22619.452386

22619.457960

22619.460084

22619.462765

22619.463293

22619.464555

22619.464462

22619.465064

22619.464770

22619.465015

22619.464609

22619.464518

22619.463932

22619.463542

22619.463074

22619.463260

22619.462972

22619.462879

22619.463256

22619.463955

22619.464287

22619.464815

22619.464746

22619.465082

22619.464644

22619.464800

22619.463825

22619.463530

22619.461464

22619.460014

22619.455736

22619.451801

22619.443484

22619.435101

22619.420623

22619.405970

22619.384416

22619.363517

22619.337146

22619.312739

22619.286571

22619.261405

22619.242671

22619.247730

22619.307697

22619.573455

22619.573455

22619.307697

22619.247730

22619.242671

22619.261405

22619.286571

22619.312739

22619.337146

22619.363517

22619.384416

22619.405970

22619.420623

22619.435101

22619.443484

22619.451801

22619.455736

22619.460014

22619.461464

22619.463530

22619.463825

22619.464800

22619.464644

22619.465082

22619.464746

22619.464815

22619.464287

22619.463955

22619.463256

22619.462879

22619.462972

22619.462749

22619.462587

22619.463181

22619.463712

22619.464408

22619.464571

22619.464999

22619.464741

22619.464960

22619.464239

22619.464113

22619.462556

22619.461585

22619.458361

22619.455579

22619.449322

22619.443352

22619.432484

22619.422223

22619.406235

22619.392392

22619.373770

22619.359811

22619.344198

22619.332990

22619.326074

22619.309544

22619.325093

22619.395918

22619.633677

22619.633677

22619.395918

22619.325093

22619.309544

22619.326074

22619.332990

22619.344198

22619.359811

22619.373770

22619.392392

22619.406235

22619.422223

22619.432484

22619.443352

22619.449322

22619.455579

22619.458361

22619.461585

22619.462556

22619.464113

22619.464239

22619.464960

22619.464741

22619.464999

22619.464571

22619.464408

22619.463712

22619.463181

22619.462587

22619.462749

22619.462505

22619.462444

22619.462931

22619.463747

22619.464175

22619.464753

22619.464711

22619.465013

22619.464525

22619.464535

22619.463398

22619.462779

22619.460395

22619.458425

22619.453777

22619.449457

22619.441417

22619.434162

22619.422664

22619.413934

22619.401917

22619.396598

22619.390482

22619.394736

22619.401811

22619.417260

22619.451270

22619.448714

22619.555244

22619.913618

22619.913618

22619.555244

22619.448714

22619.451270

22619.417260

22619.401811

22619.394736

22619.390482

22619.396598

22619.401917

22619.413934

22619.422664

22619.434162

22619.441417

22619.449457

22619.453777

22619.458425

22619.460395

22619.462779

22619.463398

22619.464535

22619.464525

22619.465013

22619.464711

22619.464753

22619.464175

22619.463747

22619.462931

22619.462444

22619.462505

22619.462344

22619.462210

22619.462896

22619.463524

22619.464286

22619.464499

22619.464924

22619.464662

22619.464796

22619.464005

22619.463663

22619.461941

22619.460577

22619.457160

22619.453969

22619.448003

22619.442560

22619.434191

22619.428170

22619.420649

22619.419919

22619.420586

22619.433909

22619.450434

22619.484722

22619.528036

22619.601839

22619.734953

22619.766433

22619.946619

22619.946619

22619.766433

22619.734953

22619.601839

22619.528036

22619.484722

22619.450434

22619.433909

22619.420586

22619.419919

22619.420649

22619.428170

22619.434191

22619.442560

22619.448003

22619.453969

22619.457160

22619.460577

22619.461941

22619.463663

22619.464005

22619.464796

22619.464662

22619.464924

22619.464499

22619.464286

22619.463524

22619.462896

22619.462210

22619.462344

22619.462162

22619.462136

22619.462692

22619.463573

22619.464056

22619.464649

22619.464626

22619.464886

22619.464382

22619.464265

22619.463064

22619.462183

22619.459714

22619.457379

22619.452926

22619.448630

22619.442250

22619.437245

22619.431969

22619.432014

22619.435964

22619.451791

22619.474550

22619.514823

22619.560799

22619.639487

22619.747507

22619.971039

22620.297300

22620.462027

22620.462027

22620.297300

22619.971039

22619.747507

22619.639487

22619.560799

22619.514823

22619.474550

22619.451791

22619.435964

22619.432014

22619.431969

22619.437245

22619.442250

22619.448630

22619.452926

22619.457379

22619.459714

22619.462183

22619.463064

22619.464265

22619.464382

22619.464886

22619.464626

22619.464649

22619.464056

22619.463573

22619.462692

22619.462136

22619.462162

22619.462085

22619.461977

22619.462707

22619.463376

22619.464153

22619.464388

22619.464793

22619.464539

22619.464606

22619.463807

22619.463317

22619.461580

22619.459964

22619.456663

22619.453290

22619.448220

22619.443593

22619.438949

22619.437544

22619.441110

22619.454109

22619.478661

22619.518763

22619.569792

22619.640971

22619.727040

22619.883790

22620.125929

22620.571696

22620.405051

22620.405051

22620.571696

22620.125929

22619.883790

22619.727040

22619.640971

22619.569792

22619.518763

22619.478661

22619.454109

22619.441110

22619.437544

22619.438949

22619.443593

22619.448220

22619.453290

22619.456663

22619.459964

22619.461580

22619.463317

22619.463807

22619.464606

22619.464539

22619.464793

22619.464388

22619.464153

22619.463376

22619.462707

22619.461977

22619.462085

22619.461983

22619.461989

22619.462561

22619.463444

22619.463931

22619.464504

22619.464488

22619.464709

22619.464220

22619.464031

22619.462853

22619.461842

22619.459456

22619.456962

22619.452923

22619.448773

22619.444158

22619.440962

22619.441742

22619.448903

22619.469079

22619.502974

22619.556603

22619.625776

22619.708836

22619.822816

22619.994357

22620.275782

22620.675696

22620.541144

22620.541144

22620.675696

22620.275782

22619.994357

22619.822816

22619.708836

22619.625776

22619.556603

22619.502974

22619.469079

22619.448903

22619.441742

22619.440962

22619.444158

22619.448773

22619.452923

22619.456962

22619.459456

22619.461842

22619.462853

22619.464031

22619.464220

22619.464709

22619.464488

22619.464504

22619.463931

22619.463444

22619.462561

22619.461989

22619.461983

22619.462007

22619.461915

22619.462634

22619.463278

22619.464016

22619.464237

22619.464604

22619.464361

22619.464389

22619.463625

22619.463087

22619.461425

22619.459752

22619.456645

22619.453281

22619.448857

22619.444736

22619.442437

22619.443746

22619.455180

22619.477829

22619.523598

22619.586914

22619.675664

22619.780345

22619.904546

22620.103954

22620.376528

22620.554209

22619.718806

22619.718806

22620.554209

22620.376528

22620.103954

22619.904546

22619.780345

22619.675664

22619.586914

22619.523598

22619.477829

22619.455180

22619.443746

22619.442437

22619.444736

22619.448857

22619.453281

22619.456645

22619.459752

22619.461425

22619.463087

22619.463625

22619.464389

22619.464361

22619.464604

22619.464237

22619.464016

22619.463278

22619.462634

22619.461915

22619.462007

22619.461995

22619.462020

22619.462550

22619.463366

22619.463802

22619.464315

22619.464286

22619.464469

22619.464004

22619.463798

22619.462686

22619.461693

22619.459428

22619.457012

22619.453176

22619.449216

22619.445058

22619.442572

22619.445258

22619.455913

22619.484557

22619.532110

22619.612379

22619.714414

22619.837696

22619.989524

22620.127696

22620.361303

22619.926631

22619.711279

22619.711279

22619.926631

22620.361303

22620.127696

22619.989524

22619.837696

22619.714414

22619.612379

22619.532110

22619.484557

22619.455913

22619.445258

22619.442572

22619.445058

22619.449216

22619.453176

22619.457012

22619.459428

22619.461693

22619.462686

22619.463798

22619.464004

22619.464469

22619.464286

22619.464315

22619.463802

22619.463366

22619.462550

22619.462020

22619.461995

22619.462128

22619.462035

22619.462680

22619.463233

22619.463873

22619.464040

22619.464345

22619.464100

22619.464106

22619.463386

22619.462884

22619.461318

22619.459783

22619.456786

22619.453669

22619.449159

22619.445309

22619.442362

22619.444290

22619.455375

22619.482626

22619.535623

22619.619705

22619.738550

22619.880876

22620.010820

22620.169941

22620.059364

22619.916691

22619.550638

22619.550638

22619.916691

22620.059364

22620.169941

22620.010820

22619.880876

22619.738550

22619.619705

22619.535623

22619.482626

22619.455375

22619.444290

22619.442362

22619.445309

22619.449159

22619.453669

22619.456786

22619.459783

22619.461318

22619.462884

22619.463386

22619.464106

22619.464100

22619.464345

22619.464040

22619.463873

22619.463233

22619.462680

22619.462035

22619.462128

22619.462207

22619.462230

22619.462657

22619.463337

22619.463667

22619.464077

22619.464006

22619.464140

22619.463689

22619.463497

22619.462457

22619.461595

22619.459446

22619.457338

22619.453472

22619.449908

22619.444858

22619.442463

22619.442008

22619.452689

22619.476051

22619.529239

22619.611207

22619.738840

22619.882086

22620.026968

22620.099727

22620.045490

22619.791832

22619.515132

22619.515132

22619.791832

22620.045490

22620.099727

22620.026968

22619.882086

22619.738840

22619.611207

22619.529239

22619.476051

22619.452689

22619.442008

22619.442463

22619.444858

22619.449908

22619.453472

22619.457338

22619.459446

22619.461595

22619.462457

22619.463497

22619.463689

22619.464140

22619.464006

22619.464077

22619.463667

22619.463337

22619.462657

22619.462230

22619.462207

22619.462437

22619.462324

22619.462836

22619.463235

22619.463721

22619.463793

22619.464008

22619.463742

22619.463723

22619.463047

22619.462623

22619.461174

22619.459912

22619.457043

22619.454429

22619.449589

22619.446140

22619.440864

22619.442085

22619.445813

22619.470828

22619.509506

22619.595698

22619.700939

22619.858228

22619.984424

22620.060052

22620.122408

22619.759505

22619.516399

22619.516399

22619.759505

22620.122408

22620.060052

22619.984424

22619.858228

22619.700939

22619.595698

22619.509506

22619.470828

22619.445813

22619.442085

22619.440864

22619.446140

22619.449589

22619.454429

22619.457043

22619.459912

22619.461174

22619.462623

22619.463047

22619.463723

22619.463742

22619.464008

22619.463793

22619.463721

22619.463235

22619.462836

22619.462324

22619.462437

22619.462591

22619.462588

22619.462866

22619.463350

22619.463525

22619.463792

22619.463656

22619.463722

22619.463284

22619.463111

22619.462169

22619.461489

22619.459547

22619.457895

22619.454199

22619.451285

22619.445501

22619.443089

22619.438308

22619.445870

22619.455728

22619.499366

22619.552422

22619.666828

22619.771810

22619.923741

22619.988121

22620.074730

22620.205244

22619.444855

22619.444855

22620.205244

22620.074730

22619.988121

22619.923741

22619.771810

22619.666828

22619.552422

22619.499366

22619.455728

22619.445870

22619.438308

22619.443089

22619.445501

22619.451285

22619.454199

22619.457895

22619.459547

22619.461489

22619.462169

22619.463111

22619.463284

22619.463722

22619.463656

22619.463792

22619.463525

22619.463350

22619.462866

22619.462588

22619.462591

22619.462882

22619.462741

22619.463077

22619.463278

22619.463564

22619.463515

22619.463616

22619.463327

22619.463278

22619.462673

22619.462341

22619.461102

22619.460164

22619.457685

22619.455710

22619.451198

22619.448315

22619.441954

22619.441677

22619.438727

22619.454598

22619.471996

22619.532079

22619.591560

22619.711307

22619.781090

22619.907399

22619.842314

22620.117436

22620.381108

22620.381108

22620.117436

22619.842314

22619.907399

22619.781090

22619.711307

22619.591560

22619.532079

22619.471996

22619.454598

22619.438727

22619.441677

22619.441954

22619.448315

22619.451198

22619.455710

22619.457685

22619.460164

22619.461102

22619.462341

22619.462673

22619.463278

22619.463327

22619.463616

22619.463515

22619.463564

22619.463278

22619.463077

22619.462741

22619.462882

22619.463069

22619.463039

22619.463146

22619.463400

22619.463395

22619.463496

22619.463291

22619.463287

22619.462889

22619.462743

22619.461979

22619.461495

22619.459966

22619.458798

22619.455825

22619.453619

22619.448520

22619.445985

22619.439913

22619.442383

22619.443055

22619.465974

22619.490559

22619.554023

22619.607513

22619.696377

22619.706655

22619.740216

22619.458679

22618.993645

22618.993645

22619.458679

22619.740216

22619.706655

22619.696377

22619.607513

22619.554023

22619.490559

22619.465974

22619.443055

22619.442383

22619.439913

22619.445985

22619.448520

22619.453619

22619.455825

22619.458798

22619.459966

22619.461495

22619.461979

22619.462743

22619.462889

22619.463287

22619.463291

22619.463496

22619.463395

22619.463400

22619.463146

22619.463039

22619.463069

22619.463358

22619.463217

22619.463373

22619.463367

22619.463440

22619.463267

22619.463256

22619.462970

22619.462907

22619.462437

22619.462214

22619.461325

22619.460711

22619.458957

22619.457575

22619.454268

22619.451835

22619.446636

22619.444401

22619.439844

22619.444080

22619.449761

22619.473123

22619.502313

22619.546658

22619.587374

22619.596479

22619.577892

22619.358756

22619.556232

22619.556232

22619.358756

22619.577892

22619.596479

22619.587374

22619.546658

22619.502313

22619.473123

22619.449761

22619.444080

22619.439844

22619.444401

22619.446636

22619.451835

22619.454268

22619.457575

22619.458957

22619.460711

22619.461325

22619.462214

22619.462437

22619.462907

22619.462970

22619.463256

22619.463267

22619.463440

22619.463367

22619.463373

22619.463217

22619.463358

22619.463514

22619.463506

22619.463475

22619.463510

22619.463336

22619.463281

22619.463034

22619.462981

22619.462674

22619.462583

22619.462089

22619.461809

22619.460866

22619.460119

22619.458256

22619.456572

22619.453165

22619.450216

22619.445488

22619.442662

22619.440540

22619.443190

22619.453507

22619.466551

22619.496356

22619.500324

22619.533762

22619.456795

22619.509498

22619.573410

22619.573410

22619.509498

22619.456795

22619.533762

22619.500324

22619.496356

22619.466551

22619.453507

22619.443190

22619.440540

22619.442662

22619.445488

22619.450216

22619.453165

22619.456572

22619.458256

22619.460119

22619.460866

22619.461809

22619.462089

22619.462583

22619.462674

22619.462981

22619.463034

22619.463281

22619.463336

22619.463510

22619.463475

22619.463506

22619.463514

22619.463715

22619.463671

22619.463710

22619.463543

22619.463437

22619.463177

22619.463083

22619.462841

22619.462790

22619.462513

22619.462411

22619.461951

22619.461611

22619.460693

22619.459722

22619.457846

22619.455547

22619.452192

22619.447959

22619.443930

22619.438649

22619.438622

22619.435056

22619.447077

22619.442412

22619.467854

22619.443731

22619.471466

22619.509220

22619.532182

22619.532182

22619.509220

22619.471466

22619.443731

22619.467854

22619.442412

22619.447077

22619.435056

22619.438622

22619.438649

22619.443930

22619.447959

22619.452192

22619.455547

22619.457846

22619.459722

22619.460693

22619.461611

22619.461951

22619.462411

22619.462513

22619.462790

22619.462841

22619.463083

22619.463177

22619.463437

22619.463543

22619.463710

22619.463671

22619.463715

22619.463756

22619.463909

22619.463846

22619.463743

22619.463465

22619.463306

22619.463058

22619.462982

22619.462793

22619.462757

22619.462545

22619.462425

22619.462043

22619.461568

22619.460700

22619.459257

22619.457330

22619.453835

22619.450388

22619.443760

22619.439939

22619.430324

22619.430569

22619.419118

22619.428569

22619.415766

22619.432035

22619.448917

22619.467702

22619.495383

22619.495383

22619.467702

22619.448917

22619.432035

22619.415766

22619.428569

22619.419118

22619.430569

22619.430324

22619.439939

22619.443760

22619.450388

22619.453835

22619.457330

22619.459257

22619.460700

22619.461568

22619.462043

22619.462425

22619.462545

22619.462757

22619.462793

22619.462982

22619.463058

22619.463306

22619.463465

22619.463743

22619.463846

22619.463909

22619.463756

22619.463770

22619.464026

22619.464101

22619.463885

22619.463693

22619.463412

22619.463271

22619.463081

22619.463025

22619.462900

22619.462857

22619.462723

22619.462521

22619.462206

22619.461420

22619.460515

22619.458212

22619.456006

22619.450673

22619.446682

22619.436982

22619.432428

22619.418876

22619.417490

22619.404431

22619.409240

22619.412886

22619.423821

22619.447607

22619.454888

22619.454888

22619.447607

22619.423821

22619.412886

22619.409240

22619.404431

22619.417490

22619.418876

22619.432428

22619.436982

22619.446682

22619.450673

22619.456006

22619.458212

22619.460515

22619.461420

22619.462206

22619.462521

22619.462723

22619.462857

22619.462900

22619.463025

22619.463081

22619.463271

22619.463412

22619.463693

22619.463885

22619.464101

22619.464026

22619.463770

22619.463607

22619.464190

22619.464282

22619.464191

22619.463915

22619.463719

22619.463482

22619.463353

22619.463205

22619.463131

22619.463052

22619.462941

22619.462850

22619.462447

22619.462112

22619.460796

22619.459670

22619.456206

22619.453428

22619.446156

22619.441256

22619.429491

22619.423819

22619.410624

22619.407543

22619.403135

22619.405771

22619.418388

22619.424269

22619.435207

22619.435207

22619.424269

22619.418388

22619.405771

22619.403135

22619.407543

22619.410624

22619.423819

22619.429491

22619.441256

22619.446156

22619.453428

22619.456206

22619.459670

22619.460796

22619.462112

22619.462447

22619.462850

22619.462941

22619.463052

22619.463131

22619.463205

22619.463353

22619.463482

22619.463719

22619.463915

22619.464191

22619.464282

22619.464190

22619.463607

22619.463311

22619.464247

22619.464597

22619.464473

22619.464297

22619.464022

22619.463809

22619.463580

22619.463409

22619.463263

22619.463112

22619.463030

22619.462769

22619.462649

22619.461941

22619.461482

22619.459565

22619.458108

22619.453690

22619.450334

22619.442237

22619.436728

22619.425977

22619.419955

22619.412431

22619.409217

22619.412627

22619.413819

22619.423705

22619.425351

22619.425351

22619.423705

22619.413819

22619.412627

22619.409217

22619.412431

22619.419955

22619.425977

22619.436728

22619.442237

22619.450334

22619.453690

22619.458108

22619.459565

22619.461482

22619.461941

22619.462649

22619.462769

22619.463030

22619.463112

22619.463263

22619.463409

22619.463580

22619.463809

22619.464022

22619.464297

22619.464473

22619.464597

22619.464247

22619.463311

22619.462826

22619.464407

22619.464856

22619.464878

22619.464603

22619.464343

22619.464034

22619.463756

22619.463495

22619.463236

22619.463046

22619.462767

22619.462628

22619.462188

22619.461994

22619.461050

22619.460483

22619.458331

22619.456728

22619.452412

22619.448992

22619.442314

22619.437068

22619.430498

22619.425090

22619.423688

22619.420577

22619.425637

22619.425121

22619.428876

22619.428876

22619.425121

22619.425637

22619.420577

22619.423688

22619.425090

22619.430498

22619.437068

22619.442314

22619.448992

22619.452412

22619.456728

22619.458331

22619.460483

22619.461050

22619.461994

22619.462188

22619.462628

22619.462767

22619.463046

22619.463236

22619.463495

22619.463756

22619.464034

22619.464343

22619.464603

22619.464878

22619.464856

22619.464407

22619.462826

22619.461813

22619.464558

22619.465309

22619.464986

22619.464733

22619.464397

22619.464078

22619.463744

22619.463399

22619.463093

22619.462736

22619.462478

22619.462090

22619.461891

22619.461404

22619.461214

22619.460431

22619.459991

22619.458495

22619.457200

22619.454543

22619.451609

22619.448152

22619.443359

22619.441061

22619.435543

22619.436386

22619.432178

22619.434587

22619.433078

22619.433078

22619.434587

22619.432178

22619.436386

22619.435543

22619.441061

22619.443359

22619.448152

22619.451609

22619.454543

22619.457200

22619.458495

22619.459991

22619.460431

22619.461214

22619.461404

22619.461891

22619.462090

22619.462478

22619.462736

22619.463093

22619.463399

22619.463744

22619.464078

22619.464397

22619.464733

22619.464986

22619.465309

22619.464558

22619.461813

22619.461131

22619.465491

22619.464640

22619.464454

22619.464246

22619.464052

22619.463809

22619.463518

22619.463214

22619.462853

22619.462525

22619.462138

22619.461850

22619.461514

22619.461351

22619.461170

22619.461165

22619.461185

22619.461086

22619.461122

22619.460070

22619.459615

22619.456155

22619.454721

22619.447861

22619.445659

22619.436814

22619.434844

22619.428335

22619.427567

22619.427567

22619.428335

22619.434844

22619.436814

22619.445659

22619.447861

22619.454721

22619.456155

22619.459615

22619.460070

22619.461122

22619.461086

22619.461185

22619.461165

22619.461170

22619.461351

22619.461514

22619.461850

22619.462138

22619.462525

22619.462853

22619.463214

22619.463518

22619.463809

22619.464052

22619.464246

22619.464454

22619.464640

22619.465491

22619.461131

22619.456897

22619.461149

22619.461775

22619.462714

22619.463075

22619.463306

22619.463350

22619.463310

22619.463161

22619.462960

22619.462708

22619.462441

22619.462225

22619.462017

22619.462055

22619.462030

22619.462584

22619.462670

22619.463794

22619.463195

22619.464136

22619.460645

22619.459301

22619.449684

22619.443568

22619.426851

22619.416508

22619.398576

22619.389951

22619.381972

22619.381972

22619.389951

22619.398576

22619.416508

22619.426851

22619.443568

22619.449684

22619.459301

22619.460645

22619.464136

22619.463195

22619.463794

22619.462670

22619.462584

22619.462030

22619.462055

22619.462017

22619.462225

22619.462441

22619.462708

22619.462960

22619.463161

22619.463310

22619.463350

22619.463306

22619.463075

22619.462714

22619.461775

22619.461149

22619.456897

