AXIS X

0.000000 0.000500 0.001000 0.001500 0.002000 0.002500 0.003000 0.003500 0.004000 0.004500 0.005000 0.005500 0.006000 0.006500 0.007000 0.007500 0.008000 0.008500 0.009000 0.009500 0.010000 0.010500 0.011000 0.011500 0.012000 0.012500 0.013000 0.013500 0.014000 0.014500 0.015000 0.015500 0.016000 0.016500 0.017000 0.017500 0.018000 0.018500 0.019000 0.019500 0.020000 0.020500 0.021000 0.021500 0.022000 0.022500 0.023000 0.023500 0.024000 0.024500 0.025000 0.025500 0.026000 0.026500 0.027000 0.027500 0.028000 0.028500 0.029000 0.029500 

AXIS Y

0.000000 0.000500 0.001000 0.001500 0.002000 0.002500 0.003000 0.003500 0.004000 0.004500 0.005000 0.005500 0.006000 0.006500 0.007000 0.007500 0.008000 0.008500 0.009000 0.009500 0.010000 0.010500 0.011000 0.011500 0.012000 0.012500 0.013000 0.013500 0.014000 0.014500 0.015000 0.015500 0.016000 0.016500 0.017000 0.017500 0.018000 0.018500 0.019000 0.019500 0.020000 0.020500 0.021000 0.021500 0.022000 0.022500 0.023000 0.023500 0.024000 0.024500 0.025000 0.025500 0.026000 0.026500 0.027000 0.027500 0.028000 0.028500 0.029000 0.029500 



DATA
6510.241074

6510.241858

6510.568916

6511.550984

6513.625927

6517.008798

6521.657966

6527.223018

6533.201559

6538.964981

6544.049794

6548.156876

6551.443729

6554.388221

6557.989978

6563.448971

6572.282426

6585.886087

6605.654032

6632.549031

6667.257693

6709.851893

6759.804985

6815.839225

6875.378457

6935.379890

6990.295606

7036.445953

7071.932549

7084.038075

7084.038075

7071.932549

7036.445953

6990.295606

6935.379890

6875.378457

6815.839225

6759.804985

6709.851893

6667.257693

6632.549031

6605.654032

6585.886087

6572.282426

6563.448971

6557.989978

6554.388221

6551.443729

6548.156876

6544.049794

6538.964981

6533.201559

6527.223018

6521.657966

6517.008798

6513.625927

6511.550984

6510.568916

6510.241858

6510.241074

6510.270362

6510.664299

6511.994862

6514.032192

6516.568721

6519.555520

6522.865246

6526.439962

6530.248936

6534.283830

6538.594878

6543.308165

6548.620047

6554.836252

6562.297448

6571.444818

6582.656817

6596.367477

6612.820982

6632.300149

6654.788590

6680.331314

6708.513614

6738.986403

6770.691048

6802.795841

6832.913514

6861.337114

6875.453649

6865.635109

6865.635109

6875.453649

6861.337114

6832.913514

6802.795841

6770.691048

6738.986403

6708.513614

6680.331314

6654.788590

6632.300149

6612.820982

6596.367477

6582.656817

6571.444818

6562.297448

6554.836252

6548.620047

6543.308165

6538.594878

6534.283830

6530.248936

6526.439962

6522.865246

6519.555520

6516.568721

6514.032192

6511.994862

6510.664299

6510.270362

6510.501311

6511.812733

6513.996625

6516.977096

6520.114618

6523.080187

6525.744614

6528.230504

6530.835332

6533.988136

6538.094537

6543.506652

6550.402106

6558.773008

6568.400405

6578.882914

6589.741467

6600.462265

6610.712547

6620.288351

6629.346471

6638.073901

6646.904467

6655.859162

6665.042540

6673.546412

6681.038595

6683.772092

6680.310540

6676.433156

6676.433156

6680.310540

6683.772092

6681.038595

6673.546412

6665.042540

6655.859162

6646.904467

6638.073901

6629.346471

6620.288351

6610.712547

6600.462265

6589.741467

6578.882914

6568.400405

6558.773008

6550.402106

6543.506652

6538.094537

6533.988136

6530.835332

6528.230504

6525.744614

6523.080187

6520.114618

6516.977096

6513.996625

6511.812733

6510.501311

6511.326173

6513.597568

6516.427768

6519.909892

6523.496602

6526.697961

6529.372275

6531.634623

6533.882217

6536.607090

6540.340626

6545.428799

6552.009515

6559.861413

6568.480962

6577.107694

6584.934015

6591.303521

6595.900357

6598.903307

6600.828745

6602.443329

6604.169275

6606.074619

6607.220884

6606.533725

6602.088296

6594.177487

6584.844037

6578.401670

6578.401670

6584.844037

6594.177487

6602.088296

6606.533725

6607.220884

6606.074619

6604.169275

6602.443329

6600.828745

6598.903307

6595.900357

6591.303521

6584.934015

6577.107694

6568.480962

6559.861413

6552.009515

6545.428799

6540.340626

6536.607090

6533.882217

6531.634623

6529.372275

6526.697961

6523.496602

6519.909892

6516.427768

6513.597568

6511.326173

6512.841041

6515.662296

6519.095053

6522.816550

6526.681953

6530.276129

6533.354722

6535.913678

6538.119350

6540.315235

6542.834679

6545.991694

6549.874861

6554.401479

6559.221341

6563.916278

6568.092659

6571.645077

6574.852140

6578.362513

6583.004682

6589.309358

6597.231253

6605.622521

6612.687199

6615.907820

6614.047484

6606.707202

6596.417192

6585.043640

6585.043640

6596.417192

6606.707202

6614.047484

6615.907820

6612.687199

6605.622521

6597.231253

6589.309358

6583.004682

6578.362513

6574.852140

6571.645077

6568.092659

6563.916278

6559.221341

6554.401479

6549.874861

6545.991694

6542.834679

6540.315235

6538.119350

6535.913678

6533.354722

6530.276129

6526.681953

6522.816550

6519.095053

6515.662296

6512.841041

6515.182343

6518.003323

6521.733418

6525.749288

6529.860819

6533.855467

6537.381373

6540.173052

6542.107534

6543.180591

6543.569235

6543.494065

6543.281023

6543.204170

6543.604784

6544.826367

6547.383098

6551.921559

6559.220237

6569.972042

6584.473502

6602.349986

6622.237555

6642.036503

6658.965050

6670.775017

6675.557524

6673.315801

6664.178468

6649.765877

6649.765877

6664.178468

6673.315801

6675.557524

6670.775017

6658.965050

6642.036503

6622.237555

6602.349986

6584.473502

6569.972042

6559.220237

6551.921559

6547.383098

6544.826367

6543.604784

6543.204170

6543.281023

6543.494065

6543.569235

6543.180591

6542.107534

6540.173052

6537.381373

6533.855467

6529.860819

6525.749288

6521.733418

6518.003323

6515.182343

6518.145831

6520.679631

6524.565071

6528.841283

6533.239474

6537.425734

6540.977883

6543.412370

6544.364968

6543.708605

6541.543569

6538.291611

6534.565525

6531.250805

6529.349219

6530.037562

6534.483702

6543.760633

6558.549428

6578.891549

6603.955525

6631.961619

6660.454086

6686.619316

6708.115465

6723.121980

6731.098763

6731.649234

6725.121137

6710.947342

6710.947342

6725.121137

6731.649234

6731.098763

6723.121980

6708.115465

6686.619316

6660.454086

6631.961619

6603.955525

6578.891549

6558.549428

6543.760633

6534.483702

6530.037562

6529.349219

6531.250805

6534.565525

6538.291611

6541.543569

6543.708605

6544.364968

6543.412370

6540.977883

6537.425734

6533.239474

6528.841283

6524.565071

6520.679631

6518.145831

6521.570946

6523.799507

6527.826663

6532.385533

6536.864558

6540.778523

6543.545287

6544.671090

6543.886689

6541.238699

6537.154894

6532.329414

6527.776869

6524.666327

6524.365773

6528.220902

6537.455320

6552.828756

6574.397787

6601.243113

6631.476206

6662.468219

6691.375963

6715.818741

6734.285967

6746.493515

6752.759016

6753.845234

6749.625317

6738.790906

6738.790906

6749.625317

6753.845234

6752.759016

6746.493515

6734.285967

6715.818741

6691.375963

6662.468219

6631.476206

6601.243113

6574.397787

6552.828756

6537.455320

6528.220902

6524.365773

6524.666327

6527.776869

6532.329414

6537.154894

6541.238699

6543.886689

6544.671090

6543.545287

6540.778523

6536.864558

6532.385533

6527.826663

6523.799507

6521.570946

6525.304020

6527.413270

6531.678219

6536.374979

6540.550608

6543.446012

6544.506622

6543.482531

6540.572265

6536.415709

6531.908960

6528.130151

6526.131304

6527.002894

6531.710876

6541.116524

6555.715281

6575.516321

6599.780706

6627.053097

6655.234972

6682.065890

6705.515617

6724.308705

6738.036198

6747.028753

6752.013171

6753.458879

6751.137190

6742.885980

6742.885980

6751.137190

6753.458879

6752.013171

6747.028753

6738.036198

6724.308705

6705.515617

6682.065890

6655.234972

6627.053097

6599.780706

6575.516321

6555.715281

6541.116524

6531.710876

6527.002894

6526.131304

6528.130151

6531.908960

6536.415709

6540.572265

6543.482531

6544.506622

6543.446012

6540.550608

6536.374979

6531.678219

6527.413270

6525.304020

6529.342144

6531.508171

6535.952528

6540.463416

6543.711797

6544.871632

6543.592224

6540.165995

6535.512143

6530.926316

6527.797846

6527.246599

6530.113412

6536.837231

6547.630046

6562.351178

6580.598595

6601.552300

6624.142515

6647.053233

6669.129334

6689.416758

6707.501401

6723.194044

6736.504644

6747.176067

6754.699897

6758.270314

6756.763646

6747.956661

6747.956661

6756.763646

6758.270314

6754.699897

6747.176067

6736.504644

6723.194044

6707.501401

6689.416758

6669.129334

6647.053233

6624.142515

6601.552300

6580.598595

6562.351178

6547.630046

6536.837231

6530.113412

6527.246599

6527.797846

6530.926316

6535.512143

6540.165995

6543.592224

6544.871632

6543.711797

6540.463416

6535.952528

6531.508171

6529.342144

6533.769263

6535.922067

6540.204295

6543.929160

6545.628365

6544.627089

6541.046680

6535.809709

6530.447655

6526.711223

6526.041831

6529.375536

6536.967138

6548.647261

6563.794478

6581.593957

6600.936006

6620.734613

6639.951838

6658.105421

6675.178801

6691.874334

6708.902472

6726.754632

6744.820181

6761.502459

6774.317284

6780.810468

6779.103867

6767.875368

6767.875368

6779.103867

6780.810468

6774.317284

6761.502459

6744.820181

6726.754632

6708.902472

6691.874334

6675.178801

6658.105421

6639.951838

6620.734613

6600.936006

6581.593957

6563.794478

6548.647261

6536.967138

6529.375536

6526.041831

6526.711223

6530.447655

6535.809709

6541.046680

6544.627089

6545.628365

6543.929160

6540.204295

6535.922067

6533.769263

6538.695853

6540.336159

6543.769358

6546.019488

6545.745712

6542.709619

6537.564174

6531.684507

6526.841274

6524.677318

6526.362568

6532.315733

6542.435540

6556.123518

6572.629383

6590.898779

6609.884220

6628.468265

6646.081330

6662.673842

6679.213905

6696.962987

6717.267529

6740.264560

6764.702502

6787.596201

6805.201176

6814.055463

6812.005399

6798.220831

6798.220831

6812.005399

6814.055463

6805.201176

6787.596201

6764.702502

6740.264560

6717.267529

6696.962987

6679.213905

6662.673842

6646.081330

6628.468265

6609.884220

6590.898779

6572.629383

6556.123518

6542.435540

6532.315733

6526.362568

6524.677318

6526.841274

6531.684507

6537.564174

6542.709619

6545.745712

6546.019488

6543.769358

6540.336159

6538.695853

6544.044484

6544.313267

6546.050451

6546.287585

6544.049400

6539.597913

6533.960027

6528.587092

6524.957102

6524.252072

6527.055778

6533.500885

6543.309703

6556.181668

6571.602637

6589.043515

6607.622781

6626.612046

6645.364223

6664.124961

6683.606418

6705.241798

6729.886396

6757.551741

6786.408432

6813.234051

6834.039379

6845.189995

6844.420128

6830.352346

6830.352346

6844.420128

6845.189995

6834.039379

6813.234051

6786.408432

6757.551741

6729.886396

6705.241798

6683.606418

6664.124961

6645.364223

6626.612046

6607.622781

6589.043515

6571.602637

6556.181668

6543.309703

6533.500885

6527.055778

6524.252072

6524.957102

6528.587092

6533.960027

6539.597913

6544.049400

6546.287585

6546.050451

6544.313267

6544.044484

6549.465600

6547.414774

6546.803302

6544.903498

6541.149001

6536.108708

6530.845937

6526.488311

6523.988577

6523.904544

6526.484089

6531.699298

6539.631078

6550.336962

6564.002693

6580.407013

6599.160684

6619.386883

6640.562792

6662.324185

6685.294827

6710.168588

6737.832640

6768.008133

6799.288747

6828.878991

6853.170443

6868.703026

6872.136385

6860.924932

6860.924932

6872.136385

6868.703026

6853.170443

6828.878991

6799.288747

6768.008133

6737.832640

6710.168588

6685.294827

6662.324185

6640.562792

6619.386883

6599.160684

6580.407013

6564.002693

6550.336962

6539.631078

6531.699298

6526.484089

6523.904544

6523.988577

6526.488311

6530.845937

6536.108708

6541.149001

6544.903498

6546.803302

6547.414774

6549.465600

6554.241662

6549.369394

6546.291879

6542.659991

6538.092639

6533.123850

6528.509380

6524.946235

6522.909927

6522.693792

6524.387736

6528.172486

6534.284859

6543.246244

6555.387088

6570.916105

6589.356679

6610.114273

6632.244468

6655.513501

6679.907610

6706.332438

6735.344962

6767.241324

6801.003450

6834.433873

6864.453768

6886.932510

6897.596079

6890.116392

6890.116392

6897.596079

6886.932510

6864.453768

6834.433873

6801.003450

6767.241324

6735.344962

6706.332438

6679.907610

6655.513501

6632.244468

6610.114273

6589.356679

6570.916105

6555.387088

6543.246244

6534.284859

6528.172486

6524.387736

6522.693792

6522.909927

6524.946235

6528.509380

6533.123850

6538.092639

6542.659991

6546.291879

6549.369394

6554.241662

6557.522143

6550.114885

6545.207153

6540.654168

6535.977852

6531.343294

6527.130591

6523.751875

6521.643066

6521.111895

6522.397821

6525.609028

6531.040160

6538.995866

6549.956419

6564.013187

6581.091756

6600.517697

6621.834467

6644.541667

6669.105745

6696.102438

6726.630505

6760.900643

6798.285550

6836.817150

6873.156900

6903.299097

6921.202566

6919.865749

6919.865749

6921.202566

6903.299097

6873.156900

6836.817150

6798.285550

6760.900643

6726.630505

6696.102438

6669.105745

6644.541667

6621.834467

6600.517697

6581.091756

6564.013187

6549.956419

6538.995866

6531.040160

6525.609028

6522.397821

6521.111895

6521.643066

6523.751875

6527.130591

6531.343294

6535.977852

6540.654168

6545.207153

6550.114885

6557.522143

6558.530323

6549.798830

6544.301963

6539.835654

6535.540528

6531.201036

6526.979509

6523.419484

6521.200618

6520.895413

6522.640514

6526.340817

6531.785053

6539.131435

6548.671907

6560.900067

6575.897280

6593.607477

6613.583224

6635.860422

6660.649212

6688.995560

6721.576440

6758.784201

6799.555504

6841.666659

6882.012248

6916.240029

6939.196451

6941.148171

6941.148171

6939.196451

6916.240029

6882.012248

6841.666659

6799.555504

6758.784201

6721.576440

6688.995560

6660.649212

6635.860422

6613.583224

6593.607477

6575.897280

6560.900067

6548.671907

6539.131435

6531.785053

6526.340817

6522.640514

6520.895413

6521.200618

6523.419484

6526.979509

6531.201036

6535.540528

6539.835654

6544.301963

6549.798830

6558.530323

6556.949862

6548.620240

6544.059650

6540.590555

6536.979830

6532.822427

6528.477367

6524.846486

6522.991663

6523.478687

6526.213676

6530.546101

6536.014795

6542.616698

6551.043768

6562.069642

6576.267782

6593.594253

6613.788987

6636.608209

6662.496526

6692.134564

6726.437067

6765.168641

6807.123518

6849.665648

6889.644392

6923.833105

6947.348461

6951.672394

6951.672394

6947.348461

6923.833105

6889.644392

6849.665648

6807.123518

6765.168641

6726.437067

6692.134564

6662.496526

6636.608209

6613.788987

6593.594253

6576.267782

6562.069642

6551.043768

6542.616698

6536.014795

6530.546101

6526.213676

6523.478687

6522.991663

6524.846486

6528.477367

6532.822427

6536.979830

6540.590555

6544.059650

6548.620240

6556.949862

6552.999630

6546.773575

6544.462480

6542.694087

6539.960725

6536.089634

6531.868002

6528.642180

6527.528834

6528.902760

6532.207138

6536.640717

6541.763830

6548.087748

6556.688541

6568.635569

6584.331680

6603.331780

6624.922671

6648.626726

6674.819695

6704.531609

6738.592229

6777.116276

6818.362723

6859.804266

6898.110560

6930.378244

6952.752113

6956.991711

6956.991711

6952.752113

6930.378244

6898.110560

6859.804266

6818.362723

6777.116276

6738.592229

6704.531609

6674.819695

6648.626726

6624.922671

6603.331780

6584.331680

6568.635569

6556.688541

6548.087748

6541.763830

6536.640717

6532.207138

6528.902760

6527.528834

6528.642180

6531.868002

6536.089634

6539.960725

6542.694087

6544.462480

6546.773575

6552.999630

6547.438372

6544.384389

6545.132038

6545.476740

6543.885803

6540.601813

6536.948567

6534.417722

6533.971558

6535.580829

6538.638092

6542.568516

6547.644942

6554.897620

6565.606878

6580.478639

6599.037719

6620.217224

6642.622765

6666.067366

6691.196781

6719.752975

6753.212267

6791.737880

6834.122568

6877.015787

6917.235585

6950.758014

6973.597630

6975.599378

6975.599378

6973.597630

6950.758014

6917.235585

6877.015787

6834.122568

6791.737880

6753.212267

6719.752975

6691.196781

6666.067366

6642.622765

6620.217224

6599.037719

6580.478639

6565.606878

6554.897620

6547.644942

6542.568516

6538.638092

6535.580829

6533.971558

6534.417722

6536.948567

6540.601813

6543.885803

6545.476740

6545.132038

6544.384389

6547.438372

6541.261366

6541.599207

6545.565274

6548.241886

6548.087335

6545.774738

6542.884049

6540.892515

6540.454071

6541.513711

6543.750256

6547.387311

6553.291861

6562.710788

6576.451100

6594.190661

6614.828650

6636.559938

6658.721227

6681.304433

6706.258239

6735.592294

6771.287776

6813.864884

6861.601349

6911.718983

6959.126809

6999.665449

7026.597260

7031.806131

7031.806131

7026.597260

6999.665449

6959.126809

6911.718983

6861.601349

6813.864884

6771.287776

6735.592294

6706.258239

6681.304433

6658.721227

6636.559938

6614.828650

6594.190661

6576.451100

6562.710788

6553.291861

6547.387311

6543.750256

6541.513711

6540.454071

6540.892515

6542.884049

6545.774738

6548.087335

6548.241886

6545.565274

6541.599207

6541.261366

6535.444094

6538.619965

6545.473888

6550.493884

6552.050374

6550.853758

6548.524422

6546.418408

6545.282132

6545.377819

6547.105966

6551.183523

6558.632197

6570.132466

6585.568046

6604.136976

6624.405127

6645.810596

6668.090170

6692.853319

6721.589364

6756.655641

6799.228979

6849.536018

6906.350418

6965.965957

7024.258838

7074.111961

7109.090732

7115.530494

7115.530494

7109.090732

7074.111961

7024.258838

6965.965957

6906.350418

6849.536018

6799.228979

6756.655641

6721.589364

6692.853319

6668.090170

6645.810596

6624.405127

6604.136976

6585.568046

6570.132466

6558.632197

6551.183523

6547.105966

6545.377819

6545.282132

6546.418408

6548.524422

6550.853758

6552.050374

6550.493884

6545.473888

6538.619965

6535.444094

6530.694345

6535.762364

6544.862051

6552.084108

6555.367041

6555.115241

6552.755880

6549.859515

6547.664229

6547.168620

6549.143264

6554.256057

6562.766446

6574.530003

6589.098686

6605.937841

6625.273363

6647.431774

6673.811655

6705.045266

6742.381040

6786.053648

6836.700651

6894.275346

6957.910878

7025.503692

7091.985115

7151.396071

7193.617338

7205.449300

7205.449300

7193.617338

7151.396071

7091.985115

7025.503692

6957.910878

6894.275346

6836.700651

6786.053648

6742.381040

6705.045266

6673.811655

6647.431774

6625.273363

6605.937841

6589.098686

6574.530003

6562.766446

6554.256057

6549.143264

6547.168620

6547.664229

6549.859515

6552.755880

6555.115241

6555.367041

6552.084108

6544.862051

6535.762364

6530.694345

6527.400305

6533.377894

6544.015951

6553.033736

6557.748127

6557.926806

6554.949646

6550.912551

6547.959434

6547.587183

6550.426249

6556.167327

6564.162099

6573.931794

6585.763988

6600.984936

6621.156834

6647.996806

6681.680977

6721.856324

6767.030563

6816.551780

6870.518346

6930.144863

6996.201775

7067.867192

7140.968607

7207.877285

7257.674412

7274.652628

7274.652628

7257.674412

7207.877285

7140.968607

7067.867192

6996.201775

6930.144863

6870.518346

6816.551780

6767.030563

6721.856324

6681.680977

6647.996806

6621.156834

6600.984936

6585.763988

6573.931794

6564.162099

6556.167327

6550.426249

6547.587183

6547.959434

6550.912551

6554.949646

6557.926806

6557.748127

6553.033736

6544.015951

6533.377894

6527.400305

6525.664898

6531.807808

6543.248303

6553.432380

6558.900263

6558.923881

6555.002793

6550.077967

6547.013576

6547.378115

6550.850074

6556.084428

6561.924388

6568.777528

6578.781407

6594.841560

6619.464711

6652.945976

6693.761414

6738.881376

6785.826256

6834.353304

6886.383610

6945.461306

7014.565645

7092.589999

7175.793029

7253.170061

7311.876358

7324.702253

7324.702253

7311.876358

7253.170061

7175.793029

7092.589999

7014.565645

6945.461306

6886.383610

6834.353304

6785.826256

6738.881376

6693.761414

6652.945976

6619.464711

6594.841560

6578.781407

6568.777528

6561.924388

6556.084428

6550.850074

6547.378115

6547.013576

6550.077967

6555.002793

6558.923881

6558.900263

6553.432380

6543.248303

6531.807808

6525.664898

6525.439280

6531.225222

6542.796190

6553.240351

6558.638415

6557.992676

6553.283473

6548.088252

6545.584033

6546.637253

6549.951705

6553.485328

6556.859332

6562.129961

6573.073506

6593.162937

6623.293497

6661.629472

6704.242664

6747.462875

6790.759659

6836.119932

6889.391617

6955.448076

7036.483013

7131.626331

7230.809395

7324.956773

7392.444656

7414.573303

7414.573303

7392.444656

7324.956773

7230.809395

7131.626331

7036.483013

6955.448076

6889.391617

6836.119932

6790.759659

6747.462875

6704.242664

6661.629472

6623.293497

6593.162937

6573.073506

6562.129961

6556.859332

6553.485328

6549.951705

6546.637253

6545.584033

6548.088252

6553.283473

6557.992676

6558.638415

6553.240351

6542.796190

6531.225222

6525.439280

6526.561071

6531.659247

6542.633467

6552.413761

6556.880423

6555.372035

6550.282785

6545.540980

6543.771841

6545.032967

6547.211864

6548.891587

6551.016495

6557.263166

6571.711717

6596.163283

6629.336323

6667.202561

6706.078596

6745.326936

6787.303246

6839.207905

6906.199794

6992.837708

7098.032911

7213.639530

7333.156782

7437.375547

7514.902086

7523.756716

7523.756716

7514.902086

7437.375547

7333.156782

7213.639530

7098.032911

6992.837708

6906.199794

6839.207905

6787.303246

6745.326936

6706.078596

6667.202561

6629.336323

6596.163283

6571.711717

6557.263166

6551.016495

6548.891587

6547.211864

6545.032967

6543.771841

6545.540980

6550.282785

6555.372035

6556.880423

6552.413761

6542.633467

6531.659247

6526.561071

6528.847717

6532.885076

6542.644483

6550.869456

6553.872437

6551.466142

6546.529604

6542.505822

6541.285721

6541.914227

6542.745932

6543.321176

6546.270605

6555.361066

6573.175380

6599.386151

6630.674748

6664.340908

6699.903672

6740.846269

6794.465303

6865.852527

6960.005161

7073.196028

7198.519727

7327.722136

7446.218887

7552.417380

7622.911589

7635.099413

7635.099413

7622.911589

7552.417380

7446.218887

7327.722136

7198.519727

7073.196028

6960.005161

6865.852527

6794.465303

6740.846269

6699.903672

6664.340908

6630.674748

6599.386151

6573.175380

6555.361066

6546.270605

6543.321176

6542.745932

6541.914227

6541.285721

6542.505822

6546.529604

6551.466142

6553.872437

6550.869456

6542.644483

6532.885076

6528.847717

6531.978145

6534.622360

6542.574938

6548.762440

6550.003086

6546.923976

6542.263081

6538.906806

6537.484205

6537.196210

6536.887751

6537.943046

6542.958702

6554.726954

6573.527078

6597.225836

6624.339177

6654.937450

6694.036908

6748.170698

6823.041983

6922.082849

7039.400212

7167.621210

7293.515851

7406.801574

7508.708732

7592.038224

7661.559117

7679.204584

7679.204584

7661.559117

7592.038224

7508.708732

7406.801574

7293.515851

7167.621210

7039.400212

6922.082849

6823.041983

6748.170698

6694.036908

6654.937450

6624.339177

6597.225836

6573.527078

6554.726954

6542.958702

6537.943046

6536.887751

6537.196210

6537.484205

6538.906806

6542.263081

6546.923976

6550.003086

6548.762440

6542.574938

6534.622360

6531.978145

6535.595157

6536.462784

6542.333572

6546.282594

6545.930159

6542.219109

6537.811297

6534.407092

6532.437240

6530.997741

6530.757574

6533.029242

6540.278457

6552.686600

6569.209004

6588.961490

6612.883936

6646.994283

6697.078601

6769.969452

6866.723516

6982.229140

7107.558293

7226.515916

7330.377432

7416.095785

7490.415142

7572.307765

7652.894788

7683.889314

7683.889314

7652.894788

7572.307765

7490.415142

7416.095785

7330.377432

7226.515916

7107.558293

6982.229140

6866.723516

6769.969452

6697.078601

6646.994283

6612.883936

6588.961490

6569.209004

6552.686600

6540.278457

6533.029242

6530.757574

6530.997741

6532.437240

6534.407092

6537.811297

6542.219109

6545.930159

6546.282594

6542.333572

6536.462784

6535.595157

6539.187809

6538.115966

6541.824141

6543.821633

6542.103463

6537.920927

6533.215071

6529.402408

6526.377009

6524.713284

6524.950599

6529.075999

6536.811384

6547.741063

6560.679755

6577.375538

6603.597779

6645.063784

6709.100835

6795.297583

6902.038311

7019.848879

7135.794247

7239.529177

7322.122804

7395.569151

7479.283533

7596.070739

7746.812324

7884.879793

7884.879793

7746.812324

7596.070739

7479.283533

7395.569151

7322.122804

7239.529177

7135.794247

7019.848879

6902.038311

6795.297583

6709.100835

6645.063784

6603.597779

6577.375538

6560.679755

6547.741063

6536.811384

6529.075999

6524.950599

6524.713284

6526.377009

6529.402408

6533.215071

6537.920927

6542.103463

6543.821633

6541.824141

6538.115966

6539.187809

6542.290734

6539.297390

6541.122737

6541.583534

6538.966364

6534.185194

6528.989137

6524.225618

6520.822311

6519.199887

6520.966733

6525.548785

6532.698338

6540.444337

6550.807042

6568.167834

6598.808513

6649.060852

6718.842925

6810.043905

6915.949543

7032.850668

7148.456438

7250.775103

7342.254119

7433.744322

7570.575714

7776.944992

8056.236266

8277.436038

8277.436038

8056.236266

7776.944992

7570.575714

7433.744322

7342.254119

7250.775103

7148.456438

7032.850668

6915.949543

6810.043905

6718.842925

6649.060852

6598.808513

6568.167834

6550.807042

6540.444337

6532.698338

6525.548785

6520.966733

6519.199887

6520.822311

6524.225618

6528.989137

6534.185194

6538.966364

6541.583534

6541.122737

6539.297390

6542.290734

6544.468788

6539.866527

6540.239055

6539.749858

6536.544596

6531.304379

6525.322937

6520.098222

6516.555422

6516.208448

6518.611018

6523.399458

6527.930117

6533.675521

6543.217478

6563.349087

6598.335869

6649.569752

6719.639074

6808.054789

6922.296366

7054.057242

7193.097826

7318.608675

7423.016357

7546.013216

7728.409341

8049.306503

8474.528151

8883.193111

8883.193111

8474.528151

8049.306503

7728.409341

7546.013216

7423.016357

7318.608675

7193.097826

7054.057242

6922.296366

6808.054789

6719.639074

6649.569752

6598.335869

6563.349087

6543.217478

6533.675521

6527.930117

6523.399458

6518.611018

6516.208448

6516.555422

6520.098222

6525.322937

6531.304379

6536.544596

6539.749858

6540.239055

6539.866527

6544.468788

6545.447509

6539.754879

6539.213703

6538.260777

6534.831193

6529.183175

6522.830517

6517.441186

6514.912360

6515.484846

6518.742142

6521.812149

6524.893733

6528.994656

6540.610624

6562.217018

6596.341278

6642.845966

6707.551450

6805.891478

6943.766827

7119.184436

7290.402808

7420.950961

7502.905551

7577.697462

7771.635535

8131.919772

8698.919031

9230.112989

9230.112989

8698.919031

8131.919772

7771.635535

7577.697462

7502.905551

7420.950961

7290.402808

7119.184436

6943.766827

6805.891478

6707.551450

6642.845966

6596.341278

6562.217018

6540.610624

6528.994656

6524.893733

6521.812149

6518.742142

6515.484846

6514.912360

6517.441186

6522.830517

6529.183175

6534.831193

6538.260777

6539.213703

6539.754879

6545.447509

6545.165321

6538.966638

6538.051109

6537.018763

6533.590811

6527.880500

6521.525074

6516.927626

6515.513444

6517.369370

6519.993409

6522.098215

6523.471424

6529.269227

6541.521547

6562.786905

6588.806520

6626.981525

6693.693602

6814.418837

7001.797089

7218.266152

7400.081822

7466.734691

7425.495017

7390.585508

7489.165947

7892.641576

8508.649980

9019.795333

9019.795333

8508.649980

7892.641576

7489.165947

7390.585508

7425.495017

7466.734691

7400.081822

7218.266152

7001.797089

6814.418837

6693.693602

6626.981525

6588.806520

6562.786905

6541.521547

6529.269227

6523.471424

6522.098215

6519.993409

6517.369370

6515.513444

6516.927626

6521.525074

6527.880500

6533.590811

6537.018763

6538.051109

6538.966638

6545.165321

6543.677279

6537.617539

6536.736121

6535.884684

6532.660713

6527.193779

6521.547222

6518.150783

6518.270445

6520.492420

6522.584715

6523.269243

6525.646331

6532.535507

6546.126374

6559.810661

6576.171176

6605.104998

6684.339237

6842.459703

7076.207214

7318.308134

7440.381691

7373.932445

7159.464532

6979.636914

7068.538992

7491.953356

8247.138498

8924.268234

8924.268234

8247.138498

7491.953356

7068.538992

6979.636914

7159.464532

7373.932445

7440.381691

7318.308134

7076.207214

6842.459703

6684.339237

6605.104998

6576.171176

6559.810661

6546.126374

6532.535507

6525.646331

6523.269243

6522.584715

6520.492420

6518.270445

6518.150783

6521.547222

6527.193779

6532.660713

6535.884684

6536.736121

6537.617539

6543.677279

6541.272971

6535.803105

6535.293528

6534.751764

6531.872257

6527.048247

6522.560760

6520.846389

6522.147406

6524.434215

6525.475969

6526.039501

6529.702525

6539.046023

6548.952227

6554.623476

6555.444224

6584.321737

6678.505567

6877.083411

7142.612701

7363.464116

7393.196007

7166.920258

6831.005900

6632.717558

6799.966440

7487.787227

8466.951739

8907.589689

8907.589689

8466.951739

7487.787227

6799.966440

6632.717558

6831.005900

7166.920258

7393.196007

7363.464116

7142.612701

6877.083411

6678.505567

6584.321737

6555.444224

6554.623476

6548.952227

6539.046023

6529.702525

6526.039501

6525.475969

6524.434215

6522.147406

6520.846389

6522.560760

6527.048247

6531.872257

6534.751764

6535.293528

6535.803105

6541.272971

6538.205241

6533.696661

6533.735185

6533.578305

6531.188507

6527.247532

6524.342211

6524.301796

6526.524619

6528.390279

6528.445802

6529.468841

6535.043001

6544.774379

6550.302714

6542.384365

6534.521874

6559.081343

6676.805785

6896.146558

7174.282759

7352.510277

7288.907259

6981.259579

6630.326123

6535.094594

6970.300687

8056.201270

9511.636729

10351.489356

10351.489356

9511.636729

8056.201270

6970.300687

6535.094594

6630.326123

6981.259579

7288.907259

7352.510277

7174.282759

6896.146558

6676.805785

6559.081343

6534.521874

6542.384365

6550.302714

6544.774379

6535.043001

6529.468841

6528.445802

6528.390279

6526.524619

6524.301796

6524.342211

6527.247532

6531.188507

6533.578305

6533.735185

6533.696661

6538.205241

6534.839677

6531.439732

6532.129112

6532.431026

6530.552383

6527.727605

6526.396168

6527.967887

6530.685908

6531.734769

6531.152645

6532.397124

6539.834552

6548.383528

6547.127816

6528.935821

6509.352860

6539.227515

6660.482123

6897.585895

7156.893219

7309.876881

7206.969701

6905.871290

6622.882738

6684.149118

7287.248148

8777.425771

11070.035991

11396.637148

11396.637148

11070.035991

8777.425771

7287.248148

6684.149118

6622.882738

6905.871290

7206.969701

7309.876881

7156.893219

6897.585895

6660.482123

6539.227515

6509.352860

6528.935821

6547.127816

6548.383528

6539.834552

6532.397124

6531.152645

6531.734769

6530.685908

6527.967887

6526.396168

6527.727605

6530.552383

6532.431026

6532.129112

6531.439732

6534.839677

6531.410802

6529.214223

6530.643842

6531.351147

6530.050970

6528.150030

6528.379786

6531.097424

6534.031948

6534.225256

6532.613331

6534.633295

6542.043841

6549.609423

6541.540545

6514.708544

6490.264283

6514.820572

6641.074235

6858.853021

7114.311931

7246.553042

7185.564257

6939.537592

6739.413695

6785.867211

7375.755882

8266.009086

10136.453925

12305.805142

12305.805142

10136.453925

8266.009086

7375.755882

6785.867211

6739.413695

6939.537592

7185.564257

7246.553042

7114.311931

6858.853021

6641.074235

6514.820572

6490.264283

6514.708544

6541.540545

6549.609423

6542.043841

6534.633295

6532.613331

6534.225256

6534.031948

6531.097424

6528.379786

6528.150030

6530.050970

6531.351147

6530.643842

6529.214223

6531.410802

6528.147737

6527.257532

6529.398084

6530.513965

6529.469460

6528.382777

6529.580928

6533.336387

6536.149139

6535.552651

6533.272584

6534.882446

6543.061933

6547.926572

6537.268301

6504.687287

6476.832064

6497.075281

6604.510447

6804.754798

7025.491242

7188.344438

7177.708247

7032.231749

6823.988387

6755.751012

6872.714724

7315.905695

7057.014869

7026.097646

7026.097646

7057.014869

7315.905695

6872.714724

6755.751012

6823.988387

7032.231749

7177.708247

7188.344438

7025.491242

6804.754798

6604.510447

6497.075281

6476.832064

6504.687287

6537.268301

6547.926572

6543.061933

6534.882446

6533.272584

6535.552651

6536.149139

6533.336387

6529.580928

6528.382777

6529.469460

6530.513965

6529.398084

6527.257532

6528.147737

6525.269130

6525.704655

6528.570185

6529.771833

6528.792600

6527.868027

6529.902708

6534.155917

6537.339737

6536.071697

6533.243897

6534.657196

6542.101459

6547.397304

6534.318558

6503.330110

6471.640792

6484.191569

6567.455288

6725.109360

6921.057582

7083.489174

7162.777201

7085.451717

6877.174493

6609.014925

6421.848632

6467.661094

6675.305629

9026.615004

9026.615004

6675.305629

6467.661094

6421.848632

6609.014925

6877.174493

7085.451717

7162.777201

7083.489174

6921.057582

6725.109360

6567.455288

6484.191569

6471.640792

6503.330110

6534.318558

6547.397304

6542.101459

6534.657196

6533.243897

6536.071697

6537.339737

6534.155917

6529.902708

6527.868027

6528.792600

6529.771833

6528.570185

6525.704655

6525.269130

6522.945459

6524.683260

6527.973884

6529.062091

6527.614043

6526.674044

6528.927596

6534.104615

6537.599101

6536.788901

6533.230206

6534.240674

6541.403760

6546.656119

6536.946300

6506.500989

6478.289015

6477.178670

6536.744172

6645.297210

6793.663451

6945.794193

7066.081988

7092.154568

6925.007313

6574.910805

6269.539908

6246.786657

7218.224351

8712.462489

8712.462489

7218.224351

6246.786657

6269.539908

6574.910805

6925.007313

7092.154568

7066.081988

6945.794193

6793.663451

6645.297210

6536.744172

6477.178670

6478.289015

6506.500989

6536.946300

6546.656119

6541.403760

6534.240674

6533.230206

6536.788901

6537.599101

6534.104615

6528.927596

6526.674044

6527.614043

6529.062091

6527.973884

6524.683260

6522.945459

6521.455972

6524.009794

6527.399642

6527.969793

6525.993433

6524.639319

6527.239949

6533.017501

6537.911030

6537.403775

6534.178730

6533.602732

6540.575328

6547.102204

6540.743291

6517.325731

6487.929024

6485.382710

6515.825945

6589.748159

6671.788851

6776.925695

6893.400244

6997.101246

7002.125465

6738.435743

6397.019083

6322.756528

7169.359380

8245.503361

8245.503361

7169.359380

6322.756528

6397.019083

6738.435743

7002.125465

6997.101246

6893.400244

6776.925695

6671.788851

6589.748159

6515.825945

6485.382710

6487.929024

6517.325731

6540.743291

6547.102204

6540.575328

6533.602732

6534.178730

6537.403775

6537.911030

6533.017501

6527.239949

6524.639319

6525.993433

6527.969793

6527.399642

6524.009794

6521.455972

6520.808755

6523.510021

6526.391078

6526.403649

6523.904919

6522.314919

6524.903560

6531.545125

6537.485095

6538.548191

6534.585481

6533.338131

6538.306178

6547.272081

6546.159435

6528.544935

6505.693483

6496.340401

6523.445017

6560.902178

6600.407760

6615.572188

6662.681204

6794.328612

6947.162502

7073.661822

6684.785221

6520.339196

6851.501523

7805.531686

7805.531686

6851.501523

6520.339196

6684.785221

7073.661822

6947.162502

6794.328612

6662.681204

6615.572188

6600.407760

6560.902178

6523.445017

6496.340401

6505.693483

6528.544935

6546.159435

6547.272081

6538.306178

6533.338131

6534.585481

6538.548191

6537.485095

6531.545125

6524.903560

6522.314919

6523.904919

6526.403649

6526.391078

6523.510021

6520.808755

6520.988012

6522.855842

6524.833410

6524.348797

6521.778834

6520.045836

6522.433156

6529.238519

6536.456877

6538.519445

6535.158315

6531.308474

6535.617854

6545.283248

6551.355605

6541.519478

6521.766111

6516.221956

6537.061862

6578.768434

6582.906355

6530.211431

6459.895039

6470.199006

6737.006924

7034.832814

7378.103341

6663.998562

6682.725730

7308.051134

7308.051134

6682.725730

6663.998562

7378.103341

7034.832814

6737.006924

6470.199006

6459.895039

6530.211431

6582.906355

6578.768434

6537.061862

6516.221956

6521.766111

6541.519478

6551.355605

6545.283248

6535.617854

6531.308474

6535.158315

6538.519445

6536.456877

6529.238519

6522.433156

6520.045836

6521.778834

6524.348797

6524.833410

6522.855842

6520.988012

6521.494177

6521.976547

6522.809176

6522.195932

6520.018639

6518.250789

6519.981874

6526.233940

6534.061319

6537.781378

6534.551869

6529.540445

6530.701477

6542.572808

6554.490446

6553.715935

6538.239174

6528.820370

6554.298120

6604.835030

6628.137937

6553.148819

6370.601503

6246.643048

6276.572749

6750.266428

7194.942288

7743.693598

6565.724056

6867.020490

6867.020490

6565.724056

7743.693598

7194.942288

6750.266428

6276.572749

6246.643048

6370.601503

6553.148819

6628.137937

6604.835030

6554.298120

6528.820370

6538.239174

6553.715935

6554.490446

6542.572808

6530.701477

6529.540445

6534.551869

6537.781378

6534.061319

6526.233940

6519.981874

6518.250789

6520.018639

6522.195932

6522.809176

6521.976547

6521.494177

6521.878087

6520.860021

6520.769685

6520.375225

6518.911042

6517.213715

6517.765746

6522.911057

6530.881974

6536.351022

6534.447954

6527.729364

6526.184695

6537.084280

6555.323722

6563.534687

6551.221206

6536.165823

6551.831314

6617.157018

6686.909758

6659.105794

6492.055096

6206.091879

6078.177320

6127.808304

6676.202717

7102.831979

7794.271697

6994.577983

6994.577983

7794.271697

7102.831979

6676.202717

6127.808304

6078.177320

6206.091879

6492.055096

6659.105794

6686.909758

6617.157018

6551.831314

6536.165823

6551.221206

6563.534687

6555.323722

6537.084280

6526.184695

6527.729364

6534.447954

6536.351022

6530.881974

6522.911057

6517.765746

6517.213715

6518.911042

6520.375225

6520.769685

6520.860021

6521.878087

6521.530689

6519.676290

6519.115016

6519.170685

6518.542046

6516.876072

6516.397533

6520.002774

6528.069301

6535.235176

6535.292580

6527.562583

6521.950585

6529.641900

6551.259827

6567.960772

6562.746697

6537.646204

6535.668983

6592.238746

6701.114932

6782.003010

6709.557777

6495.894321

6181.742158

6052.958144

6038.905515

6335.744825

6403.936277

6054.263157

6054.263157

6403.936277

6335.744825

6038.905515

6052.958144

6181.742158

6495.894321

6709.557777

6782.003010

6701.114932

6592.238746

6535.668983

6537.646204

6562.746697

6567.960772

6551.259827

6529.641900

6521.950585

6527.562583

6535.292580

6535.235176

6528.069301

6520.002774

6516.397533

6516.876072

6518.542046

6519.170685

6519.115016

6519.676290

6521.530689

6520.265150

6518.523638

6518.044190

6518.553198

6518.596375

6517.283532

6516.131086

6518.736242

6526.310473

6534.984131

6536.775251

6528.951240

6518.626851

6521.062188

6540.730869

6566.497786

6569.229933

6545.518224

6517.010270

6544.818935

6650.103792

6799.802651

6896.636207

6832.566477

6651.466062

6400.366628

6270.949718

6208.229049

6147.228812

6513.896035

6513.896035

6147.228812

6208.229049

6270.949718

6400.366628

6651.466062

6832.566477

6896.636207

6799.802651

6650.103792

6544.818935

6517.010270

6545.518224

6569.229933

6566.497786

6540.730869

6521.062188

6518.626851

6528.951240

6536.775251

6534.984131

6526.310473

6518.736242

6516.131086

6517.283532

6518.596375

6518.553198

6518.044190

6518.523638

6520.265150

6518.139373

6517.413713

6517.422315

6518.182444

6518.724181

6518.072313

6517.260313

6519.234182

6526.009722

6534.591768

6537.830463

6530.368022

6517.514244

6512.581904

6528.277638

6555.437492

6573.829082

6555.982475

6520.678936

6502.959321

6564.050330

6702.085665

6872.747536

6988.793525

6984.327701

6903.669460

6789.665682

6737.268913

6743.135706

6748.438520

6748.438520

6743.135706

6737.268913

6789.665682

6903.669460

6984.327701

6988.793525

6872.747536

6702.085665

6564.050330

6502.959321

6520.678936

6555.982475

6573.829082

6555.437492

6528.277638

6512.581904

6517.514244

6530.368022

6537.830463

6534.591768

6526.009722

6519.234182

6517.260313

6518.072313

6518.724181

6518.182444

6517.422315

6517.413713

6518.139373

6515.561541

6516.304459

6516.899244

6517.689176

6518.513902

6518.894296

6519.180041

6521.100824

6526.306217

6533.273257

6536.707332

6531.245356

6518.430076

6509.563885

6516.509770

6542.488017

6567.080116

6570.940532

6538.047421

6502.222617

6496.492361

6565.962404

6694.077761

6840.175183

6950.888990

6977.692860

6967.059679

6854.215469

6760.794418

6668.036905

6668.036905

6760.794418

6854.215469

6967.059679

6977.692860

6950.888990

6840.175183

6694.077761

6565.962404

6496.492361

6502.222617

6538.047421

6570.940532

6567.080116

6542.488017

6516.509770

6509.563885

6518.430076

6531.245356

6536.707332

6533.273257

6526.306217

6521.100824

6519.180041

6518.894296

6518.513902

6517.689176

6516.899244

6516.304459

6515.561541

6513.067650

6515.078438

6516.184953

6516.833740

6517.792502

6519.234929

6520.933023

6523.176092

6526.506233

6530.915597

6533.599476

6531.117685

6522.220144

6512.816656

6513.268882

6529.023613

6555.432095

6570.746578

6563.021370

6526.460317

6492.932102

6484.946513

6525.486149

6602.515564

6673.672159

6727.877739

6682.659923

6616.368009

6486.284787

6418.036256

6418.036256

6486.284787

6616.368009

6682.659923

6727.877739

6673.672159

6602.515564

6525.486149

6484.946513

6492.932102

6526.460317

6563.021370

6570.746578

6555.432095

6529.023613

6513.268882

6512.816656

6522.220144

6531.117685

6533.599476

6530.915597

6526.506233

6523.176092

6520.933023

6519.234929

6517.792502

6516.833740

6516.184953

6515.078438

6513.067650

6511.060571

6513.768171

6515.107847

6515.659593

6516.630717

6518.710191

6521.579985

6524.276508

6526.598677

6528.624953

6530.596588

6530.535567

6527.254003

6521.045270

6517.629193

6523.345378

6539.525265

6559.769549

6567.948113

6557.407675

6526.703545

6494.956541

6477.875536

6478.028554

6499.065793

6490.703628

6476.643079

6401.973911

6340.789657

6286.471601

6286.471601

6340.789657

6401.973911

6476.643079

6490.703628

6499.065793

6478.028554

6477.875536

6494.956541

6526.703545

6557.407675

6567.948113

6559.769549

6539.525265

6523.345378

6517.629193

6521.045270

6527.254003

6530.535567

6530.596588

6528.624953

6526.598677

6524.276508

6521.579985

6518.710191

6516.630717

6515.659593

6515.107847

6513.768171

6511.060571

6509.837087

6512.386224

6513.749330

6514.378883

6515.295541

6517.364932

6520.522787

6523.930044

6526.498627

6528.269298

6529.451664

6530.594853

6530.288137

6528.412667

6525.296025

6525.253063

6531.436773

6544.061480

6558.161881

6564.502720

6559.178394

6543.101361

6523.056364

6511.442173

6498.209992

6496.276847

6471.608828

6450.724297

6414.414429

6396.127888

6396.127888

6414.414429

6450.724297

6471.608828

6496.276847

6498.209992

6511.442173

6523.056364

6543.101361

6559.178394

6564.502720

6558.161881

6544.061480

6531.436773

6525.253063

6525.296025

6528.412667

6530.288137

6530.594853

6529.451664

6528.269298

6526.498627

6523.930044

6520.522787

6517.364932

6515.295541

6514.378883

6513.749330

6512.386224

6509.837087

6509.355904

6511.092734

6512.301778

6513.241258

6514.179884

6515.534389

6518.032849

6521.817437

6526.119101

6529.445102

6531.003599

6530.659963

6529.824296

6529.141356

6529.977341

6531.856411

6535.676065

6541.013780

6547.757872

6555.261008

6561.800217

6567.899730

6574.476293

6581.316233

6592.821760

6600.172195

6609.892229

6610.545590

6611.182835

6608.958356

6608.958356

6611.182835

6610.545590

6609.892229

6600.172195

6592.821760

6581.316233

6574.476293

6567.899730

6561.800217

6555.261008

6547.757872

6541.013780

6535.676065

6531.856411

6529.977341

6529.141356

6529.824296

6530.659963

6531.003599

6529.445102

6526.119101

6521.817437

6518.032849

6515.534389

6514.179884

6513.241258

6512.301778

6511.092734

6509.355904

6509.550313

6510.155457

6510.930448

6512.505099

6513.470028

6513.713612

6514.781849

6518.308096

6524.228227

6530.127383

6532.652849

6530.612267

6526.267317

6524.663643

6528.888161

6538.620306

6548.679055

6554.176300

6553.755838

6550.193760

6551.465018

6560.534645

6581.974505

6609.982839

6643.402248

6674.634687

6703.645991

6725.368258

6741.922161

6749.563149

6749.563149

6741.922161

6725.368258

6703.645991

6674.634687

6643.402248

6609.982839

6581.974505

6560.534645

6551.465018

6550.193760

6553.755838

6554.176300

6548.679055

6538.620306

6528.888161

6524.663643

6526.267317

6530.612267

6532.652849

6530.127383

6524.228227

6518.308096

6514.781849

6513.713612

6513.470028

6512.505099

6510.930448

6510.155457

6509.550313

6510.214024

6509.316815

6510.250716

6512.050940

6512.735535

6512.205336

6511.905101

6514.246374

6520.122171

6527.226778

6531.218684

6529.461988

6524.186689

6521.532840

6527.445818

6542.047560

6559.222711

6570.545168

6570.505217

6563.817767

6556.396383

6561.844902

6578.425900

6611.825180

6647.304532

6688.579366

6720.767073

6751.609275

6770.077636

6781.773853

6781.773853

6770.077636

6751.609275

6720.767073

6688.579366

6647.304532

6611.825180

6578.425900

6561.844902

6556.396383

6563.817767

6570.505217

6570.545168

6559.222711

6542.047560

6527.445818

6521.532840

6524.186689

6529.461988

6531.218684

6527.226778

6520.122171

6514.246374

6511.905101

6512.205336

6512.735535

6512.050940

6510.250716

6509.316815

6510.214024

6510.929876

6509.253520

6510.164800

6511.072067

6511.601887

6511.256126

6510.657081

6511.412351

6514.739866

6519.996335

6524.830498

6527.140549

6527.040851

6527.630344

6532.373730

6542.762894

6556.605588

6568.973751

6577.973962

6581.714536

6588.248389

6596.689171

6617.858484

6641.578958

6676.924370

6707.441924

6743.480655

6769.017733

6792.571409

6802.913542

6802.913542

6792.571409

6769.017733

6743.480655

6707.441924

6676.924370

6641.578958

6617.858484

6596.689171

6588.248389

6581.714536

6577.973962

6568.973751

6556.605588

6542.762894

6532.373730

6527.630344

6527.040851

6527.140549

6524.830498

6519.996335

6514.739866

6511.412351

6510.657081

6511.256126

6511.601887

6511.072067

6510.164800

6509.253520

6510.929876

6512.628424

6511.185300

6510.659292

6510.296172

6510.442736

6511.261624

6511.889887

6511.670926

6510.999567

6511.599235

6515.874195

6524.183267

6534.640395

6542.578202

6545.064906

6542.393450

6539.378261

6543.747948

6558.562173

6586.988784

6620.130096

6658.201017

6689.598058

6722.678419

6750.045420

6783.890630

6814.760794

6848.443436

6872.781664

6887.879495

6887.879495

6872.781664

6848.443436

6814.760794

6783.890630

6750.045420

6722.678419

6689.598058

6658.201017

6620.130096

6586.988784

6558.562173

6543.747948

6539.378261

6542.393450

6545.064906

6542.578202

6534.640395

6524.183267

6515.874195

6511.599235

6510.999567

6511.670926

6511.889887

6511.261624

6510.442736

6510.296172

6510.659292

6511.185300

6512.628424

