AXIS X

0.000000 0.000500 0.001000 0.001500 0.002000 0.002500 0.003000 0.003500 0.004000 0.004500 0.005000 0.005500 0.006000 0.006500 0.007000 0.007500 0.008000 0.008500 0.009000 0.009500 0.010000 0.010500 0.011000 0.011500 0.012000 0.012500 0.013000 0.013500 0.014000 0.014500 0.015000 0.015500 0.016000 0.016500 0.017000 0.017500 0.018000 0.018500 0.019000 0.019500 0.020000 0.020500 0.021000 0.021500 0.022000 0.022500 0.023000 0.023500 0.024000 0.024500 0.025000 0.025500 0.026000 0.026500 0.027000 0.027500 0.028000 0.028500 0.029000 0.029500 

AXIS Y

0.000000 0.000500 0.001000 0.001500 0.002000 0.002500 0.003000 0.003500 0.004000 0.004500 0.005000 0.005500 0.006000 0.006500 0.007000 0.007500 0.008000 0.008500 0.009000 0.009500 0.010000 0.010500 0.011000 0.011500 0.012000 0.012500 0.013000 0.013500 0.014000 0.014500 0.015000 0.015500 0.016000 0.016500 0.017000 0.017500 0.018000 0.018500 0.019000 0.019500 0.020000 0.020500 0.021000 0.021500 0.022000 0.022500 0.023000 0.023500 0.024000 0.024500 0.025000 0.025500 0.026000 0.026500 0.027000 0.027500 0.028000 0.028500 0.029000 0.029500 



DATA
4741.962028

6356.229335

7000.427160

7772.353912

8419.799990

8937.503136

9365.924929

9694.426609

9935.427904

10023.718961

9949.667631

9637.006460

9113.871338

8360.473341

7485.944904

6541.868545

5666.080612

4900.188915

4322.213983

3924.019384

3745.482967

3783.243281

4128.659815

4872.937590

6341.944679

8894.209402

13452.274761

19574.155566

27650.398967

24998.477498

24998.477504

27650.398984

19574.155585

13452.274773

8894.209409

6341.944684

4872.937593

4128.659817

3783.243283

3745.482968

3924.019385

4322.213984

4900.188915

5666.080612

6541.868544

7485.944902

8360.473339

9113.871336

9637.006458

9949.667629

10023.718960

9935.427902

9694.426607

9365.924927

8937.503135

8419.799989

7772.353911

7000.427159

6356.229334

4741.962027

6228.134883

9487.465740

9151.730287

9105.163811

9232.013196

9399.822318

9453.285491

9370.992301

9091.514283

8643.443843

8004.518028

7245.289795

6389.000693

5538.614386

4733.797045

4046.775689

3478.754601

3048.054293

2729.203355

2522.557806

2405.174875

2384.675039

2450.781517

2632.876992

2945.973235

3496.051577

4417.469587

6450.448818

11405.474428

9470.133754

9470.133756

11405.474434

6450.448824

4417.469591

3496.051580

2945.973238

2632.876995

2450.781519

2384.675041

2405.174877

2522.557808

2729.203356

3048.054294

3478.754603

4046.775691

4733.797046

5538.614386

6389.000693

7245.289795

8004.518028

8643.443843

9091.514282

9370.992300

9453.285491

9399.822318

9232.013195

9105.163811

9151.730287

9487.465740

6228.134882

6597.315244

9243.130474

10164.726729

10070.968508

10014.794292

9870.695370

9581.524149

9036.482807

8285.473932

7355.520326

6372.235418

5394.960891

4520.990111

3766.200459

3160.018563

2677.019913

2311.486420

2032.292265

1830.535726

1683.264637

1586.220942

1523.793256

1496.549173

1496.101433

1533.825194

1625.900768

1838.201591

2369.637214

3252.209592

3990.253494

3990.253495

3252.209594

2369.637216

1838.201593

1625.900770

1533.825195

1496.101434

1496.549174

1523.793257

1586.220943

1683.264638

1830.535727

2032.292267

2311.486421

2677.019914

3160.018564

3766.200460

4520.990112

5394.960892

6372.235419

7355.520326

8285.473933

9036.482807

9581.524149

9870.695370

10014.794292

10070.968508

10164.726729

9243.130473

6597.315243

7149.670743

8998.670914

10063.562891

10359.980899

10234.363299

9895.716203

9247.172089

8333.648253

7207.388712

6049.055577

4960.020461

4043.720177

3299.050503

2727.684836

2286.207800

1955.753677

1701.640685

1511.906199

1364.531924

1253.965423

1165.587964

1097.562065

1040.572516

997.664052

969.564625

973.393722

1042.019421

1224.325331

1531.381531

1898.349978

1898.349979

1531.381532

1224.325332

1042.019422

973.393723

969.564625

997.664052

1040.572517

1097.562066

1165.587965

1253.965424

1364.531925

1511.906200

1701.640686

1955.753678

2286.207801

2727.684837

3299.050504

4043.720179

4960.020463

6049.055578

7207.388714

8333.648254

9247.172090

9895.716204

10234.363299

10359.980899

10063.562891

8998.670913

7149.670742

7658.184299

8976.028793

9788.252226

10012.282360

9790.845887

9183.264311

8268.143566

7101.805514

5881.518564

4741.450222

3801.277704

3059.246154

2505.294875

2087.162420

1778.948784

1543.560931

1367.319514

1228.288227

1120.810807

1030.680712

956.284265

888.212652

828.876386

775.420369

738.094933

725.558966

762.734856

858.486668

1035.885055

1348.879304

1348.879305

1035.885055

858.486668

762.734857

725.558967

738.094933

775.420370

828.876386

888.212652

956.284265

1030.680713

1120.810808

1228.288228

1367.319514

1543.560931

1778.948785

2087.162421

2505.294876

3059.246156

3801.277705

4741.450224

5881.518566

7101.805516

8268.143568

9183.264312

9790.845887

10012.282360

9788.252226

8976.028793

7658.184298

8158.169066

9045.554668

9455.265285

9354.407839

8801.888645

7923.488465

6807.533589

5633.297507

4529.879468

3616.353577

2897.419588

2364.284453

1966.188598

1676.365683

1457.915871

1296.593234

1170.536286

1073.979764

992.563838

924.808556

860.611682

802.387825

745.322593

698.235169

664.046181

660.739962

694.351649

783.548629

915.946377

1146.425029

1146.425029

915.946378

783.548629

694.351650

660.739962

664.046181

698.235169

745.322594

802.387825

860.611683

924.808557

992.563839

1073.979765

1170.536287

1296.593234

1457.915871

1676.365684

1966.188599

2364.284454

2897.419589

3616.353579

4529.879469

5633.297509

6807.533590

7923.488466

8801.888646

9354.407839

9455.265285

9045.554668

8158.169065

8637.852580

9095.734670

9045.223489

8480.087860

7559.220135

6438.288519

5304.185795

4264.938956

3410.996605

2738.765477

2238.669537

1865.269744

1594.925857

1393.786099

1248.591307

1138.481373

1057.833472

992.273751

940.148075

890.271120

844.584421

796.025286

752.842974

715.128794

700.117123

714.570720

780.867620

888.790708

1024.831317

1217.945039

1217.945039

1024.831318

888.790709

780.867620

714.570720

700.117123

715.128794

752.842974

796.025286

844.584421

890.271120

940.148075

992.273752

1057.833472

1138.481373

1248.591307

1393.786100

1594.925858

1865.269745

2238.669538

2738.765479

3410.996606

4264.938957

5304.185796

6438.288520

7559.220135

8480.087860

9045.223489

9095.734670

8637.852581

9069.597297

9049.926296

8484.230936

7479.478174

6257.153392

5067.306618

4029.876072

3208.122870

2575.309807

2108.730346

1761.596468

1511.387672

1327.366864

1197.948127

1104.188709

1041.179832

995.333418

964.978493

938.218180

916.037137

888.675125

863.163263

836.283600

826.199864

840.184319

910.828479

1050.523562

1259.319588

1408.752394

1501.025203

1501.025203

1408.752394

1259.319588

1050.523562

910.828479

840.184319

826.199864

836.283601

863.163263

888.675125

916.037137

938.218180

964.978493

995.333418

1041.179833

1104.188710

1197.948128

1327.366865

1511.387673

1761.596468

2108.730347

2575.309808

3208.122871

4029.876073

5067.306619

6257.153392

7479.478174

8484.230936

9049.926297

9069.597298

9387.468834

8828.671998

7765.448255

6408.015436

5074.959512

3946.095002

3087.418277

2451.534111

1995.813354

1663.235681

1426.780271

1255.477085

1138.185032

1057.575896

1009.705711

982.546630

975.053326

975.826385

985.162730

991.055688

998.202398

998.817219

1010.769457

1039.562996

1128.581742

1312.404190

1676.419419

2171.479959

2412.445198

2197.581252

2197.581251

2412.445197

2171.479959

1676.419419

1312.404190

1128.581742

1039.562996

1010.769457

998.817219

998.202398

991.055688

985.162731

975.826386

975.053326

982.546630

1009.705711

1057.575897

1138.185032

1255.477085

1426.780272

1663.235682

1995.813355

2451.534112

3087.418278

3946.095002

5074.959513

6408.015436

7765.448256

8828.671999

9387.468835

9503.816969

8382.108770

6895.490707

5374.391942

4079.278625

3112.353465

2419.293875

1938.289233

1597.040223

1359.667369

1190.965500

1078.075527

1003.755187

964.565147

950.031312

960.310201

985.831911

1027.405072

1072.579151

1123.495265

1167.180247

1217.536571

1274.527495

1386.202122

1594.169364

2052.188353

2951.171945

4435.817432

5075.252314

3619.026560

3619.026556

5075.252305

4435.817426

2951.171943

2052.188352

1594.169364

1386.202122

1274.527495

1217.536571

1167.180247

1123.495265

1072.579151

1027.405072

985.831911

960.310201

950.031312

964.565147

1003.755187

1078.075527

1190.965500

1359.667370

1597.040224

1938.289234

2419.293876

3112.353466

4079.278626

5374.391943

6895.490708

8382.108771

9503.816970

9317.867665

7684.090408

5951.303938

4439.083248

3305.478272

2506.345049

1963.924439

1588.201676

1331.943188

1152.727613

1034.200987

957.377345

918.466494

907.688946

926.404939

967.331613

1033.132190

1113.252627

1208.842365

1302.957629

1401.848392

1494.970159

1622.170452

1814.660818

2220.854297

3062.244367

5038.630583

8693.462687

13194.474822

13086.298069

13086.298049

13194.474775

8693.462661

5038.630575

3062.244364

2220.854296

1814.660818

1622.170452

1494.970159

1401.848392

1302.957629

1208.842365

1113.252627

1033.132190

967.331613

926.404939

907.688946

918.466495

957.377345

1034.200987

1152.727613

1331.943188

1588.201677

1963.924440

2506.345050

3305.478273

4439.083248

5951.303939

7684.090409

9317.867667

8768.104340

6774.688345

5004.911411

3659.486103

2715.527261

2081.832540

1649.341193

1357.763946

1155.517586

1021.684824

934.037708

887.664814

872.258223

889.865973

934.770075

1011.954950

1113.988855

1243.502959

1382.436762

1528.954296

1658.870333

1792.649390

1939.405375

2200.743104

2702.432240

3874.788857

6409.771990

11561.268271

30708.798839

240836.351268

240836.352030

30708.798797

11561.268231

6409.771978

3874.788853

2702.432239

2200.743103

1939.405375

1792.649390

1658.870333

1528.954296

1382.436762

1243.502959

1113.988855

1011.954951

934.770075

889.865973

872.258223

887.664814

934.037709

1021.684824

1155.517587

1357.763947

1649.341193

2081.832540

2715.527262

3659.486104

5004.911412

6774.688347

8768.104342

7842.871235

5743.388595

4143.092259

3027.343707

2283.073762

1779.335150

1440.894938

1206.172441

1049.457643

944.505536

884.971191

858.992229

868.772630

908.873020

986.164380

1095.739572

1243.231953

1411.796648

1594.591348

1754.552931

1889.533213

1985.172777

2104.108619

2305.083387

2776.630456

3805.448591

6098.182232

11120.752622

54653.043772

658058.910653

658058.912743

54653.043890

11120.752599

6098.182222

3805.448587

2776.630454

2305.083387

2104.108618

1985.172777

1889.533213

1754.552931

1594.591349

1411.796649

1243.231953

1095.739572

986.164380

908.873020

868.772631

858.992230

884.971191

944.505536

1049.457644

1206.172441

1440.894939

1779.335150

2283.073763

3027.343708

4143.092260

5743.388596

7842.871236

6651.349736

4713.605698

3399.393126

2537.020175

1960.279642

1572.898094

1302.673355

1119.555336

993.646121

917.653371

877.793196

876.384764

907.233372

978.624712

1086.706998

1240.365622

1424.190756

1629.887643

1809.753568

1942.429849

1993.371620

2004.127826

2012.069168

2123.007826

2440.984823

3233.773173

5129.969750

11379.700408

71091.123033

687684.245706

687684.248419

71091.123268

11379.700403

5129.969747

3233.773171

2440.984822

2123.007825

2012.069167

2004.127826

1993.371620

1942.429849

1809.753568

1629.887644

1424.190756

1240.365622

1086.706998

978.624712

907.233372

876.384764

877.793196

917.653371

993.646121

1119.555336

1302.673355

1572.898095

1960.279642

2537.020175

3399.393127

4713.605699

6651.349737

5351.698841

3782.159190

2793.683174

2153.451469

1727.889928

1430.176450

1224.947075

1079.754465

987.593870

933.391921

920.330706

941.169351

1005.824106

1110.405953

1267.307791

1461.522715

1685.665437

1881.273924

2011.656136

2023.501628

1951.311171

1832.845179

1756.927156

1780.603592

2017.388982

2675.351443

4684.493590

11688.052383

56834.502961

431798.882442

431798.885235

56834.503250

11688.052397

4684.493591

2675.351442

2017.388982

1780.603591

1756.927156

1832.845179

1951.311171

2023.501628

2011.656136

1881.273925

1685.665438

1461.522715

1267.307791

1110.405954

1005.824106

941.169351

920.330707

933.391921

987.593870

1079.754465

1224.947075

1430.176451

1727.889928

2153.451469

2793.683175

3782.159191

5351.698842

4138.186192

3002.948028

2308.182424

1862.350990

1556.306083

1344.149745

1190.493887

1089.081722

1024.866535

1003.290602

1016.741048

1077.912299

1182.778103

1348.618402

1560.237917

1813.572407

2035.909094

2174.939074

2151.899310

2004.122648

1780.830337

1581.374680

1452.007630

1455.545818

1669.713136

2381.682275

4782.478107

10946.048236

31657.481935

189279.582647

189279.584624

31657.482159

10946.048265

4782.478110

2381.682275

1669.713135

1455.545818

1452.007630

1581.374680

1780.830337

2004.122648

2151.899311

2174.939075

2035.909095

1813.572407

1560.237918

1348.618402

1182.778104

1077.912300

1016.741048

1003.290602

1024.866535

1089.081723

1190.493887

1344.149745

1556.306083

1862.350990

2308.182424

3002.948028

4138.186193

3116.760652

2381.220177

1930.509120

1636.924229

1439.527854

1297.646363

1203.145995

1141.291293

1120.521997

1134.219100

1199.697747

1313.946817

1502.069398

1749.750420

2060.912448

2343.136447

2523.230985

2475.225658

2244.175004

1899.860762

1578.965848

1331.353304

1200.639114

1207.373860

1453.220286

2329.489354

5168.967735

10689.760903

23027.229124

103468.465931

103468.467378

23027.229321

10689.760948

5168.967741

2329.489354

1453.220286

1207.373860

1200.639114

1331.353303

1578.965848

1899.860762

2244.175004

2475.225659

2523.230986

2343.136448

2060.912449

1749.750420

1502.069398

1313.946817

1199.697748

1134.219100

1120.521997

1141.291293

1203.145995

1297.646364

1439.527854

1636.924230

1930.509121

2381.220178

3116.760652

2330.438981

1901.094002

1635.487631

1469.664717

1360.375452

1294.308990

1255.433506

1253.162759

1282.566879

1366.919797

1506.633022

1739.025684

2054.566145

2474.036306

2880.747844

3173.067672

3132.082423

2803.990258

2283.170927

1791.219373

1398.759624

1148.547335

1026.083212

1058.239876

1356.700658

2470.234385

5810.957204

11584.389239

23961.302180

92005.277090

92005.278435

23961.302416

11584.389302

5810.957217

2470.234386

1356.700658

1058.239876

1026.083212

1148.547335

1398.759624

1791.219373

2283.170928

2803.990260

3132.082425

3173.067674

2880.747845

2474.036308

2054.566146

1739.025685

1506.633022

1366.919798

1282.566880

1253.162759

1255.433506

1294.308990

1360.375452

1469.664717

1635.487631

1901.094002

2330.438982

1750.560906

1535.608423

1410.048120

1343.347593

1320.505164

1324.779680

1362.979158

1430.839621

1556.426418

1746.394409

2055.221096

2486.568370

3091.987653

3730.675345

4267.985788

4321.662917

3910.838521

3121.925156

2344.924378

1709.811291

1291.480969

1039.967401

940.238363

1002.469514

1394.841615

2872.629404

6474.566723

14217.652274

27953.061875

95397.520785

95397.521959

27953.062156

14217.652365

6474.566743

2872.629406

1394.841615

1002.469513

940.238363

1039.967401

1291.480969

1709.811292

2344.924380

3121.925159

3910.838525

4321.662921

4267.985792

3730.675348

3091.987655

2486.568371

2055.221097

1746.394409

1556.426418

1430.839621

1362.979158

1324.779680

1320.505164

1343.347594

1410.048120

1535.608423

1750.560906

1337.743401

1261.211669

1236.068419

1255.750176

1309.107186

1400.776596

1527.098260

1717.478620

1986.515158

2409.188523

3016.205313

3908.013124

4928.158124

5901.215438

6216.375816

5845.548135

4741.945626

3523.010958

2440.336912

1714.103667

1256.608795

1016.610891

936.662712

1056.809195

1637.415291

3642.110403

7908.749022

16837.400400

31773.139846

76498.515016

76498.515550

31773.140131

16837.400510

7908.749048

3642.110406

1637.415291

1056.809195

936.662712

1016.610891

1256.608795

1714.103668

2440.336914

3523.010963

4741.945633

5845.548145

6216.375826

5901.215446

4928.158129

3908.013126

3016.205314

2409.188524

1986.515159

1717.478621

1527.098261

1400.776597

1309.107186

1255.750176

1236.068419

1261.211669

1337.743401

1045.958621

1056.173538

1105.938832

1195.562466

1332.536414

1517.968402

1781.214501

2145.306868

2704.441837

3530.708455

4791.817706

6336.782471

7914.632765

8661.439610

8557.717849

7346.631834

5739.172952

3970.159140

2663.883863

1793.725706

1313.276505

1068.103770

1026.688386

1257.201366

2237.291875

5279.514174

9929.048312

20242.651142

32224.719271

58354.634056

58354.634146

32224.719475

20242.651264

9929.048344

5279.514180

2237.291875

1257.201366

1026.688386

1068.103771

1313.276506

1793.725707

2663.883865

3970.159146

5739.172965

7346.631853

8557.717871

8661.439630

7914.632778

6336.782478

4791.817709

3530.708457

2704.441838

2145.306869

1781.214501

1517.968403

1332.536415

1195.562466

1105.938833

1056.173538

1045.958621

842.505714

905.324652

1008.337899

1164.056704

1382.823755

1696.626753

2138.096288

2813.636090

3838.838874

5454.981291

7554.489193

9773.562901

11004.618305

11256.327267

10286.228218

8845.485525

6679.685061

4632.342944

2963.861373

1986.251072

1434.798491

1201.021419

1214.079393

1659.181720

3519.165389

7609.288708

14541.337160

22397.247229

30175.314702

38947.011305

38947.011277

30175.314794

22397.247328

14541.337199

7609.288712

3519.165388

1659.181720

1214.079393

1201.021420

1434.798492

1986.251073

2963.861377

4632.342954

6679.685081

8845.485556

10286.228256

11256.327306

11004.618336

9773.562922

7554.489203

5454.981296

3838.838876

2813.636091

2138.096289

1696.626754

1382.823755

1164.056704

1008.337900

905.324652

842.505714

701.085420

795.561014

940.247081

1152.927053

1469.434908

1933.013444

2653.728325

3775.173712

5592.134587

8091.540570

10847.462221

12548.472084

13089.592285

12411.314329

11441.065538

9765.243311

7781.990328

5279.549032

3406.772220

2206.338280

1621.954039

1377.328651

1492.519571

2370.447064

5250.883145

10321.650642

18196.683879

26367.611460

25730.044532

24056.137904

24056.137835

25730.044531

26367.611536

18196.683904

10321.650637

5250.883142

2370.447063

1492.519571

1377.328652

1621.954040

2206.338283

3406.772227

5279.549047

7781.990358

9765.243354

11441.065592

12411.314384

13089.592337

12548.472124

10847.462246

8091.540583

5592.134592

3775.173714

2653.728326

1933.013444

1469.434908

1152.927053

940.247081

795.561014

701.085420

605.216345

719.187565

894.455606

1165.717618

1582.216712

2250.299151

3321.017304

5102.286608

7708.149403

10805.849624

13002.444473

13891.207079

13462.243514

12707.142916

11585.641857

10479.428308

8418.910209

5999.126145

3722.048519

2445.932752

1765.359260

1564.405945

1808.756528

3336.225973

7343.839159

11349.488687

19074.428800

23167.086224

30567.529124

42401.906482

42401.906394

30567.529067

23167.086217

19074.428795

11349.488663

7343.839144

3336.225971

1808.756528

1564.405946

1765.359262

2445.932755

3722.048528

5999.126166

8418.910249

10479.428365

11585.641922

12707.142984

13462.243579

13891.207137

13002.444515

10805.849649

7708.149414

5102.286613

3321.017306

2250.299152

1582.216712

1165.717618

894.455606

719.187565

605.216345

543.105122

669.077406

871.164553

1194.010061

1729.695788

2619.468833

4147.558983

6534.245001

9684.604592

12370.633756

13817.657250

13795.934395

13169.928951

12231.859981

11518.264669

10427.363406

8876.044793

6155.067439

3918.253383

2471.023100

1836.368983

1630.416963

2058.425138

4651.219588

8463.835565

13176.184832

14384.181801

17478.609958

21430.145537

30157.045999

30157.045856

21430.145425

17478.609866

14384.181741

13176.184769

8463.835530

4651.219581

2058.425138

1630.416964

1836.368985

2471.023105

3918.253394

6155.067465

8876.044844

10427.363472

11518.264743

12231.860056

13169.929025

13795.934463

13817.657305

12370.633793

9684.604612

6534.245009

4147.558986

2619.468834

1729.695789

1194.010061

871.164553

669.077406

543.105122

508.099194

642.723173

865.115689

1242.418098

1888.124962

3035.714024

4950.753003

7791.898202

10759.179901

12900.308299

13579.421349

13322.008108

12531.565041

11820.673381

11063.088609

10327.398073

8502.400125

6004.305133

3604.781222

2333.367977

1672.380467

1558.072919

2068.014094

5471.827267

8813.241686

12634.153910

14162.755807

15079.244690

20115.751867

30711.035935

30711.035834

20115.751721

15079.244542

14162.755663

12634.153806

8813.241621

5471.827251

2068.014093

1558.072920

1672.380469

2333.367982

3604.781233

6004.305162

8502.400178

10327.398146

11063.088687

11820.673461

12531.565119

13322.008181

13579.421410

12900.308345

10759.179928

7791.898214

4950.753008

3035.714026

1888.124963

1242.418098

865.115689

642.723173

508.099194

496.618510

636.889609

879.036838

1298.706532

2058.900699

3398.414012

5620.501095

8442.546859

11096.637861

12642.040929

13125.533709

12747.740344

12111.120473

11413.195002

10864.296340

9810.487098

7979.853703

5114.975088

3096.402923

1891.719692

1386.851041

1247.344298

1784.679710

5779.615126

7644.089363

11927.557606

15217.016402

20241.467871

20968.587505

25667.114322

25667.114230

20968.587318

20241.467594

15217.016205

11927.557454

7644.089278

5779.615099

1784.679708

1247.344298

1386.851042

1891.719696

3096.402933

5114.975112

7979.853756

9810.487173

10864.296424

11413.195085

12111.120554

12747.740418

13125.533774

12642.040978

11096.637893

8442.546876

5620.501102

3398.414014

2058.900699

1298.706533

879.036838

636.889609

496.618510

508.257071

653.163968

908.108680

1368.230912

2196.592312

3684.568853

5929.517222

8613.721220

10806.170024

12191.444651

12611.133607

12399.974756

11849.285503

11352.505081

10660.205962

9487.704521

6857.428851

4155.674159

2304.903793

1417.822001

972.391287

888.971876

1217.835842

4400.574496

6812.882795

11174.452438

18709.252018

24972.528397

23102.518267

26252.643820

26252.643766

23102.518036

24972.528092

18709.251740

11174.452237

6812.882688

4400.574472

1217.835841

888.971876

972.391288

1417.822003

2304.903799

4155.674178

6857.428895

9487.704597

10660.206049

11352.505169

11849.285586

12399.974833

12611.133672

12191.444701

10806.170057

8613.721238

5929.517230

3684.568856

2196.592313

1368.230912

908.108680

653.163968

508.257071

545.973093

691.492605

957.526366

1433.391812

2307.631784

3785.396444

5970.515677

8301.660595

10308.574125

11597.903413

12234.130068

12197.091481

11879.816820

11437.236853

10830.009099

8908.341018

5789.754987

3017.637060

1632.950970

927.923278

636.827446

542.638523

740.168905

2630.767600

6527.504825

13569.210039

17018.022751

25332.735823

23960.900377

17902.251751

17902.251669

23960.900201

25332.735590

17018.022442

13569.209700

6527.504696

2630.767585

740.168904

542.638523

636.827447

927.923279

1632.950974

3017.637072

5789.755022

8908.341089

10830.009192

11437.236947

11879.816908

12197.091559

12234.130133

11597.903461

10308.574157

8301.660613

5970.515685

3785.396447

2307.631785

1433.391812

957.526366

691.492605

545.973093

616.693365

758.049597

1022.125937

1503.901753

2345.885268

3765.500459

5683.198396

7812.902097

9589.374957

11011.042495

11873.931679

12186.931462

12041.841607

11863.591948

11044.333196

8517.248886

4517.900633

2151.190135

1054.549390

592.458785

383.974328

327.818219

406.416574

1330.303823

8434.284135

13338.878880

22369.071028

19985.442401

34015.265162

24468.324074

24468.323992

34015.265105

19985.442149

22369.070549

13338.878501

8434.283914

1330.303817

406.416574

327.818219

383.974329

592.458786

1054.549392

2151.190142

4517.900656

8517.248952

11044.333293

11863.592048

12041.841698

12186.931541

11873.931741

11011.042539

9589.374986

7812.902114

5683.198404

3765.500462

2345.885269

1503.901753

1022.125937

758.049597

616.693365

734.212298

856.820390

1110.445810

1561.399414

2349.935333

3572.958113

5278.513792

7076.406687

8827.332559

10280.580953

11521.025622

12207.588033

12437.298495

12374.677566

11677.927938

7882.966052

3528.411380

1460.800929

688.073086

367.281237

240.755812

196.241087

241.339744

674.793748

9621.844165

17874.959589

16358.857815

18178.099559

16951.907470

33663.876015

33663.876414

16951.907548

18178.099262

16358.857447

17874.959045

9621.843881

674.793746

241.339744

196.241087

240.755813

367.281238

688.073087

1460.800932

3528.411396

7882.966108

11677.928041

12374.677673

12437.298592

12207.588112

11521.025681

10280.580993

8827.332583

7076.406701

5278.513800

3572.958116

2349.935334

1561.399414

1110.445810

856.820390

734.212298

922.262130

1001.149103

1217.722361

1625.986899

2292.404080

3335.560493

4682.940681

6300.972936

7843.519963

9441.427050

10943.133173

12254.646066

12856.792187

13233.921841

12322.262375

7520.726132

2689.539821

1029.769240

457.786562

243.253020

155.525437

129.909831

151.751678

420.428064

11516.453328

15591.357662

10529.721836

16400.102917

24483.560797

32648.050280

32648.050404

24483.561102

16400.102903

10529.721639

15591.357166

11516.452956

420.428063

151.751678

129.909831

155.525437

243.253020

457.786562

1029.769241

2689.539831

7520.726181

12322.262482

13233.921956

12856.792286

12254.646143

10943.133225

9441.427083

7843.519983

6300.972947

4682.940686

3335.560495

2292.404081

1625.986900

1217.722361

1001.149103

922.262130

1223.557072

1202.156814

1358.530274

1684.430201

2235.297903

3018.284368

4098.584498

5323.983365

6790.215478

8260.954726

10072.652245

12001.243083

13472.615126

14042.526010

13521.933407

7102.656643

2177.752044

764.514156

333.312456

173.674297

110.620033

91.437377

114.871323

288.578507

6727.377654

8165.040296

13419.748169

35312.008917

28287.514292

25051.436812

25051.436783

28287.514237

35312.009246

13419.748043

8165.040128

6727.377474

288.578507

114.871323

91.437377

110.620033

173.674297

333.312456

764.514157

2177.752050

7102.656685

13521.933522

14042.526131

13472.615228

12001.243154

10072.652287

8260.954751

6790.215493

5323.983373

4098.584503

3018.284370

2235.297904

1684.430202

1358.530274

1202.156814

1223.557072

1710.652297

1486.653959

1531.662242

1767.073809

2159.958430

2742.020011

3457.733855

4402.524821

5469.130086

6906.585710

8622.988647

11276.635550

13925.927599

15305.425198

14511.838324

7375.314256

1898.871021

631.939133

269.317264

139.402899

87.113120

70.305304

95.053312

367.721181

2491.085871

8512.033643

33228.780186

27378.569936

22699.150721

28876.808557

28876.808451

22699.150670

27378.569467

33228.779540

8512.033446

2491.085823

367.721180

95.053312

70.305304

87.113120

139.402899

269.317264

631.939134

1898.871026

7375.314295

14511.838443

15305.425327

13925.927700

11276.635608

8622.988677

6906.585727

5469.130095

4402.524827

3457.733857

2742.020013

2159.958431

1767.073809

1531.662243

1486.653958

1710.652296

2506.996031

1880.481711

1762.781035

1865.161437

2123.173531

2471.382851

2937.891794

3471.609819

4253.072733

5248.248171

6876.444936

9544.047348

14124.972050

16721.286838

16116.865564

8111.965974

1898.578303

592.140761

247.863954

126.384466

78.495911

60.189620

73.076799

731.529125

24197.174323

36953.523617

15337.043027

15840.733456

25135.338777

34458.699723

34458.699940

25135.338804

15840.733114

15337.042496

36953.522497

24197.173482

731.529123

73.076799

60.189620

78.495911

126.384466

247.863954

592.140761

1898.578306

8111.966015

16116.865691

16721.286975

14124.972143

9544.047389

6876.444955

5248.248181

4253.072738

3471.609822

2937.891796

2471.382852

2123.173532

1865.161438

1762.781035

1880.481711

2506.996030

3796.457681

2438.227100

2058.241036

2013.736390

2104.172689

2283.826592

2485.081548

2771.679633

3135.313170

3821.725460

4888.281403

7177.014983

12711.686826

19115.466188

17414.603585

10167.218474

2214.572012

636.968765

260.511338

132.106996

80.463762

61.881313

57.639577

254.609910

225748.770424

24494.715874

9558.953974

18392.489175

27198.163464

36726.056108

36726.056200

27198.163339

18392.488948

9558.953825

24494.715500

225748.752630

254.609909

57.639577

61.881313

80.463762

132.106996

260.511339

636.968766

2214.572015

10167.218527

17414.603720

19115.466339

12711.686897

7177.015005

4888.281412

3821.725465

3135.313173

2771.679635

2485.081549

2283.826593

2104.172690

2013.736391

2058.241036

2438.227100

3796.457680

5799.944378

3213.385936

2459.059900

2205.199542

2146.516673

2141.696517

2181.019121

2228.112772

2377.789757

2654.098661

3346.109928

4672.800964

9109.294654

21240.038032

21150.440742

11683.293442

3112.770894

786.141666

310.003256

158.025215

97.975559

72.862813

73.175244

105.668357

10732.487275

32685.288091

50891.978368

22299.924135

29505.180594

34328.542385

34328.542295

29505.180696

22299.924322

50891.978184

32685.288322

10732.487157

105.668357

73.175244

72.862813

97.975559

158.025215

310.003256

786.141667

3112.770900

11683.293505

21150.440906

21240.038189

9109.294692

4672.800974

3346.109932

2654.098664

2377.789759

2228.112773

2181.019122

2141.696518

2146.516673

2205.199542

2459.059900

3213.385936

5799.944377

8615.551488

4296.883863

2976.597675

2479.015749

2231.591642

2089.701005

1967.799523

1892.672612

1853.949551

1945.981629

2214.139512

2997.726622

5009.999242

17775.431638

27733.265234

14492.282094

4715.086364

1061.354091

418.699413

209.955236

138.368186

107.744198

113.729354

149.055003

222.153655

644.828910

37664.935621

63940.724596

37119.047799

37924.609135

37924.608562

37119.048155

63940.725507

37664.936480

644.828911

222.153655

149.055002

113.729354

107.744198

138.368186

209.955236

418.699413

1061.354091

4715.086375

14492.282182

27733.265451

17775.431747

5009.999254

2997.726626

2214.139513

1945.981630

1853.949552

1892.672613

1967.799524

2089.701005

2231.591643

2479.015749

2976.597675

4296.883862

8615.551487

12045.969657

5718.520571

3664.350377

2830.709379

2401.857599

2101.015926

1875.626995

1682.748954

1559.463376

1502.005689

1589.077965

1898.081136

2815.792574

7658.131068

39921.359066

21557.590806

6446.401282

1582.026036

582.048296

307.955340

207.213065

191.142053

185.588711

227.586902

338.515808

238.103103

191.806712

32404.480040

93465.925017

69250.082062

69250.082323

93465.923077

32404.480830

191.806713

238.103103

338.515808

227.586902

185.588711

191.142053

207.213065

307.955340

582.048296

1582.026037

6446.401305

21557.590950

39921.359383

7658.131096

2815.792578

1898.081137

1589.077966

1502.005690

1559.463377

1682.748955

1875.626996

2101.015927

2401.857600

2830.709379

3664.350377

5718.520571

12045.969658

15510.665059

7470.204276

4516.551575

3310.894407

2649.964092

2215.150587

1869.685140

1605.239219

1396.805004

1271.857566

1226.344007

1327.836044

1688.917159

2937.461605

25612.915134

38814.083805

11404.171001

2526.399923

806.472222

446.865110

322.940562

298.579925

351.435963

347.299695

684.293522

2878.734274

3256.872561

3.110121

3081.237572

143958.500188

143958.495992

3081.237757

3.110121

3256.872538

2878.734251

684.293520

347.299694

351.435963

298.579925

322.940562

446.865110

806.472222

2526.399925

11404.171059

38814.084127

25612.915296

2937.461610

1688.917160

1327.836045

1226.344007

1271.857566

1396.805004

1605.239219

1869.685141

2215.150587

2649.964092

3310.894408

4516.551575

7470.204275

15510.665062

18484.782379

9314.399549

5558.655709

3913.795696

3029.201292

2424.711988

1979.407938

1623.199231

1357.719776

1161.529092

1050.263013

1017.777390

1143.775318

1473.730579

4694.791235

65854.224310

23112.499984

4929.576719

1315.763083

551.962300

470.983656

431.356438

502.192838

686.141939

763.890224

2186.007193

23131.682725

5.694983

8.167690

138045.762030

138045.765269

8.167690

5.694983

23131.682549

2186.007182

763.890223

686.141939

502.192838

431.356438

470.983656

551.962300

1315.763083

4929.576734

23112.500146

65854.224876

4694.791247

1473.730581

1143.775319

1017.777390

1050.263014

1161.529092

1357.719776

1623.199231

1979.407938

2424.711989

3029.201293

3913.795697

5558.655709

9314.399549

18484.782385

20494.258645

11027.676593

6681.221161

4685.526773

3541.830267

2780.258052

2200.152481

1758.079302

1412.190551

1159.196264

978.395972

878.543673

846.851866

991.101768

1318.117619

24593.052430

57274.760071

15626.318322

3563.721694

925.985213

465.149949

657.372886

672.392904

951.036679

909.750985

552.689105

5.148210

0.048075

546736615.675729

154.315626

154.315626

546736615.904352

0.048075

5.148210

552.689105

909.750984

951.036679

672.392904

657.372886

465.149949

925.985213

3563.721698

15626.318411

57274.760581

24593.052547

1318.117621

991.101769

846.851866

878.543673

978.395972

1159.196265

1412.190551

1758.079302

2200.152481

2780.258053

3541.830267

4685.526773

6681.221161

11027.676594

20494.258654

21460.840859

12275.899914

7826.036897

5574.662002

4242.596758

3293.069852

2578.206044

2013.673701

1579.299202

1246.021255

1001.816884

830.107685

729.864741

705.140493

768.137786

1544.267604

200249.552013

36678.123740

15648.399001

6136.984405

917.402037

506.399320

1367.923607

1322.381675

868.085652

137.520434

1.659707

0.025539

135642.961568

17.027495

17.027495

135642.961749

0.025539

1.659707

137.520434

868.085651

1322.381674

1367.923606

506.399320

917.402037

6136.984410

15648.399056

36678.123993

200249.552928

1544.267606

768.137786

705.140494

729.864742

830.107685

1001.816884

1246.021256

1579.299203

2013.673702

2578.206044

3293.069853

4242.596758

5574.662003

7826.036897

12275.899915

21460.840869

21263.202228

13039.603744

8817.093362

6578.584356

5108.946224

4018.207893

3137.339319

2434.226456

1875.895074

1441.482077

1113.274162

867.199714

702.298106

585.786620

587.397926

564.783318

2642.464378

727110.795711

37230.936029

33990.567001

18365.807477

2293.772323

962.009934

1650.105144

390.184599

62.999201

2.091376

0.205074

37190814399.524429

1907.420390

1907.420392

37190814403.236191

0.205074

2.091376

62.999201

390.184599

1650.105143

962.009935

2293.772322

18365.807469

33990.567020

37230.936142

727110.796298

2642.464382

564.783319

587.397926

585.786621

702.298106

867.199714

1113.274163

1441.482077

1875.895074

2434.226457

3137.339320

4018.207894

5108.946225

6578.584356

8817.093363

13039.603746

21263.202238

20185.180854

13232.409517

9648.711527

7582.376563

6148.642874

4952.303854

3929.498274

3060.520191

2345.664916

1779.371300

1330.794203

999.289395

743.843244

586.014705

464.064484

452.495756

460.008419

6654.792232

359465.700479

116282.575592

378365.200961

29056.878973

11560.972384

632.897434

231.822884

60.840236

2.915610

0.168210

241956280.749356

9848.223050

9848.223054

241956280.809075

0.168210

2.915610

60.840236

231.822885

632.897434

11560.972353

29056.878769

378365.196906

116282.575180

359465.699924

6654.792239

460.008419

452.495756

464.064484

586.014705

743.843244

999.289395

1330.794204

1779.371301

2345.664917

3060.520192

3929.498275

4952.303854

6148.642875

7582.376564

9648.711528

13232.409519

20185.180862

18393.229423

13066.301115

10222.505922

8562.316984

7268.053035

6093.875117

4968.316244

3939.369094

3051.210435

2303.015850

1710.999939

1236.802143

894.923271

637.900858

476.610959

378.626185

332.333250

391.401476

8730.685036

71072.610820

132374.311056

69424.259573

124215.957621

32942.403440

1035.968722

168.181243

8.662452

0.183794

94295582232.528244

35345954.666961

35345954.940404

94295582238.296219

0.183794

8.662452

168.181243

1035.968722

32942.402981

124215.955546

69424.259201

132374.310482

71072.610906

8730.685044

391.401476

332.333251

378.626185

476.610960

637.900858

894.923271

1236.802143

1710.999939

2303.015851

3051.210436

3939.369094

4968.316245

6093.875117

7268.053036

8562.316985

10222.505924

13066.301118

18393.229429

16368.045646

12568.120198

10616.108985

9403.024860

8411.416566

7356.098121

6232.042801

5100.998355

4034.615491

3101.378022

2300.495719

1662.388226

1163.509377

802.753394

561.768308

390.949651

314.841630

255.612582

283.578992

1989.328220

2078502.628420

19392.641552

183837.956070

31214.470530

233852.147403

18060.164786

181914.802492

2.058975

27211789907.528160

17193737.950314

17193737.979256

27211789905.902145

2.058975

181914.808374

18060.164669

233852.145887

31214.470462

183837.955032

19392.641599

2078502.628485

1989.328221

283.578992

255.612582

314.841630

390.949651

561.768308

802.753394

1163.509378

1662.388227

2300.495720

3101.378023

4034.615492

5100.998356

6232.042802

7356.098122

8411.416567

9403.024861

10616.108987

12568.120200

16368.045651

14296.454688

11965.101380

10778.370402

10105.806013

9448.032968

8643.103169

7633.961760

6500.933771

5339.647526

4221.240033

3211.315445

2346.560781

1640.744169

1128.581088

742.985397

521.708650

349.242669

282.995277

221.744894

203.089398

232.624869

2578.235843

90674.784066

2321.744678

64351.258918

2411.992846

44266.051813

203.357581

20.032354

13704587223.171574

13704587219.721941

20.032354

203.357581

44266.051791

2411.992855

64351.259253

2321.744690

90674.783858

2578.235849

232.624869

203.089398

221.744894

282.995277

349.242669

521.708650

742.985397

1128.581088

1640.744169

2346.560781

3211.315446

4221.240034

5339.647527

6500.933772

7633.961761

8643.103170

9448.032969

10105.806015

10778.370404

11965.101382

14296.454691

12490.143545

11255.211119

10807.928894

10587.159771

10326.364918

9812.191317

9042.712261

8044.250219

6910.743956

5702.422495

4523.136414

3397.475656

2467.169025

1675.068432

1153.674855

744.236193

534.009612

366.048775

311.447212

303.934814

286.367644

150.905639

135.518284

120.910308

79.006430

254.345506

595.308711

360.994298

28.888148

0.557702

0.557702

28.888148

360.994298

595.308711

254.345506

79.006430

120.910308

135.518284

150.905639

286.367644

303.934814

311.447213

366.048775

534.009612

744.236193

1153.674855

1675.068432

2467.169025

3397.475657

4523.136415

5702.422496

6910.743958

8044.250221

9042.712262

9812.191319

10326.364919

10587.159773

10807.928896

11255.211121

12490.143547

10933.102995

10591.275096

10669.940932

10888.949721

10952.710487

10779.793294

10304.481955

9583.914130

8617.023819

7504.600934

6218.203391

4969.160683

3688.652576

2688.404621

1801.320279

1257.200764

826.195401

612.381006

474.043563

423.350712

404.700162

609.143300

1651.956394

638.033858

229.244395

232.106450

315.798996

46.993818

18.859493

252.642214

252.642214

18.859493

46.993818

315.798996

232.106450

229.244395

638.033859

1651.956395

609.143300

404.700162

423.350712

474.043563

612.381006

826.195401

1257.200764

1801.320280

2688.404622

3688.652577

4969.160684

6218.203393

7504.600936

8617.023822

9583.914132

10304.481957

10779.793296

10952.710489

10888.949723

10669.940934

10591.275098

10933.102996

9712.639512

9932.010689

10462.897613

10977.426775

11346.705446

11456.251397

11329.268778

10931.303473

10316.549938

9386.583759

8291.852661

6879.496570

5538.068462

4081.045098

2987.820326

2009.352668

1408.951302

964.857869

721.224974

577.259245

570.174769

770.722815

834.144887

867.063698

562.405647

520.418768

232.615656

291.830350

2596.563759

1529.570816

1529.570817

2596.563764

291.830350

232.615656

520.418768

562.405647

867.063698

834.144887

770.722815

570.174769

577.259245

721.224974

964.857869

1408.951302

2009.352668

2987.820327

4081.045100

5538.068464

6879.496572

8291.852664

9386.583762

10316.549941

10931.303476

11329.268781

11456.251399

11346.705448

10977.426776

10462.897614

9932.010690

9712.639513

8712.921096

9367.271129

10170.473219

10932.282789

11496.677220

11862.917901

12018.400074

11998.532404

11714.642744

11208.130192

10268.786806

9135.765966

7553.787848

6070.439246

4449.591356

3217.751089

2163.506629

1478.376133

1007.364390

746.572211

629.694960

554.819338

580.336417

553.918007

686.819757

667.388500

1053.046368

4077.471046

13543.142345

13828.871318

13828.871328

13543.142420

4077.471057

1053.046369

667.388500

686.819757

553.918007

580.336417

554.819337

629.694960

746.572211

1007.364390

1478.376133

2163.506629

3217.751090

4449.591357

6070.439248

7553.787851

9135.765969

10268.786809

11208.130196

11714.642747

11998.532408

12018.400077

11862.917903

11496.677221

10932.282791

10170.473221

9367.271130

8712.921096

7938.690911

8845.908524

9875.033635

10773.797729

11479.679892

12003.790191

12390.121140

12627.507137

12710.958885

12489.504361

11999.434085

10973.165620

9706.883642

7956.173476

6276.875908

4531.851686

3151.312913

2057.817176

1350.203177

913.980108

648.468046

522.599886

444.602419

472.354192

528.161169

863.354931

2015.914332

5745.719108

121668.961406

78787.826736

78787.826923

121668.962106

5745.719142

2015.914338

863.354932

528.161169

472.354192

444.602419

522.599886

648.468046

913.980108

1350.203177

2057.817176

3151.312913

4531.851687

6276.875909

7956.173479

9706.883646

10973.165624

11999.434090

12489.504366

12710.958889

12627.507141

12390.121143

12003.790193

11479.679894

10773.797730

9875.033636

8845.908524

7938.690911

7273.070048

8417.275732

9586.734817

10574.164886

11343.432360

11935.314596

12424.849965

12817.260814

13079.060356

13159.369814

12896.769055

12301.491197

11153.634105

9696.127822

7826.325392

5963.955007

4168.911598

2762.869577

1761.838148

1129.152232

769.601554

559.009747

473.871565

444.952547

531.644346

758.871408

1365.878460

4376.048125

38634.912411

141109.956120

141109.955776

38634.912789

4376.048151

1365.878463

758.871409

531.644346

444.952547

473.871565

559.009747

769.601554

1129.152231

1761.838148

2762.869577

4168.911598

5963.955008

7826.325394

9696.127826

11153.634110

12301.491202

12896.769060

13159.369819

13079.060361

12817.260817

12424.849968

11935.314598

11343.432362

10574.164887

9586.734818

8417.275733

7273.070049

6708.621572

8047.449703

9355.607217

10390.413994

11115.419691

11681.691223

12135.458155

12551.841408

12877.189463

13081.567191

13066.694768

12720.732660

11980.873445

10749.269759

9132.308916

7220.183890

5300.116091

3613.064277

2341.784332

1514.427258

1005.166851

732.423262

581.667838

546.139051

582.777236

753.671359

1038.417232

1450.555187

2208.175682

2446.279375

2446.279378

2208.175685

1450.555188

1038.417233

753.671359

582.777236

546.139051

581.667838

732.423262

1005.166850

1514.427258

2341.784332

3613.064277

5300.116092

7220.183892

9132.308919

10749.269763

11980.873450

12720.732665

13066.694774

13081.567196

12877.189467

12551.841412

12135.458158

11681.691225

11115.419692

10390.413995

9355.607217

8047.449703

6708.621573

6128.131323

7776.110975

9253.420039

10206.294622

10802.947381

11183.510444

11560.235037

11898.550798

12245.052252

12498.651624

12658.888310

12577.912553

12212.105259

11395.629908

10159.430361

8477.805182

6628.827332

4786.875681

3296.320347

2191.732906

1506.928572

1074.802733

855.363254

733.971048

735.584592

781.923014

953.960553

1209.205221

1480.162384

1686.304781

1686.304780

1480.162384

1209.205221

953.960553

781.923014

735.584592

733.971048

855.363254

1074.802733

1506.928572

2191.732906

3296.320347

4786.875682

6628.827334

8477.805184

10159.430364

11395.629912

12212.105264

12577.912558

12658.888315

12498.651629

12245.052256

11898.550801

11560.235039

11183.510446

10802.947382

10206.294622

9253.420039

7776.110975

6128.131323

5544.557067

7667.800934

9262.534616

10000.426309

10202.831123

10444.365770

10704.036704

11049.661308

11385.228965

11759.651250

12061.115021

12317.418064

12330.192724

12103.190742

11354.335782

10220.107728

8542.478097

6780.521932

4969.585475

3566.574936

2468.902749

1791.733613

1311.492822

1061.670081

874.386104

819.197753

782.989347

823.941266

864.793561

911.766367

911.766367

864.793561

823.941266

782.989347

819.197753

874.386104

1061.670082

1311.492822

1791.733613

2468.902749

3566.574937

4969.585477

6780.521933

8542.478099

10220.107731

11354.335786

12103.190747

12330.192729

12317.418068

12061.115025

11759.651254

11385.228968

11049.661310

10704.036706

10444.365771

10202.831123

10000.426309

9262.534616

7667.800934

5544.557068

4783.081390

7869.405854

9380.424217

9211.578822

9249.036749

9416.993756

9751.392248

10135.151904

10613.674809

11128.621488

11745.227676

12363.933653

13028.074983

13486.725189

13736.917549

13301.988491

12353.918527

10488.351254

8436.950833

6107.785782

4294.180521

2802.835543

1889.679850

1238.887235

892.627797

647.855541

529.725106

443.573903

409.757803

388.241230

388.241230

409.757803

443.573903

529.725106

647.855541

892.627797

1238.887235

1889.679851

2802.835545

4294.180523

6107.785785

8436.950839

10488.351261

12353.918534

13301.988498

13736.917556

13486.725195

13028.074988

12363.933657

11745.227680

11128.621491

10613.674811

10135.151905

9751.392249

9416.993757

9249.036750

9211.578822

9380.424217

7869.405854

4783.081390

4299.821859

8624.764606

7806.901972

7704.083159

7925.330607

8340.089234

8833.803563

9425.553460

10111.590351

10964.102472

11996.821007

13307.998035

14859.072227

16674.438143

18395.652177

19642.244052

19347.908135

17323.065456

13448.025612

9333.802206

5656.737175

3260.000157

1767.221968

1005.003713

572.779921

362.728655

238.237804

177.957288

141.678377

128.129498

128.129498

141.678377

177.957288

238.237804

362.728655

572.779921

1005.003713

1767.221969

3260.000159

5656.737179

9333.802213

13448.025623

17323.065471

19347.908153

19642.244069

18395.652191

16674.438153

14859.072234

13307.998040

11996.821011

10964.102474

10111.590352

9425.553461

8833.803564

8340.089234

7925.330608

7704.083159

7806.901973

8624.764606

4299.821859

2698.583844

4328.032213

4936.618945

5868.005565

6658.012952

7442.860461

8235.763626

9124.928399

10184.957424

11514.619495

13246.575778

15538.684949

18491.981057

22064.723462

25452.493479

27356.079086

25888.472956

21328.773391

14945.294181

9137.751627

4824.471820

2308.840375

1060.720413

491.108002

242.901876

126.045992

73.368901

46.159317

33.962469

28.568839

28.568839

33.962469

46.159317

73.368901

126.045992

242.901876

491.108002

1060.720413

2308.840376

4824.471823

9137.751632

14945.294189

21328.773404

25888.472976

27356.079111

25452.493503

22064.723480

18491.981069

15538.684956

13246.575782

11514.619497

10184.957425

9124.928400

8235.763626

7442.860461

6658.012952

5868.005566

4936.618945

4328.032213

2698.583844

