AXIS X

0.000000 0.001000 0.002000 0.003000 0.004000 0.005000 0.006000 0.007000 0.008000 0.009000 0.010000 0.011000 0.012000 0.013000 0.014000 0.015000 0.016000 0.017000 0.018000 0.019000 0.020000 0.021000 0.022000 0.023000 0.024000 0.025000 0.026000 0.027000 0.028000 0.029000 

AXIS Y

0.000000 0.001000 0.002000 0.003000 0.004000 0.005000 0.006000 0.007000 0.008000 0.009000 0.010000 0.011000 0.012000 0.013000 0.014000 0.015000 0.016000 0.017000 0.018000 0.019000 0.020000 0.021000 0.022000 0.023000 0.024000 0.025000 0.026000 0.027000 0.028000 0.029000 



DATA
3455.751919

3455.751919

3455.751919

3455.751919

3455.751919

3455.751919

3455.751919

3455.751919

3455.751919

3455.751919

3455.751919

3455.751919

3455.751919

3455.751919

3455.751919

3455.751919

3455.751919

3455.751919

3455.751919

3455.751919

3455.751919

3455.751919

3455.751919

3455.751919

3455.751919

3455.751919

3455.751919

3455.751919

3455.751919

3455.751919

3455.751919

3455.751919

3455.751919

3455.751919

3455.751919

3455.751919

3455.751919

3455.751919

3455.751919

3455.751919

3455.751919

3455.751919

3455.751919

3455.751919

3455.751919

3455.751919

3455.751919

3455.751919

3455.751919

3455.751919

3455.751919

3455.751919

3455.751919

3455.751919

3455.751919

3455.751919

3455.751919

3455.751919

3455.751919

3455.751919

3455.751919

3455.751919

3455.751919

3455.751919

3455.751919

3455.751919

3455.751919

3455.751919

3455.751919

3455.751919

3455.751919

3455.751919

3455.751919

3455.751919

3455.751919

3455.751919

3455.751919

3455.751919

3455.751919

3455.751919

3455.751919

3455.751919

3455.751919

3455.751919

3455.751919

3455.751919

3455.751919

3455.751919

3455.751919

3455.751919

3455.751919

3455.751919

3455.751919

3455.751919

3455.751919

3455.751919

3455.751919

3455.751919

3455.751919

3455.751919

3455.751919

3455.751919

3455.751919

3455.751919

3455.751919

3455.751919

3455.751919

3455.751919

3455.751919

3455.751919

3455.751919

3455.751919

3455.751919

3455.751919

3455.751919

3455.751919

3455.751919

3455.751919

3455.751919

3455.751919

3455.751919

3455.751919

3455.751919

3455.751919

3455.751919

3455.751919

3455.751919

3455.751919

3455.751919

3455.751919

3455.751919

3455.751919

3455.751919

3455.751919

3455.751919

3455.751919

3455.751919

3455.751919

3455.751919

3455.751919

3455.751919

3455.751919

3455.751919

3455.751919

3455.751919

3455.751919

3455.751919

3455.751919

3455.751919

3455.751919

3455.751919

3455.751919

3455.751919

3455.751919

3455.751919

3455.751919

3455.751919

3455.751919

3455.751919

3455.751919

3455.751919

3455.751919

3455.751919

3455.751919

3455.751919

3455.751919

3455.751919

3455.751919

3455.751919

3455.751919

3455.751919

3455.751919

3455.751919

3455.751919

3455.751919

3455.751919

3455.751919

3455.751919

3455.751919

3455.751919

3455.751919

3455.751919

3455.751919

3455.751919

3455.751919

3455.751919

3455.751919

3455.751919

3455.751919

3455.751919

3455.751919

3455.751919

3455.751919

3455.751919

3455.751919

3455.751919

3455.751919

3455.751919

3455.751919

3455.751919

3455.751919

3455.751919

3455.751919

3455.751919

3455.751919

3455.751919

3455.751919

3455.751919

3455.751919

3455.751919

3455.751919

3455.751919

3455.751919

3455.751919

3455.751919

3455.751919

3455.751919

3455.751919

3455.751919

3455.751919

3455.751919

3455.751919

3455.751919

3455.751919

3455.751919

3455.751919

3455.751919

3455.751919

3455.751919

3455.751919

3455.751919

3455.751919

3455.751919

3455.751919

3455.751919

3455.751919

3455.751919

3455.751919

3455.751919

3455.751919

3455.751919

3455.751919

3455.751919

3455.751919

3455.751919

3455.751919

3455.751919

3455.751919

3455.751919

3455.751919

3455.751919

3455.751919

4996.107457

5150.652412

5473.091565

5473.091565

5150.652412

4996.107457

3455.751919

3455.751919

3455.751919

3455.751919

3455.751919

3455.751919

3455.751919

3455.751919

3455.751919

3455.751919

3455.751919

3455.751919

3455.751919

3455.751919

3455.751919

3455.751919

3455.751919

3455.751919

3455.751919

3455.751919

3455.751919

3455.751919

3455.751919

4997.107271

5350.992608

5782.638877

6251.529661

6251.529661

5782.638877

5350.992608

4997.107271

3455.751919

3455.751919

3455.751919

3455.751919

3455.751919

3455.751919

3455.751919

3455.751919

3455.751919

3455.751919

3455.751919

3455.751919

3455.751919

3455.751919

3455.751919

3455.751919

3455.751919

3455.751919

3455.751919

3455.751919

3455.751919

4981.642177

5337.000884

5763.290241

6155.368276

6495.864652

6495.864652

6155.368276

5763.290241

5337.000884

4981.642177

3455.751919

3455.751919

3455.751919

3455.751919

3455.751919

3455.751919

3455.751919

3455.751919

3455.751919

3455.751919

3455.751919

3455.751919

3455.751919

3455.751919

3455.751919

3455.751919

3455.751919

3455.751919

3455.751919

4952.433574

5233.811355

5583.015816

5901.365312

6143.749368

6516.919881

6516.919881

6143.749368

5901.365312

5583.015816

5233.811355

4952.433574

3455.751919

3455.751919

3455.751919

3455.751919

3455.751919

3455.751919

3455.751919

3455.751919

3455.751919

3455.751919

3455.751919

3455.751919

3455.751919

3455.751919

3455.751919

3455.751919

3455.751919

4889.464497

5094.118116

5350.419393

5621.649284

5865.808043

6288.010231

7121.419216

7121.419216

6288.010231

5865.808043

5621.649284

5350.419393

5094.118116

4889.464497

3455.751919

3455.751919

3455.751919

3455.751919

3455.751919

3455.751919

3455.751919

3455.751919

3455.751919

3455.751919

3455.751919

3455.751919

3455.751919

3455.751919

3455.751919

3455.751919

4977.468531

5154.483942

5370.781703

5556.866350

5914.687779

6730.704724

8356.724733

8356.724733

6730.704724

5914.687779

5556.866350

5370.781703

5154.483942

4977.468531

3455.751919

3455.751919

3455.751919

3455.751919

3455.751919

3455.751919

3455.751919

3455.751919

3455.751919

3455.751919

3455.751919

3455.751919

3455.751919

3455.751919

3455.751919

3455.751919

5046.380580

5206.421947

5333.873920

5514.862138

6037.625746

7193.337795

9486.362372

9486.362372

7193.337795

6037.625746

5514.862138

5333.873920

5206.421947

5046.380580

3455.751919

3455.751919

3455.751919

3455.751919

3455.751919

3455.751919

3455.751919

3455.751919

3455.751919

3455.751919

3455.751919

3455.751919

3455.751919

3455.751919

3455.751919

3455.751919

5072.033480

5202.670494

5289.234174

5506.629524

6134.779664

7476.871216

9577.386703

9577.386703

7476.871216

6134.779664

5506.629524

5289.234174

5202.670494

5072.033480

3455.751919

3455.751919

3455.751919

3455.751919

3455.751919

3455.751919

3455.751919

3455.751919

3455.751919

3455.751919

3455.751919

3455.751919

3455.751919

3455.751919

3455.751919

3455.751919

5049.096769

5177.466854

5277.837900

5514.399451

6182.461210

7710.107258

9399.690616

9399.690616

7710.107258

6182.461210

5514.399451

5277.837900

5177.466854

5049.096769

3455.751919

3455.751919

3455.751919

3455.751919

3455.751919

3455.751919

3455.751919

3455.751919

3455.751919

3455.751919

3455.751919

3455.751919

3455.751919

3455.751919

3455.751919

3455.751919

4959.470013

5175.824827

5323.427232

5457.468260

6056.544588

7812.949719

9213.716593

9213.716593

7812.949719

6056.544588

5457.468260

5323.427232

5175.824827

4959.470013

3455.751919

3455.751919

3455.751919

3455.751919

3455.751919

3455.751919

3455.751919

3455.751919

3455.751919

3455.751919

3455.751919

3455.751919

3455.751919

3455.751919

3455.751919

3455.751919

3455.751919

5355.797059

5348.548190

5213.732222

5827.909062

8021.487372

8390.105563

8390.105563

8021.487372

5827.909062

5213.732222

5348.548190

5355.797059

3455.751919

3455.751919

3455.751919

3455.751919

3455.751919

3455.751919

3455.751919

3455.751919

3455.751919

3455.751919

3455.751919

3455.751919

3455.751919

3455.751919

3455.751919

3455.751919

3455.751919

3455.751919

3455.751919

5603.302220

4805.510429

5722.063425

8171.091549

8080.704157

8080.704157

8171.091549

5722.063425

4805.510429

5603.302220

3455.751919

3455.751919

3455.751919

3455.751919

3455.751919

3455.751919

3455.751919

3455.751919

3455.751919

3455.751919

3455.751919

3455.751919

3455.751919

3455.751919

3455.751919

3455.751919

3455.751919

3455.751919

3455.751919

3455.751919

3455.751919

4357.245423

5541.016688

7259.509338

2939.191686

2939.191686

7259.509338

5541.016688

4357.245423

3455.751919

3455.751919

3455.751919

3455.751919

3455.751919

3455.751919

3455.751919

3455.751919

3455.751919

3455.751919

3455.751919

3455.751919

3455.751919

3455.751919

3455.751919

3455.751919

3455.751919

3455.751919

3455.751919

3455.751919

3455.751919

3455.751919

3455.751919

4995.299860

6414.098175

4059.034441

4059.034441

6414.098175

4995.299860

3455.751919

3455.751919

3455.751919

3455.751919

3455.751919

3455.751919

3455.751919

3455.751919

3455.751919

3455.751919

3455.751919

3455.751919

3455.751919

3455.751919

3455.751919

3455.751919

3455.751919

3455.751919

3455.751919

3455.751919

3455.751919

3455.751919

3455.751919

3455.751919

3455.751919

3455.751919

3455.751919

3455.751919

3455.751919

3455.751919

3455.751919

3455.751919

3455.751919

3455.751919

3455.751919

3455.751919

3455.751919

3455.751919

3455.751919

3455.751919

3455.751919

3455.751919

3455.751919

3455.751919

3455.751919

3455.751919

3455.751919

3455.751919

3455.751919

3455.751919

3455.751919

3455.751919

3455.751919

3455.751919

3455.751919

3455.751919

3455.751919

3455.751919

3455.751919

3455.751919

3455.751919

3455.751919

3455.751919

3455.751919

3455.751919

3455.751919

3455.751919

3455.751919

3455.751919

3455.751919

3455.751919

3455.751919

3455.751919

3455.751919

3455.751919

3455.751919

3455.751919

3455.751919

3455.751919

3455.751919

3455.751919

3455.751919

3455.751919

3455.751919

3455.751919

3455.751919

3455.751919

3455.751919

3455.751919

3455.751919

3455.751919

3455.751919

3455.751919

3455.751919

3455.751919

3455.751919

3455.751919

3455.751919

3455.751919

3455.751919

3455.751919

3455.751919

3455.751919

3455.751919

3455.751919

3455.751919

3455.751919

3455.751919

3455.751919

3455.751919

3455.751919

3455.751919

3455.751919

3455.751919

3455.751919

3455.751919

3455.751919

3455.751919

3455.751919

3455.751919

3455.751919

3455.751919

3455.751919

3455.751919

3455.751919

3455.751919

3455.751919

3455.751919

3455.751919

3455.751919

3455.751919

3455.751919

3455.751919

3455.751919

3455.751919

3455.751919

3455.751919

3455.751919

3455.751919

3455.751919

3455.751919

3455.751919

3455.751919

3455.751919

3455.751919

3455.751919

3455.751919

3455.751919

3455.751919

3455.751919

3455.751919

3455.751919

3455.751919

3455.751919

3455.751919

3455.751919

3455.751919

3455.751919

3455.751919

3455.751919

3455.751919

3455.751919

3455.751919

3455.751919

3455.751919

3455.751919

3455.751919

3455.751919

3455.751919

3455.751919

3455.751919

3455.751919

3455.751919

3455.751919

3455.751919

3455.751919

3455.751919

3455.751919

3455.751919

3455.751919

3455.751919

3455.751919

3455.751919

3455.751919

3455.751919

3455.751919

3455.751919

3455.751919

3455.751919

3455.751919

3455.751919

3455.751919

3455.751919

3455.751919

3455.751919

3455.751919

3455.751919

3455.751919

3455.751919

3455.751919

3455.751919

3455.751919

3455.751919

3455.751919

3455.751919

3455.751919

3455.751919

3455.751919

3455.751919

3455.751919

3455.751919

3455.751919

3455.751919

3455.751919

3455.751919

3455.751919

3455.751919

3455.751919

3455.751919

3455.751919

3455.751919

3455.751919

3455.751919

3455.751919

3455.751919

3455.751919

3455.751919

3455.751919

3455.751919

3455.751919

3455.751919

3455.751919

3455.751919

3455.751919

3455.751919

3455.751919

3455.751919

3455.751919

3455.751919

3455.751919

3455.751919

3455.751919

3455.751919

3455.751919

3455.751919

3455.751919

3455.751919

3455.751919

3455.751919

3455.751919

3455.751919

3455.751919

