AXIS X

0.000000 0.001000 0.002000 0.003000 0.004000 0.005000 0.006000 0.007000 0.008000 0.009000 0.010000 0.011000 0.012000 0.013000 0.014000 0.015000 0.016000 0.017000 0.018000 0.019000 0.020000 0.021000 0.022000 0.023000 0.024000 0.025000 0.026000 0.027000 0.028000 0.029000 

AXIS Y

0.000000 0.001000 0.002000 0.003000 0.004000 0.005000 0.006000 0.007000 0.008000 0.009000 0.010000 0.011000 0.012000 0.013000 0.014000 0.015000 0.016000 0.017000 0.018000 0.019000 0.020000 0.021000 0.022000 0.023000 0.024000 0.025000 0.026000 0.027000 0.028000 0.029000 



DATA
7957.162854

7957.162854

7957.162854

7957.162854

7957.162854

7957.162854

7957.162854

7957.162854

7957.162854

7957.162854

7957.162854

7957.162854

7957.162854

7957.162854

7957.162854

7957.162854

7957.162854

7957.162854

7957.162854

7957.162854

7957.162854

7957.162854

7957.162854

7957.162854

7957.162854

7957.162854

7957.162854

7957.162854

7957.162854

7957.162854

7957.162854

7957.162854

7957.162854

7957.162854

7957.162854

7957.162854

7957.162854

7957.162854

7957.162854

7957.162854

7957.162854

7957.162854

7957.162854

7957.162854

7957.162854

7957.162854

7957.162854

7957.162854

7957.162854

7957.162854

7957.162854

7957.162854

7957.162854

7957.162854

7957.162854

7957.162854

7957.162854

7957.162854

7957.162854

7957.162854

7957.162854

7957.162854

7957.162854

7957.162854

7957.162854

7957.162854

7957.162854

7957.162854

7957.162854

7957.162854

7957.162854

7957.162854

7957.162854

7957.162854

7957.162854

7957.162854

7957.162854

7957.162854

7957.162854

7957.162854

7957.162854

7957.162854

7957.162854

7957.162854

7957.162854

7957.162854

7957.162854

7957.162854

7957.162854

7957.162854

7957.162854

7957.162854

7957.162854

7957.162854

7957.162854

7957.162854

7957.162854

7957.162854

7957.162854

7957.162854

7957.162854

7957.162854

7957.162854

7957.162854

7957.162854

7957.162854

7957.162854

7957.162854

7957.162854

7957.162854

7957.162854

7957.162854

7957.162854

7957.162854

7957.162854

7957.162854

7957.162854

7957.162854

7957.162854

7957.162854

7957.162854

7957.162854

7957.162854

7957.162854

7957.162854

7957.162854

7957.162854

7957.162854

7957.162854

7957.162854

7957.162854

7957.162854

7957.162854

7957.162854

7957.162854

7957.162854

7957.162854

7957.162854

7957.162854

7957.162854

7957.162854

7957.162854

7957.162854

7957.162854

7957.162854

7957.162854

7957.162854

7957.162854

7957.162854

7957.162854

7957.162854

7957.162854

7957.162854

7957.162854

7957.162854

7957.162854

7957.162854

7957.162854

7957.162854

7957.162854

7957.162854

7957.162854

7957.162854

7957.162854

7957.162854

7957.162854

7957.162854

7957.162854

7957.162854

7957.162854

7957.162854

7957.162854

7957.162854

7957.162854

7957.162854

7957.162854

7957.162854

7957.162854

7957.162854

7957.162854

7957.162854

7957.162854

7957.162854

7957.162854

7957.162854

7957.162854

7957.162854

7957.162854

7957.162854

7957.162854

7957.162854

7957.162854

7957.162854

7957.162854

7957.162854

7957.162854

7957.162854

7957.162854

7957.162854

7957.162854

7957.162854

7957.162854

7957.162854

7957.162854

7957.162854

7957.162854

7957.162854

7957.162854

7957.162854

7957.162854

7957.162854

7957.162854

7957.162854

7957.162854

7957.162854

7957.162854

7957.162854

7957.162854

7957.162854

7957.162854

7957.162854

7957.162854

7957.162854

7957.162854

7957.162854

7957.162854

7957.162854

7957.162854

7957.162854

7957.162854

7957.162854

7957.162854

7957.162854

7957.162854

7957.162854

7957.162854

7957.162854

7957.162854

7957.162854

7957.162854

7957.162854

7957.162854

7957.162854

7957.162854

7957.162854

7957.162854

7957.162854

7957.162854

7957.162854

7957.162854

7957.162854

7957.162854

11503.962552

11859.815464

12602.259051

12602.259051

11859.815464

11503.962552

7957.162854

7957.162854

7957.162854

7957.162854

7957.162854

7957.162854

7957.162854

7957.162854

7957.162854

7957.162854

7957.162854

7957.162854

7957.162854

7957.162854

7957.162854

7957.162854

7957.162854

7957.162854

7957.162854

7957.162854

7957.162854

7957.162854

7957.162854

11506.264710

12321.115813

13315.018076

14394.679005

14394.679005

13315.018076

12321.115813

11506.264710

7957.162854

7957.162854

7957.162854

7957.162854

7957.162854

7957.162854

7957.162854

7957.162854

7957.162854

7957.162854

7957.162854

7957.162854

7957.162854

7957.162854

7957.162854

7957.162854

7957.162854

7957.162854

7957.162854

7957.162854

7957.162854

11470.655015

12288.898676

13270.466194

14173.259234

14957.281113

14957.281113

14173.259234

13270.466194

12288.898676

11470.655015

7957.162854

7957.162854

7957.162854

7957.162854

7957.162854

7957.162854

7957.162854

7957.162854

7957.162854

7957.162854

7957.162854

7957.162854

7957.162854

7957.162854

7957.162854

7957.162854

7957.162854

7957.162854

7957.162854

11403.399721

12051.296005

12855.368993

13588.395797

14146.505710

15005.762571

15005.762571

14146.505710

13588.395797

12855.368993

12051.296005

11403.399721

7957.162854

7957.162854

7957.162854

7957.162854

7957.162854

7957.162854

7957.162854

7957.162854

7957.162854

7957.162854

7957.162854

7957.162854

7957.162854

7957.162854

7957.162854

7957.162854

7957.162854

11258.408065

11729.640435

12319.795935

12944.325840

13506.522158

14478.678623

16397.673727

16397.673727

14478.678623

13506.522158

12944.325840

12319.795935

11729.640435

11258.408065

7957.162854

7957.162854

7957.162854

7957.162854

7957.162854

7957.162854

7957.162854

7957.162854

7957.162854

7957.162854

7957.162854

7957.162854

7957.162854

7957.162854

7957.162854

7957.162854

11461.044839

11868.637887

12366.681888

12795.157621

13619.071909

15498.020362

19242.069796

19242.069796

15498.020362

13619.071909

12795.157621

12366.681888

11868.637887

11461.044839

7957.162854

7957.162854

7957.162854

7957.162854

7957.162854

7957.162854

7957.162854

7957.162854

7957.162854

7957.162854

7957.162854

7957.162854

7957.162854

7957.162854

7957.162854

7957.162854

11619.720698

11988.229564

12281.698577

12698.439349

13902.147039

16563.272376

21843.156584

21843.156584

16563.272376

13902.147039

12698.439349

12281.698577

11988.229564

11619.720698

7957.162854

7957.162854

7957.162854

7957.162854

7957.162854

7957.162854

7957.162854

7957.162854

7957.162854

7957.162854

7957.162854

7957.162854

7957.162854

7957.162854

7957.162854

7957.162854

11678.788682

11979.591524

12178.911762

12679.483054

14125.852204

17216.132204

22052.747853

22052.747853

17216.132204

14125.852204

12679.483054

12178.911762

11979.591524

11678.788682

7957.162854

7957.162854

7957.162854

7957.162854

7957.162854

7957.162854

7957.162854

7957.162854

7957.162854

7957.162854

7957.162854

7957.162854

7957.162854

7957.162854

7957.162854

7957.162854

11625.974953

11921.557998

12152.670873

12697.373972

14235.643020

17753.178038

21643.587491

21643.587491

17753.178038

14235.643020

12697.373972

12152.670873

11921.557998

11625.974953

7957.162854

7957.162854

7957.162854

7957.162854

7957.162854

7957.162854

7957.162854

7957.162854

7957.162854

7957.162854

7957.162854

7957.162854

7957.162854

7957.162854

7957.162854

7957.162854

11419.601722

11917.777091

12257.644188

12566.285062

13945.709284

17989.981554

21215.366477

21215.366477

17989.981554

13945.709284

12566.285062

12257.644188

11917.777091

11419.601722

7957.162854

7957.162854

7957.162854

7957.162854

7957.162854

7957.162854

7957.162854

7957.162854

7957.162854

7957.162854

7957.162854

7957.162854

7957.162854

7957.162854

7957.162854

7957.162854

7957.162854

12332.178469

12315.487332

12005.062094

13419.256530

18470.157246

19318.931997

19318.931997

18470.157246

13419.256530

12005.062094

12315.487332

12332.178469

7957.162854

7957.162854

7957.162854

7957.162854

7957.162854

7957.162854

7957.162854

7957.162854

7957.162854

7957.162854

7957.162854

7957.162854

7957.162854

7957.162854

7957.162854

7957.162854

7957.162854

7957.162854

7957.162854

12902.080163

11065.096678

13175.537943

18814.633595

18606.508933

18606.508933

18814.633595

13175.537943

11065.096678

12902.080163

7957.162854

7957.162854

7957.162854

7957.162854

7957.162854

7957.162854

7957.162854

7957.162854

7957.162854

7957.162854

7957.162854

7957.162854

7957.162854

7957.162854

7957.162854

7957.162854

7957.162854

7957.162854

7957.162854

7957.162854

7957.162854

10032.928357

12758.662426

16715.637984

6767.738962

6767.738962

16715.637984

12758.662426

10032.928357

7957.162854

7957.162854

7957.162854

7957.162854

7957.162854

7957.162854

7957.162854

7957.162854

7957.162854

7957.162854

7957.162854

7957.162854

7957.162854

7957.162854

7957.162854

7957.162854

7957.162854

7957.162854

7957.162854

7957.162854

7957.162854

7957.162854

7957.162854

11502.102994

14769.006843

9346.272195

9346.272195

14769.006843

11502.102994

7957.162854

7957.162854

7957.162854

7957.162854

7957.162854

7957.162854

7957.162854

7957.162854

7957.162854

7957.162854

7957.162854

7957.162854

7957.162854

7957.162854

7957.162854

7957.162854

7957.162854

7957.162854

7957.162854

7957.162854

7957.162854

7957.162854

7957.162854

7957.162854

7957.162854

7957.162854

7957.162854

7957.162854

7957.162854

7957.162854

7957.162854

7957.162854

7957.162854

7957.162854

7957.162854

7957.162854

7957.162854

7957.162854

7957.162854

7957.162854

7957.162854

7957.162854

7957.162854

7957.162854

7957.162854

7957.162854

7957.162854

7957.162854

7957.162854

7957.162854

7957.162854

7957.162854

7957.162854

7957.162854

7957.162854

7957.162854

7957.162854

7957.162854

7957.162854

7957.162854

7957.162854

7957.162854

7957.162854

7957.162854

7957.162854

7957.162854

7957.162854

7957.162854

7957.162854

7957.162854

7957.162854

7957.162854

7957.162854

7957.162854

7957.162854

7957.162854

7957.162854

7957.162854

7957.162854

7957.162854

7957.162854

7957.162854

7957.162854

7957.162854

7957.162854

7957.162854

7957.162854

7957.162854

7957.162854

7957.162854

7957.162854

7957.162854

7957.162854

7957.162854

7957.162854

7957.162854

7957.162854

7957.162854

7957.162854

7957.162854

7957.162854

7957.162854

7957.162854

7957.162854

7957.162854

7957.162854

7957.162854

7957.162854

7957.162854

7957.162854

7957.162854

7957.162854

7957.162854

7957.162854

7957.162854

7957.162854

7957.162854

7957.162854

7957.162854

7957.162854

7957.162854

7957.162854

7957.162854

7957.162854

7957.162854

7957.162854

7957.162854

7957.162854

7957.162854

7957.162854

7957.162854

7957.162854

7957.162854

7957.162854

7957.162854

7957.162854

7957.162854

7957.162854

7957.162854

7957.162854

7957.162854

7957.162854

7957.162854

7957.162854

7957.162854

7957.162854

7957.162854

7957.162854

7957.162854

7957.162854

7957.162854

7957.162854

7957.162854

7957.162854

7957.162854

7957.162854

7957.162854

7957.162854

7957.162854

7957.162854

7957.162854

7957.162854

7957.162854

7957.162854

7957.162854

7957.162854

7957.162854

7957.162854

7957.162854

7957.162854

7957.162854

7957.162854

7957.162854

7957.162854

7957.162854

7957.162854

7957.162854

7957.162854

7957.162854

7957.162854

7957.162854

7957.162854

7957.162854

7957.162854

7957.162854

7957.162854

7957.162854

7957.162854

7957.162854

7957.162854

7957.162854

7957.162854

7957.162854

7957.162854

7957.162854

7957.162854

7957.162854

7957.162854

7957.162854

7957.162854

7957.162854

7957.162854

7957.162854

7957.162854

7957.162854

7957.162854

7957.162854

7957.162854

7957.162854

7957.162854

7957.162854

7957.162854

7957.162854

7957.162854

7957.162854

7957.162854

7957.162854

7957.162854

7957.162854

7957.162854

7957.162854

7957.162854

7957.162854

7957.162854

7957.162854

7957.162854

7957.162854

7957.162854

7957.162854

7957.162854

7957.162854

7957.162854

7957.162854

7957.162854

7957.162854

7957.162854

7957.162854

7957.162854

7957.162854

7957.162854

7957.162854

7957.162854

7957.162854

7957.162854

7957.162854

7957.162854

7957.162854

7957.162854

7957.162854

7957.162854

7957.162854

7957.162854

