AXIS X

0.000000 0.000500 0.001000 0.001500 0.002000 0.002500 0.003000 0.003500 0.004000 0.004500 0.005000 0.005500 0.006000 0.006500 0.007000 0.007500 0.008000 0.008500 0.009000 0.009500 0.010000 0.010500 0.011000 0.011500 0.012000 0.012500 0.013000 0.013500 0.014000 0.014500 0.015000 0.015500 0.016000 0.016500 0.017000 0.017500 0.018000 0.018500 0.019000 0.019500 0.020000 0.020500 0.021000 0.021500 0.022000 0.022500 0.023000 0.023500 0.024000 0.024500 0.025000 0.025500 0.026000 0.026500 0.027000 0.027500 0.028000 0.028500 0.029000 0.029500 

AXIS Y

0.000000 0.000500 0.001000 0.001500 0.002000 0.002500 0.003000 0.003500 0.004000 0.004500 0.005000 0.005500 0.006000 0.006500 0.007000 0.007500 0.008000 0.008500 0.009000 0.009500 0.010000 0.010500 0.011000 0.011500 0.012000 0.012500 0.013000 0.013500 0.014000 0.014500 0.015000 0.015500 0.016000 0.016500 0.017000 0.017500 0.018000 0.018500 0.019000 0.019500 0.020000 0.020500 0.021000 0.021500 0.022000 0.022500 0.023000 0.023500 0.024000 0.024500 0.025000 0.025500 0.026000 0.026500 0.027000 0.027500 0.028000 0.028500 0.029000 0.029500 



DATA
7376.385377

9887.467855

10889.553360

12090.328307

13097.466651

13902.782656

14569.216555

15080.219170

15455.110072

15592.451718

15477.260760

14990.898938

14177.133193

13005.180752

11644.803184

10176.239959

8813.903175

7622.516089

6723.443974

6104.030153

5826.306837

5885.045104

6422.359713

7580.125140

9865.247279

13835.436847

20925.760740

30448.686435

43011.731727

38886.520553

38886.520562

43011.731753

30448.686465

20925.760758

13835.436859

9865.247286

7580.125145

6422.359716

5885.045106

5826.306839

6104.030154

6723.443975

7622.516089

8813.903174

10176.239958

11644.803182

13005.180749

14177.133189

14990.898934

15477.260757

15592.451715

15455.110070

15080.219167

14569.216553

13902.782654

13097.466649

12090.328306

10889.553358

9887.467853

7376.385375

9688.209819

14758.280040

14236.024892

14163.588150

14360.909415

14621.945828

14705.110764

14577.099134

14142.355551

13445.357090

12451.472489

11270.450792

9938.445522

8615.622378

7363.684292

6294.984406

5411.396046

4741.417789

4245.427441

3923.978810

3741.383139

3709.494505

3812.326804

4095.586432

4582.625032

5438.302453

6871.619357

10034.031495

17741.849110

14731.319173

14731.319176

17741.849119

10034.031504

6871.619364

5438.302458

4582.625037

4095.586436

3812.326807

3709.494508

3741.383141

3923.978812

4245.427443

4741.417791

5411.396048

6294.984408

7363.684294

8615.622379

9938.445523

11270.450792

12451.472488

13445.357089

14142.355550

14577.099133

14705.110763

14621.945828

14360.909414

14163.588150

14236.024891

14758.280039

9688.209817

10262.490380

14378.202959

15811.797134

15665.951012

15578.568899

15354.415020

14904.593120

14056.751033

12888.515006

11441.920506

9912.366206

8392.161385

7032.651284

5858.534048

4915.584431

4164.253198

3595.645542

3161.343524

2847.500018

2618.411658

2467.454799

2370.345065

2327.965380

2327.268895

2385.950301

2529.178973

2859.424698

3686.102333

5058.992699

6207.060990

6207.060993

5058.992702

3686.102335

2859.424700

2529.178975

2385.950303

2327.268897

2327.965382

2370.345066

2467.454801

2618.411660

2847.500020

3161.343526

3595.645544

4164.253200

4915.584433

5858.534050

7032.651286

8392.161387

9912.366207

11441.920507

12888.515007

14056.751033

14904.593120

15354.415020

15578.568899

15665.951012

15811.797134

14378.202959

10262.490378

11121.710044

13997.932532

15654.431164

16115.525842

15920.120687

15393.336316

14384.489917

12963.452838

11211.493553

9409.642008

7715.587384

6290.231387

5131.856338

4243.065301

3556.323244

3042.283497

2646.996621

2351.854088

2122.605216

1950.612880

1813.136833

1707.318768

1618.668358

1551.921859

1508.211639

1514.168013

1620.919100

1904.506071

2382.149048

2952.988855

2952.988856

2382.149049

1904.506071

1620.919101

1514.168014

1508.211639

1551.921859

1618.668359

1707.318769

1813.136834

1950.612881

2122.605217

2351.854089

2646.996622

3042.283499

3556.323246

4243.065302

5131.856340

6290.231389

7715.587386

9409.642010

11211.493555

12963.452839

14384.489918

15393.336317

15920.120687

16115.525842

15654.431163

13997.932531

11121.710043

11912.731131

13962.711456

15226.170130

15574.661449

15230.204713

14285.077817

12861.556659

11047.253022

9149.028878

7375.589234

5913.098650

4758.827351

3897.125361

3246.697097

2767.253664

2401.094781

2126.941466

1910.670576

1743.483478

1603.281108

1487.553301

1381.664125

1289.363267

1206.209464

1148.147673

1128.647281

1186.476443

1335.423705

1611.376752

2098.256696

2098.256696

1611.376752

1335.423706

1186.476443

1128.647281

1148.147673

1206.209464

1289.363267

1381.664125

1487.553301

1603.281109

1743.483478

1910.670577

2126.941467

2401.094782

2767.253666

3246.697099

3897.125362

4758.827353

5913.098653

7375.589237

9149.028880

11047.253024

12861.556661

14285.077818

15230.204713

15574.661449

15226.170129

13962.711456

11912.731130

12690.485213

14070.862817

14708.190443

14551.301084

13691.826781

12325.426501

10589.496694

8762.907233

7046.479172

5625.438898

4507.097136

3677.775816

3058.515597

2607.679951

2267.869132

2016.922808

1820.834223

1670.635189

1543.988193

1438.591088

1338.729284

1248.158838

1159.390701

1086.143597

1032.960726

1027.817719

1080.102566

1218.853423

1424.805476

1783.327823

1783.327823

1424.805476

1218.853423

1080.102566

1027.817719

1032.960726

1086.143597

1159.390701

1248.158839

1338.729284

1438.591088

1543.988194

1670.635189

1820.834224

2016.922809

2267.869133

2607.679952

3058.515598

3677.775818

4507.097138

5625.438900

7046.479174

8762.907236

10589.496696

12325.426503

13691.826782

14551.301084

14708.190443

14070.862817

12690.485213

13436.659570

14148.920598

14070.347649

13191.247782

11758.786876

10015.115474

8250.955681

6634.349487

5305.994718

4260.301854

3482.374836

2901.530713

2480.995777

2168.111710

1942.253144

1770.971024

1645.518734

1543.536947

1462.452561

1384.866187

1313.797988

1238.261555

1171.089071

1112.422568

1089.071081

1111.554453

1214.682964

1382.563324

1594.182049

1894.581172

1894.581172

1594.182049

1382.563325

1214.682964

1111.554453

1089.071081

1112.422568

1171.089071

1238.261556

1313.797988

1384.866187

1462.452561

1543.536947

1645.518735

1770.971025

1942.253145

2168.111711

2480.995778

2901.530714

3482.374837

4260.301856

5305.994720

6634.349489

8250.955682

10015.115476

11758.786877

13191.247783

14070.347649

14148.920598

13436.659570

14108.262462

14077.663128

13197.692567

11634.743826

9733.349720

7882.476961

6268.696112

4990.413354

4006.037478

3280.247205

2740.261172

2351.047490

2064.792900

1863.474865

1717.626881

1619.613072

1548.296427

1501.077655

1459.450502

1424.946657

1382.383528

1342.698409

1300.885601

1285.199788

1306.953385

1416.844301

1634.147763

1958.941581

2191.392613

2334.928093

2334.928093

2191.392613

1958.941581

1634.147763

1416.844301

1306.953385

1285.199788

1300.885601

1342.698409

1382.383529

1424.946658

1459.450502

1501.077656

1548.296428

1619.613073

1717.626882

1863.474865

2064.792900

2351.047491

2740.261173

3280.247206

4006.037479

4990.413355

6268.696114

7882.476962

9733.349721

11634.743827

13197.692567

14077.663128

14108.262463

14602.729298

13733.489775

12079.586175

9968.024011

7894.381464

6138.370002

4802.650653

3813.497507

3104.598550

2587.255504

2219.435978

1952.964354

1770.510049

1645.118061

1570.653328

1528.405869

1516.749618

1517.952155

1532.475359

1541.642182

1552.759286

1553.715675

1572.308043

1617.097994

1755.571599

2041.517629

2607.763541

3377.857715

3752.692530

3418.459725

3418.459725

3752.692528

3377.857713

2607.763540

2041.517629

1755.571599

1617.097994

1572.308044

1553.715675

1552.759286

1541.642182

1532.475359

1517.952155

1516.749618

1528.405869

1570.653328

1645.118062

1770.510050

1952.964355

2219.435979

2587.255505

3104.598552

3813.497508

4802.650654

6138.370004

7894.381465

9968.024012

12079.586176

13733.489776

14602.729299

14783.715285

13038.835865

10726.318877

8360.165244

6345.544529

4841.438723

3763.346028

3015.116585

2484.284792

2115.038130

1852.613000

1677.006375

1561.396957

1500.434673

1477.826485

1493.815868

1533.516305

1598.185667

1668.456457

1747.659301

1815.613718

1893.945778

1982.598326

2156.314413

2479.819011

3192.292993

4590.711915

6900.160450

7894.836933

5629.596870

5629.596865

7894.836919

6900.160441

4590.711911

3192.292992

2479.819010

2156.314412

1982.598326

1893.945778

1815.613718

1747.659301

1668.456457

1598.185668

1533.516306

1493.815868

1477.826486

1500.434673

1561.396957

1677.006376

1852.613001

2115.038131

2484.284793

3015.116586

3763.346029

4841.438724

6345.544530

8360.165245

10726.318878

13038.835867

14783.715287

14494.460813

11953.029523

9257.583903

6905.240607

5141.855090

3898.758966

3054.993572

2470.535941

2071.911625

1793.131842

1608.757090

1489.253648

1428.725658

1411.960582

1441.074350

1504.738064

1607.094518

1731.726308

1880.421456

2026.822979

2180.653054

2325.509136

2523.376259

2822.805717

3454.662239

4763.491237

7837.869796

13523.164179

20524.738612

20356.463663

20356.463631

20524.738539

13523.164139

7837.869783

4763.491233

3454.662238

2822.805716

2523.376259

2325.509136

2180.653054

2026.822979

1880.421457

1731.726309

1607.094519

1504.738064

1441.074350

1411.960582

1428.725658

1489.253648

1608.757091

1793.131843

2071.911626

2470.535942

3054.993573

3898.758967

5141.855091

6905.240609

9257.583905

11953.029525

14494.460815

13639.273418

10538.404093

7785.417750

5692.533939

4224.153517

3238.406173

2565.641855

2112.077250

1797.471801

1589.287503

1452.947546

1380.811933

1356.846124

1384.235957

1454.086783

1574.152145

1732.871552

1934.337937

2150.457186

2378.373349

2580.464962

2788.565718

3016.852806

3423.378162

4203.783485

6027.449332

9970.756430

17984.195088

47769.242638

374634.324194

374634.325380

47769.242573

17984.195026

9970.756410

6027.449326

4203.783483

3423.378161

3016.852805

2788.565718

2580.464962

2378.373350

2150.457186

1934.337937

1732.871552

1574.152145

1454.086783

1384.235958

1356.846125

1380.811933

1452.947547

1589.287504

1797.471802

2112.077251

2565.641856

3238.406174

4224.153518

5692.533940

7785.417752

10538.404095

13639.273420

12200.021921

8934.160037

6444.810181

4709.201323

3551.448074

2767.854677

2241.392126

1876.268242

1632.489668

1469.230833

1376.621853

1336.210135

1351.424092

1413.802475

1534.033480

1704.483779

1933.916371

2196.128119

2480.475431

2729.304559

2939.273886

3088.046543

3273.057851

3585.685269

4319.202931

5919.586697

9486.061249

17298.948522

85015.845868

1023647.194349

1023647.197601

85015.846051

17298.948488

9486.061234

5919.586691

4319.202929

3585.685268

3273.057850

3088.046542

2939.273886

2729.304559

2480.475431

2196.128120

1933.916371

1704.483779

1534.033480

1413.802475

1351.424092

1336.210135

1376.621853

1469.230834

1632.489668

1876.268242

2241.392127

2767.854678

3551.448075

4709.201324

6444.810182

8934.160039

12200.021923

10346.544034

7332.275530

5287.944863

3946.475827

3049.323887

2446.730369

2026.380774

1741.530523

1545.671743

1427.460799

1365.456083

1363.265188

1411.251912

1522.305107

1690.433108

1929.457634

2215.407843

2535.380779

2815.172217

3021.557542

3100.800298

3117.532173

3129.885372

3302.456619

3797.087503

5030.313824

7979.952945

17701.756190

110586.191385

1069731.048876

1069731.053096

110586.191750

17701.756183

7979.952939

5030.313822

3797.087501

3302.456617

3129.885371

3117.532173

3100.800298

3021.557543

2815.172217

2535.380779

2215.407843

1929.457635

1690.433108

1522.305108

1411.251912

1363.265188

1365.456083

1427.460800

1545.671744

1741.530523

2026.380775

2446.730370

3049.323888

3946.475828

5287.944864

7332.275531

10346.544036

8324.864863

5883.358740

4345.729382

3349.813395

2687.828776

2224.718923

1905.473228

1679.618056

1536.257131

1451.942988

1431.625543

1464.041212

1564.615275

1727.298150

1971.367675

2273.479778

2622.146236

2926.426104

3129.242878

3147.669199

3035.372932

2851.092501

2732.997798

2769.827809

3138.160639

4161.657800

7286.990029

18181.414818

88409.226829

671687.150465

671687.154810

88409.227278

18181.414840

7286.990030

4161.657799

3138.160638

2769.827808

2732.997798

2851.092501

3035.372932

3147.669199

3129.242879

2926.426105

2622.146237

2273.479779

1971.367675

1727.298150

1564.615276

1464.041212

1431.625544

1451.942988

1536.257132

1679.618056

1905.473228

2224.718923

2687.828777

3349.813396

4345.729383

5883.358742

8324.864865

6437.178520

4671.252487

3590.505993

2896.990429

2420.920573

2090.899603

1851.879379

1694.127124

1594.236832

1560.674269

1581.597186

1676.752466

1839.877050

2097.850847

2427.036760

2821.112632

3166.969702

3383.238560

3347.398927

3117.524118

2770.180524

2459.916169

2258.678536

2264.182384

2597.331544

3704.839094

7439.410388

17027.186144

49244.971899

294434.906340

294434.909415

49244.972247

17027.186191

7439.410393

3704.839094

2597.331544

2264.182384

2258.678536

2459.916169

2770.180524

3117.524119

3347.398928

3383.238561

3166.969703

2821.112633

2427.036761

2097.850848

1839.877050

1676.752466

1581.597186

1560.674270

1594.236832

1694.127124

1851.879380

2090.899603

2420.920574

2896.990429

3590.505994

4671.252488

6437.178522

4848.294347

3704.120276

3003.014187

2546.326579

2239.265550

2018.561010

1871.560436

1775.342011

1743.034218

1764.340822

1866.196496

2043.917270

2336.552397

2721.833986

3205.863808

3644.878917

3925.025976

3850.351023

3490.938894

2955.338963

2456.169097

2070.994028

1867.660844

1878.137116

2260.564889

3623.650106

8040.616476

16628.516960

35820.134192

160950.947004

160950.949255

35820.134500

16628.517030

8040.616486

3623.650107

2260.564889

1878.137116

1867.660844

2070.994028

2456.169097

2955.338963

3490.938895

3850.351025

3925.025978

3644.878919

3205.863809

2721.833987

2336.552397

2043.917271

1866.196496

1764.340823

1743.034218

1775.342011

1871.560437

2018.561010

2239.265551

2546.326580

3003.014187

3704.120277

4848.294348

3625.127304

2957.257336

2544.091870

2286.145115

2116.139591

2013.369540

1952.896565

1949.364291

1995.104034

2126.319685

2343.651367

2705.151064

3195.991782

3848.500921

4481.163312

4935.883045

4872.128214

4361.762624

3551.599220

2786.341247

2175.848304

1786.629187

1596.129441

1646.150919

2110.423245

3842.586822

9039.266761

18020.161038

37273.136725

143119.319918

143119.322010

37273.137091

18020.161136

9039.266781

3842.586823

2110.423245

1646.150919

1596.129440

1786.629187

2175.848304

2786.341247

3551.599222

4361.762626

4872.128217

4935.883048

4481.163315

3848.500923

3195.991783

2705.151065

2343.651368

2126.319685

1995.104035

1949.364292

1952.896565

2013.369541

2116.139592

2286.145116

2544.091870

2957.257337

3625.127305

2723.094743

2388.724213

2193.408186

2089.651812

2054.119144

2060.768390

2120.189802

2225.750522

2421.107761

2716.613525

3197.010594

3867.995242

4809.758571

5803.272759

6639.089004

6722.586759

6083.526588

4856.328021

3647.660144

2659.706453

2008.970397

1617.727068

1462.593010

1559.397021

2169.753623

4468.534628

10071.548237

22116.347981

43482.540695

148396.143443

148396.145269

43482.541132

22116.348124

10071.548266

4468.534631

2169.753623

1559.397021

1462.593010

1617.727068

2008.970397

2659.706454

3647.660146

4856.328025

6083.526594

6722.586766

6639.089010

5803.272764

4809.758574

3867.995244

3197.010595

2716.613525

2421.107762

2225.750522

2120.189802

2060.768391

2054.119145

2089.651812

2193.408187

2388.724214

2723.094743

2080.934179

1961.884819

1922.773096

1953.389163

2036.388956

2178.985816

2375.486183

2671.633409

3090.134691

3747.626592

4691.874932

6079.131526

7666.023748

9179.668459

9669.917936

9093.074877

7376.359862

5480.239269

3796.079642

2666.383483

1954.724792

1581.394719

1457.030885

1643.925415

2547.090452

5665.505071

12302.498478

26191.511733

49424.884205

118997.690025

118997.690856

49424.884648

26191.511904

12302.498520

5665.505076

2547.090452

1643.925415

1457.030886

1581.394719

1954.724793

2666.383484

3796.079644

5480.239275

7376.359873

9093.074892

9669.917952

9179.668471

7666.023756

6079.131530

4691.874933

3747.626593

3090.134691

2671.633410

2375.486183

2178.985817

2036.388957

1953.389163

1922.773096

1961.884819

2080.934179

1627.046743

1642.936614

1720.349295

1859.763835

2072.834422

2361.284181

2770.778112

3337.144017

4206.909524

5492.213152

7453.938654

9857.217177

12311.650967

13473.350504

13312.005543

11428.093964

8927.602370

6175.803106

4143.819342

2790.239987

2042.874564

1661.494754

1597.070823

1955.646569

3480.231805

8212.577605

15445.186263

31488.568444

50127.341088

90773.875199

90773.875339

50127.341405

31488.568633

15445.186313

8212.577613

3480.231805

1955.646569

1597.070823

1661.494754

2042.874565

2790.239989

4143.819346

6175.803116

8927.602389

11428.093993

13312.005577

13473.350535

12311.650989

9857.217188

7453.938659

5492.213155

4206.909526

3337.144018

2770.778113

2361.284182

2072.834423

1859.763836

1720.349295

1642.936614

1627.046744

1310.564445

1408.282792

1568.525621

1810.754873

2151.059174

2639.197172

3325.927560

4376.767250

5971.527137

8485.526453

11751.427633

15203.320068

17118.295141

17509.842416

16000.799451

13759.644150

10390.621206

7205.866802

4610.451024

3089.723889

2231.908764

1868.255541

1888.567945

2580.949342

5474.257271

11836.671324

22619.857804

34840.162355

46939.378426

60584.239808

60584.239765

46939.378568

34840.162511

22619.857865

11836.671330

5474.257270

2580.949342

1888.567945

1868.255542

2231.908765

3089.723892

4610.451031

7205.866817

10390.621237

13759.644198

16000.799509

17509.842476

17118.295189

15203.320101

11751.427650

8485.526460

5971.527141

4376.767252

3325.927561

2639.197172

2151.059175

1810.754873

1568.525621

1408.282792

1310.564445

1090.577320

1237.539355

1462.606570

1793.442082

2285.787634

3006.909801

4128.021838

5872.492441

8698.876024

12586.840887

16873.830121

19519.845463

20361.587999

19306.488957

17797.213059

15190.378483

12105.318288

8212.631827

5299.423454

3432.081769

2523.039616

2142.511235

2321.697110

3687.362099

8168.040448

16055.900999

28305.952701

41016.284493

40024.513716

37420.658962

37420.658855

40024.513715

41016.284612

28305.952740

16055.900991

8168.040443

3687.362099

2321.697111

2142.511236

2523.039618

3432.081773

5299.423464

8212.631851

12105.318335

15190.378551

17797.213143

19306.489042

20361.588080

19519.845526

16873.830161

12586.840906

8698.876032

5872.492445

4128.021840

3006.909802

2285.787635

1793.442083

1462.606570

1237.539355

1090.577320

941.447648

1118.736213

1391.375387

1813.338516

2461.225996

3500.465346

5166.026917

7936.890280

11990.454626

16809.099416

20226.024736

21608.544345

20941.267688

19766.666758

18022.109556

16301.332923

13096.082547

9331.974003

5789.853252

3804.784280

2746.114405

2433.520359

2813.621266

5189.684847

11423.749802

17654.760180

29671.333688

36037.689682

47549.489749

65958.521194

65958.521058

47549.489659

36037.689671

29671.333682

17654.760142

11423.749780

5189.684844

2813.621267

2433.520361

2746.114408

3804.784286

5789.853265

9331.974037

13096.082609

16301.333013

18022.109656

19766.666864

20941.267790

21608.544435

20226.024802

16809.099454

11990.454643

7936.890286

5166.026920

3500.465348

2461.225997

1813.338517

1391.375387

1118.736213

941.447648

844.830190

1040.787077

1355.144859

1857.348984

2690.637893

4074.729296

6451.758419

10164.381113

15064.940477

19243.208065

21494.133500

21460.342392

20486.556146

19027.337749

17917.300596

16220.343077

13807.180789

9574.549349

6095.060817

3843.813711

2856.573973

2536.204164

3201.994659

7235.230470

13165.966435

20496.287516

22375.393913

27188.948824

33335.781946

46910.960442

46910.960220

33335.781772

27188.948680

22375.393819

20496.287419

13165.966380

7235.230459

3201.994659

2536.204166

2856.573977

3843.813718

6095.060835

9574.549389

13807.180868

16220.343179

17917.300711

19027.337865

20486.556261

21460.342497

21494.133586

19243.208122

15064.940508

10164.381125

6451.758423

4074.729298

2690.637894

1857.348984

1355.144860

1040.787077

844.830190

790.376524

999.791602

1345.735516

1932.650375

2937.083274

4722.221816

7701.171338

12120.730536

16736.502068

20067.146244

21123.544320

20723.123723

19493.545620

18387.714148

17209.248947

16064.841446

13225.955750

9340.030208

5607.437457

3629.683520

2601.480727

2423.668986

3216.910813

8511.731304

13709.487067

19653.128304

22030.953477

23456.602851

31291.169570

47772.722566

47772.722409

31291.169344

23456.602621

22030.953254

19653.128142

13709.486966

8511.731280

3216.910812

2423.668987

2601.480730

3629.683527

5607.437474

9340.030252

13225.955833

16064.841561

17209.249069

18387.714273

19493.545740

20723.123837

21123.544416

20067.146315

16736.502110

12120.730556

7701.171345

4722.221818

2937.083275

1932.650375

1345.735517

999.791602

790.376524

772.517683

990.717170

1367.390637

2020.210161

3202.734420

5286.421796

8743.001704

13132.850670

17261.436673

19665.397000

20417.496881

19829.818312

18839.520736

17753.858892

16900.016528

15260.757708

12413.105760

7956.627915

4816.626769

2942.675077

2157.323841

1940.313352

2776.168438

8990.512418

11890.805675

18553.978498

23670.914403

31486.727800

32617.802785

39926.622279

39926.622135

32617.802495

31486.727368

23670.914097

18553.978262

11890.805544

8990.512377

2776.168435

1940.313353

2157.323844

2942.675082

4816.626784

7956.627953

12413.105843

15260.757825

16900.016659

17753.859022

18839.520862

19829.818429

20417.496982

19665.397077

17261.436723

13132.850695

8743.001714

5286.421799

3202.734421

2020.210162

1367.390637

990.717170

772.517683

790.622110

1016.032839

1412.613502

2128.359196

3416.921375

5731.551550

9223.693456

13399.121897

16809.597816

18964.469457

19617.318944

19288.849621

18432.221893

17659.452347

16582.542607

14758.651478

10667.111546

6464.382025

3585.405900

2205.500891

1512.608669

1382.845140

1894.411310

6845.338105

10597.817681

17382.481570

29103.280917

38846.155285

35937.250637

40837.445942

40837.445859

35937.250278

38846.154809

29103.280485

17382.481257

10597.817514

6845.338067

1894.411308

1382.845140

1512.608670

2205.500894

3585.405910

6464.382055

10667.111615

14758.651596

16582.542743

17659.452485

18432.222023

19288.849740

19617.319046

18964.469535

16809.597867

13399.121926

9223.693469

5731.551554

3416.921376

2128.359197

1412.613502

1016.032839

790.622110

849.291478

1075.655163

1489.485458

2229.720596

3589.649442

5888.394468

9287.468831

12913.694259

16035.559750

18041.183086

19030.868995

18973.253415

18479.715053

17791.257327

16846.680820

13857.419362

9006.285535

4694.102094

2540.145954

1443.436210

990.620472

844.104369

1151.373852

4092.305156

10153.896394

21107.660061

26472.479835

39406.477947

37272.511697

27847.947168

27847.947040

37272.511424

39406.477585

26472.479354

21107.659533

10153.896194

4092.305133

1151.373850

844.104369

990.620473

1443.436211

2540.145960

4694.102111

9006.285589

13857.419472

16846.680965

17791.257473

18479.715190

18973.253536

19030.869096

18041.183161

16035.559800

12913.694288

9287.468844

5888.394473

3589.649443

2229.720597

1489.485458

1075.655163

849.291478

959.300790

1179.188263

1589.973680

2339.402727

3649.154862

5857.445158

8840.530838

12153.403262

14916.805489

17128.288325

18470.560389

18957.448941

18731.753610

18454.476363

17180.073860

13249.053823

7027.845429

3346.295766

1640.410163

921.602555

597.293400

509.939452

632.203560

2069.361502

13119.997544

20749.367147

34796.332711

31088.465957

52912.634697

38061.837449

38061.837321

52912.634609

31088.465565

34796.331966

20749.366557

13119.997200

2069.361493

632.203559

509.939451

597.293400

921.602556

1640.410166

3346.295776

7027.845465

13249.053925

17180.074011

18454.476520

18731.753753

18957.449064

18470.560486

17128.288395

14916.805534

12153.403288

8840.530851

5857.445163

3649.154864

2339.402727

1589.973680

1179.188263

959.300790

1142.108020

1332.831718

1727.360148

2428.843532

3655.454962

5557.934842

8211.021455

11007.743735

13731.406202

15992.014816

17921.595412

18989.581384

19346.908771

19249.498436

18165.665681

12262.391636

5488.639925

2272.357001

1070.335911

571.326369

374.509042

305.263914

375.417380

1049.679164

14967.313145

27805.492694

25447.112157

28277.043758

26369.633843

52366.029356

52366.029978

26369.633964

28277.043297

25447.111584

27805.491848

14967.312704

1049.679161

375.417380

305.263914

374.509042

571.326370

1070.335912

2272.357006

5488.639949

12262.391723

18165.665841

19249.498602

19346.908920

18989.581507

17921.595503

15992.014878

13731.406241

11007.743757

8211.021466

5557.934847

3655.454964

2428.843533

1727.360148

1332.831718

1142.108020

1434.629981

1557.343049

1894.234784

2529.312954

3565.961903

5188.649655

7284.574392

9801.513455

12201.031053

14686.664300

17022.651603

19062.782770

19999.454512

20586.100641

19167.963694

11698.907316

4183.728611

1601.863262

712.112430

378.393587

241.928457

202.081960

236.058165

653.999211

17914.482954

24253.223030

16379.567300

25511.271205

38085.539017

50785.855991

50785.856184

38085.539492

25511.271183

16379.566995

24253.222258

17914.482376

653.999209

236.058165

202.081960

241.928457

378.393587

712.112430

1601.863264

4183.728625

11698.907392

19167.963860

20586.100820

19999.454667

19062.782890

17022.651684

14686.664351

12201.031084

9801.513473

7284.574401

5188.649659

3565.961904

2529.312955

1894.234784

1557.343049

1434.629980

1903.311001

1870.021710

2113.269315

2620.224758

3477.130071

4695.109017

6375.575886

8281.751901

10562.557411

12850.374019

15668.570158

18668.600352

20957.401307

21843.929349

21034.118633

11048.577001

3387.614291

1189.244243

518.486043

270.160018

172.075608

142.235920

178.688724

448.899900

10464.809684

12701.173793

20875.163818

54929.791649

44002.800009

38968.901708

38968.901663

44002.799925

54929.792161

20875.163623

12701.173533

10464.809404

448.899899

178.688724

142.235920

172.075608

270.160018

518.486043

1189.244245

3387.614300

11048.577065

21034.118811

21843.929537

20957.401465

18668.600462

15668.570225

12850.374057

10562.557433

8281.751913

6375.575893

4695.109020

3477.130072

2620.224758

2113.269315

1870.021710

1903.311001

2661.014684

2312.572824

2382.585710

2748.781481

3359.935336

4265.364462

5378.697107

6848.371944

8507.535690

10743.577771

13413.537895

17541.433077

21662.554043

23808.439197

22573.970726

11472.711065

2953.799367

983.016430

418.937966

216.848954

135.509298

109.363806

147.860708

572.010727

3875.022465

13240.941222

51689.213622

42588.886566

35309.790011

44919.479977

44919.479813

35309.789931

42588.885838

51689.212617

13240.940916

3875.022392

572.010725

147.860708

109.363806

135.509298

216.848954

418.937966

983.016431

2953.799373

11472.711126

22573.970911

23808.439398

21662.554200

17541.433169

13413.537942

10743.577797

8507.535704

6848.371953

5378.697112

4265.364464

3359.935337

2748.781481

2382.585711

2312.572824

2661.014683

3899.771604

2925.193773

2742.103832

2901.362236

3302.714381

3844.373324

4570.053902

5400.281941

6615.890918

8163.941600

10696.692123

14846.295875

21972.178744

26010.890637

25070.679766

12618.613737

2953.344027

921.107850

385.566150

196.598058

122.104750

93.628298

113.675021

1137.934194

37640.048946

57483.258960

23857.622487

24641.140931

39099.415875

53602.421792

53602.422128

39099.415917

24641.140400

23857.621661

57483.257218

37640.047639

1137.934191

113.675021

93.628298

122.104750

196.598058

385.566151

921.107851

2953.344032

12618.613801

25070.679964

26010.890851

21972.178889

14846.295939

10696.692152

8163.941615

6615.890926

5400.281946

4570.053905

3844.373326

3302.714382

2901.362236

2742.103832

2925.193772

3899.771603

5905.600837

3792.797711

3201.708278

3132.478829

3273.157517

3552.619143

3865.682408

4311.501651

4877.153821

5944.906271

7603.993293

11164.245529

19773.735062

29735.169627

27089.383355

15815.673182

3444.889796

990.840302

405.239860

205.499771

125.165852

96.259820

89.661564

396.059860

351164.753993

38102.891360

14869.483959

28610.538717

42308.254278

57129.420612

57129.420755

42308.254083

28610.538364

14869.483728

38102.890777

351164.726313

396.059859

89.661564

96.259820

125.165852

205.499771

405.239860

990.840302

3444.889802

15815.673264

27089.383564

29735.169861

19773.735173

11164.245564

7603.993308

5944.906278

4877.153825

4311.501654

3865.682410

3552.619144

3273.157518

3132.478830

3201.708278

3792.797711

5905.600835

9022.135700

4998.600346

3825.204288

3430.310399

3339.025936

3331.527915

3392.696411

3465.953200

3698.784067

4128.597918

5205.059887

7268.801500

14170.013906

33040.059161

32900.685599

18174.012020

4842.088058

1222.887037

482.227288

245.817002

152.406424

113.342153

113.828158

164.373000

16694.980206

50843.781475

79165.299684

34688.770877

45896.947591

53399.954821

53399.954682

45896.947749

34688.771167

79165.299397

50843.781834

16694.980023

164.372999

113.828158

113.342153

152.406424

245.817002

482.227288

1222.887037

4842.088067

18174.012119

32900.685854

33040.059405

14170.013965

7268.801515

5205.059894

4128.597921

3698.784069

3465.953202

3392.696412

3331.527916

3339.025936

3430.310399

3825.204288

4998.600345

9022.135698

13401.968981

6684.041564

4630.263050

3856.246721

3471.364777

3250.646007

3061.021480

2944.157396

2883.921524

3027.082534

3444.217018

4663.130301

7793.332154

27650.671436

43140.634809

22543.549924

7334.578788

1650.995252

651.310198

326.597034

215.239400

167.602086

176.912328

231.863337

345.572352

1003.067194

58589.899855

99463.349371

57740.741021

58993.836432

58993.835540

57740.741574

99463.350788

58589.901192

1003.067195

345.572352

231.863337

176.912328

167.602086

215.239401

326.597034

651.310198

1650.995253

7334.578806

22543.550060

43140.635147

27650.671607

7793.332174

4663.130307

3444.217021

3027.082536

2883.921525

2944.157398

3061.021481

3250.646008

3471.364778

3856.246721

4630.263050

6684.041563

13401.968980

18738.175022

8895.476444

5700.100586

4403.325701

3736.222932

3268.246996

2917.641993

2617.609485

2425.831918

2336.453294

2471.899056

2952.570656

4380.121781

11912.648328

62099.891881

33534.030143

10027.735328

2460.929390

905.408461

479.041641

322.331434

297.332083

288.693550

354.024070

526.580146

370.382604

298.365997

50406.968952

145391.438915

107722.349874

107722.350280

145391.435897

50406.970180

298.365997

370.382604

526.580145

354.024069

288.693550

297.332083

322.331434

479.041641

905.408461

2460.929391

10027.735364

33534.030366

62099.892374

11912.648371

4380.121788

2952.570658

2471.899057

2336.453295

2425.831919

2617.609485

2917.641994

3268.246997

3736.222933

4403.325701

5700.100586

8895.476444

18738.175023

24127.701203

11620.317763

7025.746895

5150.280189

4122.166365

3445.789801

2908.399107

2497.038785

2172.807784

1978.445103

1907.646233

2065.522735

2627.204469

4569.384718

39842.312431

60377.463697

17739.821556

3929.955435

1254.512345

695.123505

502.351985

464.457662

546.678165

540.243969

1064.456589

4478.031093

5066.246206

4.837965

4793.036224

223935.444738

223935.438210

4793.036512

4.837965

5066.246170

4478.031057

1064.456586

540.243969

546.678165

464.457662

502.351985

695.123505

1254.512345

3929.955439

17739.821647

60377.464198

39842.312683

4569.384727

2627.204471

2065.522736

1907.646233

1978.445103

2172.807784

2497.038786

2908.399108

3445.789802

4122.166366

5150.280190

7025.746895

11620.317762

24127.701208

28754.105922

14489.065964

8646.797770

6088.126639

4712.090899

3771.774204

3079.079014

2524.976581

2112.008541

1806.823031

1633.742465

1583.209273

1779.206051

2292.469790

7303.008588

102439.904482

35952.777753

7668.230452

2046.742573

858.608023

732.641243

670.998903

781.188859

1067.331906

1188.273682

3400.455633

35982.617572

8.858862

12.705295

214737.852047

214737.857085

12.705295

8.858862

35982.617298

3400.455617

1188.273680

1067.331904

781.188859

670.998903

732.641243

858.608022

2046.742573

7668.230475

35952.778006

102439.905363

7303.008607

2292.469792

1779.206052

1583.209274

1633.742466

1806.823032

2112.008541

2524.976582

3079.079015

3771.774204

4712.090900

6088.126639

8646.797770

14489.065965

28754.105933

31879.957892

17154.163590

10393.010695

7288.597202

5509.513748

4324.845859

3422.459414

2734.790025

2196.740857

1803.194189

1521.949290

1366.623492

1317.325125

1541.713862

2050.405185

38255.859336

89094.071221

24307.606278

5543.567080

1440.421443

723.566588

1022.580045

1045.944518

1479.390390

1415.168199

859.738607

8.008326

0.074784

850479179.940022

240.046529

240.046529

850479180.295659

0.074784

8.008326

859.738607

1415.168198

1479.390389

1045.944518

1022.580045

723.566588

1440.421442

5543.567086

24307.606417

89094.072015

38255.859518

2050.405188

1541.713863

1317.325125

1366.623492

1521.949290

1803.194189

2196.740858

2734.790026

3422.459415

4324.845860

5509.513749

7288.597203

10393.010695

17154.163591

31879.957906

33383.530225

19095.844310

12173.835173

8671.696448

6599.594956

5122.553103

4010.542735

3132.381313

2456.687648

1938.255286

1558.381819

1291.278621

1135.345153

1096.885212

1194.881000

2402.194050

311499.303132

57054.859152

24341.954001

9546.420185

1427.069836

787.732275

2127.881166

2057.038161

1350.355458

213.920675

2.581767

0.039727

211000.162440

26.487215

26.487215

211000.162720

0.039727

2.581767

213.920675

1350.355457

2057.038160

2127.881165

787.732275

1427.069836

9546.420193

24341.954088

57054.859544

311499.304554

2402.194054

1194.881001

1096.885212

1135.345154

1291.278621

1558.381820

1938.255287

2456.687649

3132.381314

4010.542736

5122.553104

6599.594957

8671.696449

12173.835174

19095.844313

33383.530241

33076.092355

20283.828046

13715.478563

10233.353442

7947.249682

6250.545612

4880.305608

3786.574488

2918.059003

2242.305453

1731.759808

1348.977332

1092.463720

911.223632

913.730107

878.551829

4110.500144

1131061.237773

57914.789379

52874.215335

28569.033853

3568.090280

1496.459898

2566.830224

606.953820

97.998757

3.253252

0.319003

57852377954.815773

2967.098385

2967.098387

57852377960.589630

0.319003

3.253252

97.998757

606.953820

2566.830222

1496.459898

3568.090279

28569.033841

52874.215365

57914.789555

1131061.238686

4110.500149

878.551829

913.730107

911.223632

1092.463720

1348.977333

1731.759809

2242.305454

2918.059004

3786.574489

4880.305609

6250.545613

7947.249683

10233.353443

13715.478564

20283.828050

33076.092370

31399.170217

20583.748137

15009.106819

11794.807988

9564.555582

7703.583772

6112.552871

4760.809186

3648.812092

2767.910912

2070.124316

1554.450170

1157.089490

911.578429

721.878086

703.882287

715.568652

10351.899028

559168.867412

180884.006477

588568.090384

45199.589513

17983.734820

984.507120

360.613376

94.640367

4.535393

0.261660

376376436.721221

15319.458078

15319.458083

376376436.814116

0.261660

4.535393

94.640367

360.613376

984.507120

17983.734771

45199.589196

588568.084076

180884.005835

559168.866549

10351.899038

715.568652

703.882287

721.878086

911.578430

1157.089490

1554.450170

2070.124317

2767.910913

3648.812093

4760.809187

6112.552872

7703.583774

9564.555583

11794.807989

15009.106821

20583.748141

31399.170230

28611.690214

20325.357290

15901.675879

13319.159753

11305.860277

9479.361292

7728.491935

6127.907479

4746.327344

3582.469100

2661.555461

1923.914444

1392.102865

992.290223

741.394826

588.974065

516.962834

608.846740

13581.065611

110557.394609

205915.594977

107993.292668

193224.822966

51243.738685

1611.506901

261.615266

13.474925

0.285902

146682016806.155029

54982596.148607

54982596.573962

146682016815.127441

0.285902

13.474925

261.615266

1611.506901

51243.737971

193224.819739

107993.292091

205915.594083

110557.394742

13581.065625

608.846741

516.962834

588.974065

741.394826

992.290224

1392.102866

1923.914444

2661.555461

3582.469101

4746.327345

6127.907480

7728.491936

9479.361294

11305.860278

13319.159755

15901.675882

20325.357294

28611.690223

25461.404339

19550.409196

16513.947310

14626.927560

13084.425769

11442.819299

9694.288802

7934.886329

6276.068542

4824.365812

3578.548897

2585.937241

1809.903476

1248.727502

873.861813

608.143902

489.753646

397.619573

441.122877

3094.510565

3233226.310875

30166.331303

285970.153887

48555.843047

363770.007071

28093.589666

282978.581654

3.202851

42329450967.266022

26745814.589377

26745814.634398

42329450964.736671

3.202851

282978.590804

28093.589485

363770.004713

48555.842941

285970.152271

30166.331376

3233226.310977

3094.510565

441.122877

397.619573

489.753646

608.143902

873.861813

1248.727502

1809.903476

2585.937241

3578.548898

4824.365814

6276.068543

7934.886331

9694.288803

11442.819300

13084.425771

14626.927562

16513.947313

19550.409200

25461.404346

22238.929514

18612.379924

16766.353959

15720.142688

14696.940173

13444.827152

11875.051627

10112.563644

8306.118373

6566.373384

4995.379581

3650.205659

2552.268707

1755.570581

1155.755062

811.546789

543.266374

440.214875

344.936502

315.916842

361.860908

4010.589089

141049.664102

3611.602833

100101.958317

3751.988871

68858.302820

316.334015

31.161440

21318246791.600224

21318246786.234131

31.161440

316.334015

68858.302786

3751.988886

100101.958839

3611.602851

141049.663779

4010.589099

361.860908

315.916842

344.936502

440.214875

543.266374

811.546789

1155.755062

1755.570581

2552.268708

3650.205660

4995.379582

6566.373386

8306.118375

10112.563645

11875.051629

13444.827154

14696.940175

15720.142690

16766.353961

18612.379927

22238.929519

19429.112181

17508.106185

16812.333835

16468.915200

16063.234317

15263.408716

14066.441294

12513.278119

10750.046154

8870.434992

7035.989977

5284.962132

3837.818483

2605.662005

1794.605330

1157.700744

830.681619

569.409205

484.473442

472.787489

445.460779

234.742105

210.806220

188.082702

122.898892

395.648565

926.035773

561.546685

44.937119

0.867536

0.867536

44.937119

561.546686

926.035773

395.648566

122.898892

188.082702

210.806220

234.742105

445.460779

472.787489

484.473442

569.409205

830.681619

1157.700744

1794.605330

2605.662005

3837.818484

5284.962133

7035.989979

8870.434994

10750.046157

12513.278121

14066.441297

15263.408719

16063.234319

16468.915202

16812.333838

17508.106188

19429.112184

17007.049103

16475.316817

16597.685894

16938.366233

17037.549647

16768.567346

16029.194152

14908.310869

13404.259275

11673.823675

9672.760831

7729.805507

5737.904008

4181.962743

2802.053768

1955.645632

1285.192846

952.592676

737.401097

658.545552

629.533586

947.556244

2569.709946

992.497113

356.602392

361.054478

491.242883

73.101495

29.336989

392.999000

392.999000

29.336989

73.101495

491.242883

361.054478

356.602392

992.497113

2569.709947

947.556245

629.533586

658.545552

737.401097

952.592676

1285.192846

1955.645633

2802.053768

4181.962745

5737.904009

7729.805509

9672.760834

11673.823679

13404.259278

14908.310873

16029.194156

16768.567349

17037.549649

16938.366236

16597.685897

16475.316819

17007.049105

15108.550353

15449.794405

16275.618509

17075.997206

17650.430694

17820.835507

17623.306988

17004.249847

16047.966571

14601.352514

12898.437473

10701.439109

8614.773164

6348.292375

4647.720507

3125.659705

2191.702026

1500.890018

1121.905516

897.958825

886.938530

1198.902157

1297.558713

1348.765753

874.853229

809.540305

361.846576

453.958323

4039.099180

2379.332380

2379.332382

4039.099189

453.958323

361.846576

809.540306

874.853229

1348.765753

1297.558713

1198.902157

886.938530

897.958825

1121.905516

1500.890018

2191.702026

3125.659706

4647.720508

6348.292377

8614.773167

10701.439112

12898.437477

14601.352519

16047.966576

17004.249852

17623.306992

17820.835510

17650.430697

17075.997208

16275.618511

15449.794406

15108.550354

13553.432815

14571.310645

15820.736119

17005.773228

17883.720119

18453.427846

18695.289004

18664.383740

18222.777601

17434.869188

15973.668364

14211.191502

11750.336652

9442.905494

6921.586554

5005.390584

3365.454756

2299.696207

1567.011274

1161.334551

979.525493

863.052303

902.745538

861.650232

1068.386288

1038.159889

1638.072129

6342.732738

21067.110315

21511.577605

21511.577621

21067.110432

6342.732756

1638.072130

1038.159889

1068.386289

861.650233

902.745538

863.052303

979.525493

1161.334551

1567.011274

2299.696207

3365.454756

5005.390584

6921.586555

9442.905497

11750.336657

14211.191507

15973.668370

17434.869194

18222.777607

18664.383745

18695.289009

18453.427849

17883.720122

17005.773230

15820.736121

14571.310646

13553.432817

12349.074750

13760.302148

15361.163433

16759.240912

17857.279833

18672.562519

19273.521773

19642.788880

19772.602710

19428.117895

18665.786355

17069.368742

15099.596776

12376.269852

9764.029189

7049.547067

4902.042309

3201.048940

2100.316054

1421.746835

1008.728072

812.933155

691.603762

734.773188

821.584040

1342.996559

3135.866739

8937.785280

189262.828853

122558.841589

122558.841880

189262.829943

8937.785332

3135.866747

1342.996560

821.584041

734.773188

691.603762

812.933155

1008.728072

1421.746835

2100.316053

3201.048940

4902.042309

7049.547069

9764.029192

12376.269856

15099.596782

17069.368749

18665.786363

19428.117903

19772.602717

19642.788886

19273.521777

18672.562522

17857.279835

16759.240913

15361.163434

13760.302149

12349.074751

11313.664519

13093.540028

14912.698604

16448.700934

17645.339227

18566.044927

19327.544390

19937.961266

20345.204999

20470.130821

20061.640752

19135.652972

17350.097497

15082.865501

12174.283943

9277.263344

6484.973597

4297.797120

2740.637120

1756.459027

1197.157973

869.570718

737.133545

692.148407

827.002316

1180.466635

2124.699827

6807.185973

60098.752639

219504.376187

219504.375651

60098.753228

6807.186013

2124.699831

1180.466636

827.002316

692.148407

737.133545

869.570718

1197.157973

1756.459026

2740.637119

4297.797120

6484.973597

9277.263346

12174.283947

15082.865507

17350.097504

19135.652981

20061.640760

20470.130829

20345.205005

19937.961272

19327.544394

18566.044930

17645.339229

16448.700936

14912.698605

13093.540029

11313.664520

10435.633557

12518.255093

14553.166781

16162.866213

17290.652853

18171.519680

18877.379352

19525.086635

20031.183609

20349.104520

20325.969640

19787.806360

18636.914247

16721.086292

14205.813869

11231.397162

8244.625031

5620.322209

3642.775628

2355.775735

1563.592879

1139.325074

904.816637

849.549635

906.542367

1172.377670

1615.315694

2256.419179

3434.939949

3805.323472

3805.323477

3434.939955

2256.419181

1615.315695

1172.377670

906.542368

849.549635

904.816637

1139.325074

1563.592878

2355.775734

3642.775628

5620.322209

8244.625032

11231.397165

14205.813874

16721.086298

18636.914255

19787.806368

20325.969648

20349.104528

20031.183616

19525.086640

18877.379356

18171.519683

17290.652855

16162.866214

14553.166782

12518.255093

10435.633558

9532.648724

12096.172627

14394.208949

15876.458301

16804.584815

17396.571802

17982.587835

18508.856797

19047.859059

19442.346971

19691.604038

19565.641749

18996.608181

17726.535412

15803.558339

13187.696949

10311.509183

7446.251060

5127.609428

3409.362298

2344.111112

1671.915362

1330.565062

1141.732742

1144.242699

1216.324688

1483.938638

1880.985900

2302.474820

2623.140770

2623.140769

2302.474819

1880.985899

1483.938638

1216.324688

1144.242699

1141.732742

1330.565062

1671.915362

2344.111112

3409.362298

5127.609428

7446.251060

10311.509185

13187.696953

15803.558344

17726.535419

18996.608188

19565.641757

19691.604045

19442.346978

19047.859064

18508.856802

17982.587839

17396.571804

16804.584816

15876.458301

14394.208950

12096.172628

9532.648725

8624.866549

11927.690342

14408.387181

15556.218702

15871.070635

16246.791198

16650.723762

17188.362034

17710.356168

18292.790834

18761.734477

19160.428100

19180.299794

18827.185599

17662.300105

15897.945355

13288.299262

10547.478560

7730.466295

5548.005456

3840.515387

2787.141176

2040.099946

1651.486793

1360.156161

1274.307616

1217.983428

1281.686414

1345.234428

1418.303238

1418.303238

1345.234428

1281.686414

1217.983428

1274.307616

1360.156161

1651.486793

2040.099946

2787.141176

3840.515388

5548.005457

7730.466297

10547.478563

13288.299266

15897.945360

17662.300111

18827.185606

19180.299801

19160.428106

18761.734483

18292.790839

17710.356173

17188.362038

16650.723765

16246.791199

15871.070636

15556.218703

14408.387181

11927.690342

8624.866550

7440.348829

12241.297995

14591.771004

14329.122611

14387.390499

14648.656954

15168.832385

15765.791850

16510.160814

17311.188981

18270.354163

19232.785682

20265.894418

20979.350294

21368.538410

20691.982096

19217.206598

16315.213062

13124.145741

9501.000105

6679.836365

4359.966401

2939.501989

1927.157921

1388.532129

1007.775286

824.016831

690.003849

637.401027

603.930802

603.930802

637.401027

690.003849

824.016831

1007.775286

1388.532129

1927.157922

2939.501990

4359.966403

6679.836369

9501.000110

13124.145749

16315.213072

19217.206609

20691.982107

21368.538420

20979.350304

20265.894426

19232.785689

18270.354169

17311.188986

16510.160817

15765.791853

15168.832387

14648.656955

14387.390499

14329.122612

14591.771004

12241.297996

7440.348830

6688.611781

13416.300498

12144.069735

11984.129358

12328.292056

12973.472141

13741.472210

14661.972050

15729.140546

17055.270512

18661.721567

20701.330276

23114.112353

25938.014889

28615.458942

30554.601859

30096.745988

26946.990709

20919.150952

14519.247876

8799.368939

5071.111356

2749.011950

1563.339109

890.990988

564.244574

370.592139

276.822448

220.388586

199.312552

199.312552

220.388586

276.822448

370.592139

564.244574

890.990988

1563.339109

2749.011951

5071.111358

8799.368944

14519.247887

20919.150970

26946.990733

30096.746015

30554.601885

28615.458964

25938.014905

23114.112365

20701.330284

18661.721573

17055.270516

15729.140548

14661.972051

13741.472211

12973.472142

12328.292057

11984.129359

12144.069735

13416.300498

6688.611781

4197.797090

6732.494553

7679.185025

9128.008657

10356.909036

11577.782939

12811.187863

14194.333065

15843.267104

17911.630325

20605.784543

24171.287698

28765.303867

34322.903163

39592.767634

42553.900800

40270.957932

33178.091942

23248.235393

14214.280309

7504.733943

3591.529473

1650.009531

763.945781

377.847363

196.071543

114.129402

71.803382

52.830507

44.440415

44.440415

52.830507

71.803382

114.129402

196.071543

377.847363

763.945781

1650.009532

3591.529474

7504.733947

14214.280316

23248.235405

33178.091962

40270.957963

42553.900840

39592.767672

34322.903192

28765.303885

24171.287709

20605.784549

17911.630329

15843.267106

14194.333066

12811.187863

11577.782939

10356.909036

9128.008657

7679.185025

6732.494554

4197.797090

