AXIS X

0.000000 0.000500 0.001000 0.001500 0.002000 0.002500 0.003000 0.003500 0.004000 0.004500 0.005000 0.005500 0.006000 0.006500 0.007000 0.007500 0.008000 0.008500 0.009000 0.009500 0.010000 0.010500 0.011000 0.011500 0.012000 0.012500 0.013000 0.013500 0.014000 0.014500 0.015000 0.015500 0.016000 0.016500 0.017000 0.017500 0.018000 0.018500 0.019000 0.019500 0.020000 0.020500 0.021000 0.021500 0.022000 0.022500 0.023000 0.023500 0.024000 0.024500 0.025000 0.025500 0.026000 0.026500 0.027000 0.027500 0.028000 0.028500 0.029000 0.029500 

AXIS Y

0.000000 0.000500 0.001000 0.001500 0.002000 0.002500 0.003000 0.003500 0.004000 0.004500 0.005000 0.005500 0.006000 0.006500 0.007000 0.007500 0.008000 0.008500 0.009000 0.009500 0.010000 0.010500 0.011000 0.011500 0.012000 0.012500 0.013000 0.013500 0.014000 0.014500 0.015000 0.015500 0.016000 0.016500 0.017000 0.017500 0.018000 0.018500 0.019000 0.019500 0.020000 0.020500 0.021000 0.021500 0.022000 0.022500 0.023000 0.023500 0.024000 0.024500 0.025000 0.025500 0.026000 0.026500 0.027000 0.027500 0.028000 0.028500 0.029000 0.029500 



DATA
8.238728

6.942157

7.558583

8.567794

8.985027

8.896229

8.740638

8.996630

9.510958

9.566602

8.908465

8.092539

7.883011

8.290793

8.638113

8.614701

8.699932

9.411607

10.385285

10.906179

10.658200

9.890470

9.014144

8.496236

8.630366

9.068040

8.805270

8.530657

8.808717

10.330315

10.330315

8.808717

8.530657

8.805270

9.068040

8.630366

8.496236

9.014144

9.890470

10.658200

10.906179

10.385285

9.411607

8.699932

8.614701

8.638113

8.290793

7.883011

8.092539

8.908465

9.566602

9.510958

8.996630

8.740638

8.896229

8.985027

8.567794

7.558583

6.942157

8.238728

6.969241

9.026923

9.771465

9.357424

8.924581

8.960503

9.638497

10.368513

10.239451

9.227654

8.248647

8.275984

8.959266

9.088737

8.370983

7.909753

8.575646

9.479572

9.769813

9.606020

9.543143

9.543951

9.541693

9.311099

8.695739

6.980102

5.873472

8.766552

10.290948

9.075305

9.075305

10.290948

8.766552

5.873472

6.980102

8.695739

9.311099

9.541693

9.543951

9.543143

9.606020

9.769813

9.479572

8.575646

7.909753

8.370983

9.088737

8.959266

8.275984

8.248647

9.227654

10.239451

10.368513

9.638497

8.960503

8.924581

9.357424

9.771465

9.026923

6.969241

7.561938

9.706249

10.032199

9.484244

9.077484

9.027677

9.427581

9.777391

9.389493

8.377722

7.818876

8.279059

8.561252

7.782221

7.060482

7.706725

8.817517

9.116488

8.907742

9.056099

9.347212

9.336436

9.019276

8.680298

7.956618

7.347830

8.423837

10.887952

5.736165

10.474267

10.474267

5.736165

10.887952

8.423837

7.347830

7.956618

8.680298

9.019276

9.336436

9.347212

9.056099

8.907742

9.116488

8.817517

7.706725

7.060482

7.782221

8.561252

8.279059

7.818876

8.377722

9.389493

9.777391

9.427581

9.027677

9.077484

9.484244

10.032199

9.706249

7.561938

8.462439

8.997370

9.332492

9.419482

8.872139

8.141150

8.203823

8.625641

8.466396

7.824179

7.623842

7.783390

7.453435

7.044383

7.610544

8.753980

9.287742

9.304339

9.646158

10.101453

9.944882

9.202018

8.574971

8.091439

8.032725

8.332608

10.530130

9.647816

6.851038

10.380781

10.380781

6.851038

9.647816

10.530130

8.332608

8.032725

8.091439

8.574971

9.202018

9.944882

10.101453

9.646158

9.304339

9.287742

8.753980

7.610544

7.044383

7.453435

7.783390

7.623842

7.824179

8.466396

8.625641

8.203823

8.141150

8.872139

9.419482

9.332492

8.997370

8.462439

8.627157

8.492236

9.295779

9.372187

8.133638

7.300948

7.863425

8.439819

8.169337

7.567914

7.602448

8.022749

8.216706

8.449769

9.096422

9.522390

9.637524

10.251591

11.107512

11.166636

10.204837

9.160069

8.537101

8.221371

7.304524

8.212029

9.029478

7.952854

6.700457

9.849674

9.849674

6.700457

7.952854

9.029478

8.212029

7.304524

8.221371

8.537101

9.160069

10.204837

11.166636

11.107512

10.251591

9.637524

9.522390

9.096422

8.449769

8.216706

8.022749

7.602448

7.567914

8.169337

8.439819

7.863425

7.300948

8.133638

9.372187

9.295779

8.492236

8.627157

8.367401

8.952462

9.883760

9.042724

7.512469

7.672057

8.890507

9.110438

8.133612

7.576109

8.474884

9.493932

9.586997

9.511373

9.549776

9.344381

9.704408

11.026869

11.944848

11.281876

9.618595

8.376481

8.123316

7.260640

6.052376

7.411071

9.133706

7.569666

9.559834

8.589367

8.589367

9.559834

7.569666

9.133706

7.411071

6.052376

7.260640

8.123316

8.376481

9.618595

11.281876

11.944848

11.026869

9.704408

9.344381

9.549776

9.511373

9.586997

9.493932

8.474884

7.576109

8.133612

9.110438

8.890507

7.672057

7.512469

9.042724

9.883760

8.952462

8.367401

8.326956

9.846809

10.045827

8.462914

7.615729

8.726552

9.836121

9.288034

8.132345

8.404104

9.570823

9.837257

9.196292

9.007922

9.016653

8.934576

9.516096

10.894719

11.348381

10.124797

8.219490

7.193556

7.426095

7.964634

7.099108

7.689874

9.006343

8.546544

7.303051

9.205813

9.205813

7.303051

8.546544

9.006343

7.689874

7.099108

7.964634

7.426095

7.193556

8.219490

10.124797

11.348381

10.894719

9.516096

8.934576

9.016653

9.007922

9.196292

9.837257

9.570823

8.404104

8.132345

9.288034

9.836121

8.726552

7.615729

8.462914

10.045827

9.846809

8.326956

8.766530

10.121390

9.357055

8.118849

8.266144

9.249602

9.358132

8.522082

8.579437

9.479382

9.480065

8.207265

7.327456

8.115983

8.948905

8.954888

8.949526

9.613896

9.833459

9.056492

7.803700

7.010002

8.014416

8.223466

6.344674

6.482725

8.365675

9.462030

7.771723

9.417199

9.417199

7.771723

9.462030

8.365675

6.482725

6.344674

8.223466

8.014416

7.010002

7.803700

9.056492

9.833459

9.613896

8.949526

8.954888

8.948905

8.115983

7.327456

8.207265

9.480065

9.479382

8.579437

8.522082

9.358132

9.249602

8.266144

8.118849

9.357055

10.121390

8.766530

9.332220

9.470296

8.426030

8.350116

9.003323

8.867695

7.876875

7.794686

9.189336

9.834916

8.507109

6.642598

6.943636

8.733532

9.638676

9.139452

8.310405

8.578186

9.241115

9.197869

8.271288

6.795260

6.076974

5.970614

6.864639

8.033415

8.213844

9.414902

6.740363

10.282493

10.282493

6.740363

9.414902

8.213844

8.033415

6.864639

5.970614

6.076974

6.795260

8.271288

9.197869

9.241115

8.578186

8.310405

9.139452

9.638676

8.733532

6.943636

6.642598

8.507109

9.834916

9.189336

7.794686

7.876875

8.867695

9.003323

8.350116

8.426030

9.470296

9.332220

9.456125

8.636707

8.173108

8.910278

9.278346

8.170903

7.112355

7.856782

9.453488

9.506052

8.113937

7.688448

8.780396

9.807321

9.906584

9.068656

8.435393

8.823828

9.288848

9.123330

8.212710

5.754565

4.822438

5.909263

7.041921

8.691334

8.967798

8.258454

6.978178

10.789121

10.789121

6.978178

8.258454

8.967798

8.691334

7.041921

5.909263

4.822438

5.754565

8.212710

9.123330

9.288848

8.823828

8.435393

9.068656

9.906584

9.807321

8.780396

7.688448

8.113937

9.506052

9.453488

7.856782

7.112355

8.170903

9.278346

8.910278

8.173108

8.636707

9.456125

9.010729

8.650425

8.689323

9.081292

8.856003

7.927605

7.679997

8.427480

9.320867

9.120137

8.932089

9.722880

10.159072

9.681975

8.953181

8.764495

9.254102

9.382514

8.823890

8.638109

8.363427

7.398413

7.055451

5.789824

5.829028

8.059843

10.079315

8.313581

5.668884

11.761624

11.761624

5.668884

8.313581

10.079315

8.059843

5.829028

5.789824

7.055451

7.398413

8.363427

8.638109

8.823890

9.382514

9.254102

8.764495

8.953181

9.681975

10.159072

9.722880

8.932089

9.120137

9.320867

8.427480

7.679997

7.927605

8.856003

9.081292

8.689323

8.650425

9.010729

8.448664

9.422712

9.218857

8.651485

8.098903

8.113972

8.594586

8.821882

8.839841

8.883077

9.682203

10.528148

9.897158

8.195671

7.634706

8.859501

9.916604

9.255554

8.253451

8.753376

9.837209

10.254427

8.914941

6.041827

5.993411

8.843032

11.393014

8.759049

5.343230

12.467226

12.467226

5.343230

8.759049

11.393014

8.843032

5.993411

6.041827

8.914941

10.254427

9.837209

8.753376

8.253451

9.255554

9.916604

8.859501

7.634706

8.195671

9.897158

10.528148

9.682203

8.883077

8.839841

8.821882

8.594586

8.113972

8.098903

8.651485

9.218857

9.422712

8.448664

8.364361

10.042428

9.483903

8.164262

7.408731

8.218747

9.065707

8.844075

8.388375

8.668051

9.562632

9.806944

8.615601

7.292483

7.610936

9.060194

9.422410

8.448003

8.074100

9.259917

10.540059

10.814943

8.927674

6.794153

7.657154

9.334051

11.311452

7.956418

5.604258

11.571294

11.571294

5.604258

7.956418

11.311452

9.334051

7.657154

6.794153

8.927674

10.814943

10.540059

9.259917

8.074100

8.448003

9.422410

9.060194

7.610936

7.292483

8.615601

9.806944

9.562632

8.668051

8.388375

8.844075

9.065707

8.218747

7.408731

8.164262

9.483903

10.042428

8.364361

8.640300

10.168008

9.750035

8.047251

6.941540

8.173804

9.071819

8.892900

8.466577

8.557172

8.885779

8.649071

8.234594

8.064265

8.210194

8.473414

8.262953

7.931610

8.383003

9.227951

10.124140

10.662390

9.070613

6.692031

7.704600

9.684683

9.668242

8.362472

7.058974

10.578009

10.578009

7.058974

8.362472

9.668242

9.684683

7.704600

6.692031

9.070613

10.662390

10.124140

9.227951

8.383003

7.931610

8.262953

8.473414

8.210194

8.064265

8.234594

8.649071

8.885779

8.557172

8.466577

8.892900

9.071819

8.173804

6.941540

8.047251

9.750035

10.168008

8.640300

8.716913

10.137093

10.105162

8.024421

6.735131

8.032834

9.083607

9.521689

9.080730

8.704084

8.500769

8.497506

8.914170

8.737927

8.042533

8.191995

8.658441

8.770029

8.775314

9.126828

10.158177

10.344515

7.878294

5.782963

8.391925

11.218978

10.657691

6.436839

7.276112

10.407912

10.407912

7.276112

6.436839

10.657691

11.218978

8.391925

5.782963

7.878294

10.344515

10.158177

9.126828

8.775314

8.770029

8.658441

8.191995

8.042533

8.737927

8.914170

8.497506

8.500769

8.704084

9.080730

9.521689

9.083607

8.032834

6.735131

8.024421

10.105162

10.137093

8.716913

8.571549

10.292007

10.313316

7.879882

6.690616

7.798643

9.542518

10.643340

9.981179

9.119152

8.773813

8.919432

9.050115

8.172373

8.196910

9.882846

10.521995

9.728250

8.688266

8.881598

10.544764

9.768946

8.036985

7.638609

6.803765

8.692966

9.360242

9.259014

6.190053

9.800625

9.800625

6.190053

9.259014

9.360242

8.692966

6.803765

7.638609

8.036985

9.768946

10.544764

8.881598

8.688266

9.728250

10.521995

9.882846

8.196910

8.172373

9.050115

8.919432

8.773813

9.119152

9.981179

10.643340

9.542518

7.798643

6.690616

7.879882

10.313316

10.292007

8.571549

8.591670

10.382885

10.179841

7.981234

6.883530

7.663395

10.042885

11.510264

10.603389

9.459298

9.168508

9.128124

8.252113

7.774834

9.549151

11.752423

11.641428

9.407498

7.376464

8.587437

9.902217

11.659454

9.100420

5.043476

5.534953

12.254742

20.587121

20.252729

21.985855

27.334188

27.334188

21.985855

20.252729

20.587121

12.254742

5.534953

5.043476

9.100420

11.659454

9.902217

8.587437

7.376464

9.407498

11.641428

11.752423

9.549151

7.774834

8.252113

9.128124

9.168508

9.459298

10.603389

11.510264

10.042885

7.663395

6.883530

7.981234

10.179841

10.382885

8.591670

8.914080

9.848348

9.726020

8.538190

7.534151

7.766298

10.019789

11.432841

10.493592

9.344646

9.341298

9.074987

7.965701

8.667322

10.582179

12.270734

11.148219

7.821488

6.554646

8.829249

11.330708

10.585117

4.420680

6.948747

19.117297

24.964007

26.504012

28.584071

29.661552

24.432073

24.432073

29.661552

28.584071

26.504012

24.964007

19.117297

6.948747

4.420680

10.585117

11.330708

8.829249

6.554646

7.821488

11.148219

12.270734

10.582179

8.667322

7.965701

9.074987

9.341298

9.344646

10.493592

11.432841

10.019789

7.766298

7.534151

8.538190

9.726020

9.848348

8.914080

9.315749

8.583104

9.034983

9.114969

8.455875

8.124010

9.607903

10.612631

9.798083

8.901705

9.171265

9.213619

9.000248

9.834620

10.615974

11.239783

9.523061

6.957561

7.926813

9.886283

9.539653

4.810713

14.243668

20.624965

24.401156

28.281630

29.023407

29.316993

26.925815

23.767709

23.767709

26.925815

29.316993

29.023407

28.281630

24.401156

20.624965

14.243668

4.810713

9.539653

9.886283

7.926813

6.957561

9.523061

11.239783

10.615974

9.834620

9.000248

9.213619

9.171265

8.901705

9.798083

10.612631

9.607903

8.124010

8.455875

9.114969

9.034983

8.583104

9.315749

9.592297

7.335314

8.277861

9.312982

9.083304

8.581534

9.392713

9.905369

9.174921

8.398624

8.840911

9.725275

10.054370

10.236227

9.858914

9.813313

8.156227

7.957962

9.173112

7.794574

4.452914

15.528702

20.687234

25.255315

27.019986

27.142543

27.849333

27.088175

25.738106

26.281343

26.281343

25.738106

27.088175

27.849333

27.142543

27.019986

25.255315

20.687234

15.528702

4.452914

7.794574

9.173112

7.957962

8.156227

9.813313

9.858914

10.236227

10.054370

9.725275

8.840911

8.398624

9.174921

9.905369

9.392713

8.581534

9.083304

9.312982

8.277861

7.335314

9.592297

9.762510

7.105022

7.925464

9.063232

9.129626

8.890035

9.580080

9.855396

8.977164

7.998666

8.611358

9.913257

10.033113

9.781639

9.501646

9.174816

8.163298

7.958137

7.581934

2.579744

15.175510

20.480340

24.097698

25.997477

26.518227

26.009457

25.214594

25.283410

26.466423

27.533695

27.533695

26.466423

25.283410

25.214594

26.009457

26.518227

25.997477

24.097698

20.480340

15.175510

2.579744

7.581934

7.958137

8.163298

9.174816

9.501646

9.781639

10.033113

9.913257

8.611358

7.998666

8.977164

9.855396

9.580080

8.890035

9.129626

9.063232

7.925464

7.105022

9.762510

9.884283

7.907772

8.292752

8.786123

8.847530

9.020003

9.877756

10.101667

8.957415

7.920201

8.674569

9.436204

9.196313

9.190550

10.382107

10.142542

5.218911

7.179427

3.018374

13.168768

19.935594

23.823355

25.988656

26.248637

25.240142

24.054739

23.804580

25.129323

27.653242

27.622534

27.622534

27.653242

25.129323

23.804580

24.054739

25.240142

26.248637

25.988656

23.823355

19.935594

13.168768

3.018374

7.179427

5.218911

10.142542

10.382107

9.190550

9.196313

9.436204

8.674569

7.920201

8.957415

10.101667

9.877756

9.020003

8.847530

8.786123

8.292752

7.907772

9.884283

9.891370

8.724324

9.027227

9.007406

8.796510

9.016589

9.879657

9.899568

8.730911

8.180207

9.039503

9.013043

8.545890

9.475216

11.463099

10.822496

5.861916

5.082169

11.172725

18.513874

23.660675

26.544012

26.898223

25.720591

24.011926

22.905246

23.318946

25.706053

28.619203

27.052409

27.052409

28.619203

25.706053

23.318946

22.905246

24.011926

25.720591

26.898223

26.544012

23.660675

18.513874

11.172725

5.082169

5.861916

10.822496

11.463099

9.475216

8.545890

9.013043

9.039503

8.180207

8.730911

9.899568

9.879657

9.016589

8.796510

9.007406

9.027227

8.724324

9.891370

9.707503

8.734012

9.456636

9.607438

9.171077

8.969457

9.388136

9.056111

8.203908

8.432103

9.647963

9.437399

8.923677

10.524676

12.056473

8.732171

8.107860

1.916860

14.455842

22.114799

26.635745

27.827754

26.746330

24.587668

22.718743

22.148583

23.642251

26.564376

29.028979

26.695711

26.695711

29.028979

26.564376

23.642251

22.148583

22.718743

24.587668

26.746330

27.827754

26.635745

22.114799

14.455842

1.916860

8.107860

8.732171

12.056473

10.524676

8.923677

9.437399

9.647963

8.432103

8.203908

9.056111

9.388136

8.969457

9.171077

9.607438

9.456636

8.734012

9.707503

9.461787

7.831609

9.210643

9.943529

9.543394

8.994534

8.858195

8.236500

7.666513

8.433017

10.283927

10.424326

9.902899

11.276737

11.833842

8.195714

5.788382

9.918401

18.376851

24.746515

28.101617

27.821831

25.517978

22.930113

21.464682

22.078439

24.555517

27.603466

28.968468

26.359520

26.359520

28.968468

27.603466

24.555517

22.078439

21.464682

22.930113

25.517978

27.821831

28.101617

24.746515

18.376851

9.918401

5.788382

8.195714

11.833842

11.276737

9.902899

10.424326

10.283927

8.433017

7.666513

8.236500

8.858195

8.994534

9.543394

9.943529

9.210643

7.831609

9.461787

9.386236

6.749507

8.438170

9.628077

9.400766

8.958612

8.926288

8.377615

7.423760

8.125856

10.446728

10.965170

10.579218

11.028084

10.190427

8.547747

1.531512

12.049759

21.186830

26.789157

28.254796

26.724578

23.663261

21.194275

20.822830

22.734088

25.872696

28.304582

28.226019

26.285943

26.285943

28.226019

28.304582

25.872696

22.734088

20.822830

21.194275

23.663261

26.724578

28.254796

26.789157

21.186830

12.049759

1.531512

8.547747

10.190427

11.028084

10.579218

10.965170

10.446728

8.125856

7.423760

8.377615

8.926288

8.958612

9.400766

9.628077

8.438170

6.749507

9.386236

9.462238

6.573495

7.875392

8.940033

8.764064

8.758418

9.577616

9.387113

7.695721

7.793004

10.036294

10.862412

10.512535

10.353546

7.832517

7.153769

10.027878

14.434992

22.347032

27.308519

27.647575

25.067851

21.813165

20.033560

20.881229

23.790610

26.857691

28.406142

27.524438

25.999321

25.999321

27.524438

28.406142

26.857691

23.790610

20.881229

20.033560

21.813165

25.067851

27.647575

27.308519

22.347032

14.434992

10.027878

7.153769

7.832517

10.353546

10.512535

10.862412

10.036294

7.793004

7.695721

9.387113

9.577616

8.758418

8.764064

8.940033

7.875392

6.573495

9.462238

9.432446

7.485967

8.138228

8.561665

8.148626

8.542168

10.161547

10.300042

8.407238

8.013550

9.731743

10.536473

10.212713

9.918785

7.889693

6.400554

10.191544

15.928089

23.247959

26.807779

26.472535

23.581560

20.599535

19.653097

21.407058

24.534602

27.244424

28.138693

27.022088

26.172696

26.172696

27.022088

28.138693

27.244424

24.534602

21.407058

19.653097

20.599535

23.581560

26.472535

26.807779

23.247959

15.928089

10.191544

6.400554

7.889693

9.918785

10.212713

10.536473

9.731743

8.013550

8.407238

10.300042

10.161547

8.542168

8.148626

8.561665

8.138228

7.485967

9.432446

9.220375

8.616853

8.902733

8.802239

8.010623

8.419308

10.121054

10.431220

9.160768

8.759063

9.910907

10.386680

10.067035

10.263507

8.931051

4.931148

9.779607

16.367003

23.133818

26.088903

25.351071

22.702676

20.256073

19.895088

21.847111

24.752657

26.956361

27.727912

27.154772

26.357686

26.357686

27.154772

27.727912

26.956361

24.752657

21.847111

19.895088

20.256073

22.702676

25.351071

26.088903

23.133818

16.367003

9.779607

4.931148

8.931051

10.263507

10.067035

10.386680

9.910907

8.759063

9.160768

10.431220

10.121054

8.419308

8.010623

8.802239

8.902733

8.616853

9.220375

8.959674

9.161882

9.412420

9.268074

8.366954

8.451517

9.537955

9.801877

9.565619

9.452223

10.216737

10.338835

10.034427

10.660482

9.537822

4.079137

10.026691

16.275525

22.373246

25.194159

24.730572

22.522529

20.533082

20.301500

21.983587

24.367653

26.319760

27.222897

27.383041

26.862339

26.862339

27.383041

27.222897

26.319760

24.367653

21.983587

20.301500

20.533082

22.522529

24.730572

25.194159

22.373246

16.275525

10.026691

4.079137

9.537822

10.660482

10.034427

10.338835

10.216737

9.452223

9.565619

9.801877

9.537955

8.451517

8.366954

9.268074

9.412420

9.161882

8.959674

8.791335

8.843835

9.278604

9.458079

8.774997

8.692288

9.017939

9.042041

9.582928

9.669521

10.231076

10.157372

9.793709

10.840675

10.159439

4.015674

10.633154

15.999180

21.681979

24.578024

24.545985

22.772190

21.000891

20.585073

21.792532

23.717475

25.498030

26.873358

27.535752

27.173730

27.173730

27.535752

26.873358

25.498030

23.717475

21.792532

20.585073

21.000891

22.772190

24.545985

24.578024

21.681979

15.999180

10.633154

4.015674

10.159439

10.840675

9.793709

10.157372

10.231076

9.669521

9.582928

9.042041

9.017939

8.692288

8.774997

9.458079

9.278604

8.843835

8.791335

8.687220

7.971879

8.668205

9.260998

8.912443

9.038559

9.120747

8.904163

9.459378

9.400129

9.899186

9.753058

9.442805

11.080036

10.673600

4.602773

11.333946

15.869645

21.182554

24.337152

24.597264

23.135142

21.394776

20.750980

21.461005

23.057604

24.899610

26.422083

27.581707

26.801592

26.801592

27.581707

26.422083

24.899610

23.057604

21.461005

20.750980

21.394776

23.135142

24.597264

24.337152

21.182554

15.869645

11.333946

4.602773

10.673600

11.080036

9.442805

9.753058

9.899186

9.400129

9.459378

8.904163

9.120747

9.038559

8.912443

9.260998

8.668205

7.971879

8.687220

8.578030

7.174671

8.204683

8.946229

8.737082

9.296300

9.681159

9.422886

9.377421

8.841381

9.397037

9.191134

9.280334

11.490204

10.854933

5.669291

12.185834

15.527367

20.807217

24.155538

24.735079

23.457652

21.754863

20.843294

21.286111

22.603794

24.400012

26.312498

26.967859

26.548104

26.548104

26.967859

26.312498

24.400012

22.603794

21.286111

20.843294

21.754863

23.457652

24.735079

24.155538

20.807217

15.527367

12.185834

5.669291

10.854933

11.490204

9.280334

9.191134

9.397037

8.841381

9.377421

9.422886

9.681159

9.296300

8.737082

8.946229

8.204683

7.174671

8.578030

8.474582

6.868365

8.268317

8.805558

8.384539

9.244991

10.087885

9.859630

9.178497

8.277461

8.832767

8.476494

9.186263

11.741008

11.140644

6.392055

12.327920

15.126782

20.394256

23.927820

24.848172

23.753479

22.064857

21.127127

21.242656

22.454561

24.224755

25.868598

27.337794

25.620775

25.620775

27.337794

25.868598

24.224755

22.454561

21.242656

21.127127

22.064857

23.753479

24.848172

23.927820

20.394256

15.126782

12.327920

6.392055

11.140644

11.741008

9.186263

8.476494

8.832767

8.277461

9.178497

9.859630

10.087885

9.244991

8.384539

8.805558

8.268317

6.868365

8.474582

8.465747

6.897565

8.543310

8.886661

8.210734

9.058537

9.995067

9.638859

8.543064

7.782881

8.382311

7.511487

8.797558

11.480843

11.908599

7.420547

3.193172

14.612533

19.771419

23.570275

24.773616

24.006899

22.478732

21.354967

21.541408

22.416115

24.057371

26.059777

26.468657

25.638590

25.638590

26.468657

26.059777

24.057371

22.416115

21.541408

21.354967

22.478732

24.006899

24.773616

23.570275

19.771419

14.612533

3.193172

7.420547

11.908599

11.480843

8.797558

7.511487

8.382311

7.782881

8.543064

9.638859

9.995067

9.058537

8.210734

8.886661

8.543310

6.897565

8.465747

8.556026

6.918420

8.552949

9.040719

8.521248

9.196057

9.753732

8.999148

7.603439

7.293508

8.263572

6.489081

7.887487

10.687496

12.318925

9.008605

4.216125

14.109105

18.763656

22.828491

24.566031

24.195773

22.689807

21.737654

21.509966

22.568839

23.924376

25.477124

27.378634

24.664356

24.664356

27.378634

25.477124

23.924376

22.568839

21.509966

21.737654

22.689807

24.195773

24.566031

22.828491

18.763656

14.109105

4.216125

9.008605

12.318925

10.687496

7.887487

6.489081

8.263572

7.293508

7.603439

8.999148

9.753732

9.196057

8.521248

9.040719

8.552949

6.918420

8.556026

8.611351

6.865657

8.273545

9.138032

9.068540

9.671926

9.814964

8.727328

7.214034

7.097308

8.551528

5.956892

6.702981

9.423657

12.251668

10.958199

6.505150

5.787114

17.760267

21.857885

24.055057

24.078156

22.848005

21.560829

21.607193

21.988501

23.706128

25.327586

25.410342

25.534470

25.534470

25.410342

25.327586

23.706128

21.988501

21.607193

21.560829

22.848005

24.078156

24.055057

21.857885

17.760267

5.787114

6.505150

10.958199

12.251668

9.423657

6.702981

5.956892

8.551528

7.097308

7.214034

8.727328

9.814964

9.671926

9.068540

9.138032

8.273545

6.865657

8.611351

8.480764

6.968865

8.097370

9.157624

9.317785

9.903468

10.000982

9.051674

7.856217

7.625290

9.111876

6.688370

6.027847

8.131938

11.273174

11.174930

7.956952

5.198031

16.588918

20.330193

23.166713

23.652574

22.565476

21.420050

20.839364

21.875157

22.522010

24.443621

26.056170

25.138354

25.138354

26.056170

24.443621

22.522010

21.875157

20.839364

21.420050

22.565476

23.652574

23.166713

20.330193

16.588918

5.198031

7.956952

11.174930

11.273174

8.131938

6.027847

6.688370

9.111876

7.625290

7.856217

9.051674

10.000982

9.903468

9.317785

9.157624

8.097370

6.968865

8.480764

8.147038

7.362345

8.332399

9.156416

9.052301

9.508294

9.899076

9.539209

8.935055

8.491724

9.617235

8.227376

6.907502

7.607964

9.619503

10.327258

9.583695

5.731346

7.057599

18.929784

21.371161

22.885287

22.116098

20.876292

20.713731

20.933200

22.612743

22.613400

23.393545

26.616271

26.616271

23.393545

22.613400

22.612743

20.933200

20.713731

20.876292

22.116098

22.885287

21.371161

18.929784

7.057599

5.731346

9.583695

10.327258

9.619503

7.607964

6.907502

8.227376

9.617235

8.491724

8.935055

9.539209

9.899076

9.508294

9.052301

9.156416

8.332399

7.362345

8.147038

7.806010

7.829598

8.794094

9.153545

8.566502

8.725697

9.463285

9.747086

9.611903

9.079961

9.685357

9.425297

8.496544

8.413543

8.606219

9.537679

9.390693

6.809716

5.436495

9.630763

19.929706

21.174698

21.549371

20.505696

20.436879

21.527587

21.760368

23.136862

22.131218

25.946685

25.946685

22.131218

23.136862

21.760368

21.527587

20.436879

20.505696

21.549371

21.174698

19.929706

9.630763

5.436495

6.809716

9.390693

9.537679

8.606219

8.413543

8.496544

9.425297

9.685357

9.079961

9.611903

9.747086

9.463285

8.725697

8.566502

9.153545

8.794094

7.829598

7.806010

7.727662

8.059556

9.013856

9.036277

8.227628

8.189216

8.996796

9.607517

9.691742

9.153656

9.291098

9.449260

9.149574

9.251798

8.627918

9.537833

9.427380

8.370948

5.315923

8.530375

12.783334

20.959713

19.990116

20.127067

20.749660

21.668949

22.061225

21.212174

23.854959

25.190555

25.190555

23.854959

21.212174

22.061225

21.668949

20.749660

20.127067

19.990116

20.959713

12.783334

8.530375

5.315923

8.370948

9.427380

9.537833

8.627918

9.251798

9.149574

9.449260

9.291098

9.153656

9.691742

9.607517

8.996796

8.189216

8.227628

9.036277

9.013856

8.059556

7.727662

7.958363

8.023921

8.791210

8.700148

8.059502

8.157687

8.827760

9.373295

9.606811

9.158881

8.764208

8.466406

8.269294

8.864781

8.761317

9.951625

10.359902

9.347351

6.870001

6.345749

13.231615

17.427028

21.394939

19.231215

19.863115

21.214502

21.162301

18.816245

18.750379

25.156874

25.156874

18.750379

18.816245

21.162301

21.214502

19.863115

19.231215

21.394939

17.427028

13.231615

6.345749

6.870001

9.347351

10.359902

9.951625

8.761317

8.864781

8.269294

8.466406

8.764208

9.158881

9.606811

9.373295

8.827760

8.157687

8.059502

8.700148

8.791210

8.023921

7.958363

8.294026

7.967325

8.484909

8.311909

7.804561

8.185085

8.813159

9.225941

9.660119

9.538071

8.693620

7.525171

6.755629

7.476500

8.458707

9.890207

11.047228

10.096224

8.542706

6.373481

9.360900

16.879256

19.525555

15.490643

19.025576

19.527211

17.273331

15.639124

20.089197

20.331102

20.331102

20.089197

15.639124

17.273331

19.527211

19.025576

15.490643

19.525555

16.879256

9.360900

6.373481

8.542706

10.096224

11.047228

9.890207

8.458707

7.476500

6.755629

7.525171

8.693620

9.538071

9.660119

9.225941

8.813159

8.185085

7.804561

8.311909

8.484909

7.967325

8.294026

8.579826

8.053546

8.531419

8.282967

7.461642

7.725114

8.537201

9.029203

9.740357

10.064079

9.209147

7.527486

6.254000

6.413214

7.910829

9.430103

10.877128

10.779984

9.250133

7.947001

7.223797

11.153781

17.045140

17.829783

14.937803

13.624883

15.552934

17.529394

13.108581

23.748338

23.748338

13.108581

17.529394

15.552934

13.624883

14.937803

17.829783

17.045140

11.153781

7.223797

7.947001

9.250133

10.779984

10.877128

9.430103

7.910829

6.413214

6.254000

7.527486

9.209147

10.064079

9.740357

9.029203

8.537201

7.725114

7.461642

8.282967

8.531419

8.053546

8.579826

8.897364

8.164905

8.737721

8.666679

7.503726

7.060387

7.858506

8.624196

9.505247

10.273976

9.747352

8.342973

7.072197

6.678422

7.597670

8.878145

10.449067

11.055211

10.017414

8.656326

7.788703

9.144510

10.921086

11.115111

13.302414

14.241352

10.922164

11.600495

7.412995

8.133380

8.133380

7.412995

11.600495

10.922164

14.241352

13.302414

11.115111

10.921086

9.144510

7.788703

8.656326

10.017414

11.055211

10.449067

8.878145

7.597670

6.678422

7.072197

8.342973

9.747352

10.273976

9.505247

8.624196

7.858506

7.060387

7.503726

8.666679

8.737721

8.164905

8.897364

9.404533

8.130967

8.501000

8.905503

8.056102

7.154495

7.355841

8.172682

8.971909

9.898738

9.866511

8.986875

8.133048

7.311480

7.277716

8.528803

10.024080

11.127003

10.233537

9.122428

8.794673

9.641705

9.388219

7.697930

7.154042

10.512836

11.476124

13.024831

-1.323777

12.520973

12.520973

-1.323777

13.024831

11.476124

10.512836

7.154042

7.697930

9.388219

9.641705

8.794673

9.122428

10.233537

11.127003

10.024080

8.528803

7.277716

7.311480

8.133048

8.986875

9.866511

9.898738

8.971909

8.172682

7.355841

7.154495

8.056102

8.905503

8.501000

8.130967

9.404533

9.981906

8.139852

7.780826

8.606713

8.611902

8.020689

7.635892

8.025628

8.575890

9.242914

9.453225

9.129548

8.799937

7.893109

6.773788

7.834334

9.617363

10.760133

10.127945

8.665133

9.595372

11.599590

12.630655

10.363442

7.343276

5.810449

6.673758

18.192589

16.957428

11.544469

11.544469

16.957428

18.192589

6.673758

5.810449

7.343276

10.363442

12.630655

11.599590

9.595372

8.665133

10.127945

10.760133

9.617363

7.834334

6.773788

7.893109

8.799937

9.129548

9.453225

9.242914

8.575890

8.025628

7.635892

8.020689

8.611902

8.606713

7.780826

8.139852

9.981906

10.181857

8.590439

7.472365

8.153820

8.808749

8.758256

8.270068

8.142109

8.565914

8.865516

8.841742

8.641676

9.099039

8.829639

7.296121

7.021907

8.942508

10.092520

9.566344

8.142547

8.927885

12.169585

15.358369

14.648720

7.466578

7.586483

-0.831296

8.219928

25.810264

28.025493

28.025493

25.810264

8.219928

-0.831296

7.586483

7.466578

14.648720

15.358369

12.169585

8.927885

8.142547

9.566344

10.092520

8.942508

7.021907

7.296121

8.829639

9.099039

8.641676

8.841742

8.865516

8.565914

8.142109

8.270068

8.758256

8.808749

8.153820

7.472365

8.590439

10.181857

9.638167

9.332830

8.307469

8.345357

8.875429

8.968044

8.678945

8.346468

8.880125

9.125326

8.700823

7.910864

8.670453

9.725447

8.995210

7.501254

8.368097

9.587014

9.017785

7.372562

7.450163

9.362907

13.825349

16.795691

15.042765

11.145815

6.890487

5.506260

7.257053

0.843825

0.843825

7.257053

5.506260

6.890487

11.145815

15.042765

16.795691

13.825349

9.362907

7.450163

7.372562

9.017785

9.587014

8.368097

7.501254

8.995210

9.725447

8.670453

7.910864

8.700823

9.125326

8.880125

8.346468

8.678945

8.968044

8.875429

8.345357

8.307469

9.332830

9.638167

8.391365

9.672143

9.589299

9.253920

9.256807

9.044877

8.777210

8.428153

9.159345

9.789267

9.271924

7.859726

7.750080

9.648027

10.187812

8.935278

8.292534

9.231335

9.256057

7.489004

5.802000

6.491686

7.783505

12.936983

16.030477

12.548526

9.224452

12.014157

14.376132

16.314999

16.314999

14.376132

12.014157

9.224452

12.548526

16.030477

12.936983

7.783505

6.491686

5.802000

7.489004

9.256057

9.231335

8.292534

8.935278

10.187812

9.648027

7.750080

7.859726

9.271924

9.789267

9.159345

8.428153

8.777210

9.044877

9.256807

9.253920

9.589299

9.672143

8.391365

7.205084

9.097211

10.063391

9.959517

9.714441

9.363309

8.921796

8.297240

8.748954

10.079341

10.043273

8.668227

7.246406

8.338563

9.847509

9.616625

8.765915

8.633578

9.025659

8.531365

6.591918

5.310352

5.465095

6.291822

9.775453

12.776858

13.547538

15.953104

18.178497

18.805769

18.805769

18.178497

15.953104

13.547538

12.776858

9.775453

6.291822

5.465095

5.310352

6.591918

8.531365

9.025659

8.633578

8.765915

9.616625

9.847509

8.338563

7.246406

8.668227

10.043273

10.079341

8.748954

8.297240

8.921796

9.363309

9.714441

9.959517

10.063391

9.097211

7.205084

7.384215

7.762799

9.108243

9.657792

9.636007

9.642080

9.343403

8.422671

7.754814

9.096065

10.256833

9.672176

7.990293

7.154659

8.129430

9.068193

8.958141

8.434740

7.949402

8.126251

8.523812

7.679833

6.281229

5.996334

6.473941

8.245603

11.324151

13.168966

14.662121

16.017746

16.017746

14.662121

13.168966

11.324151

8.245603

6.473941

5.996334

6.281229

7.679833

8.523812

8.126251

7.949402

8.434740

8.958141

9.068193

8.129430

7.154659

7.990293

9.672176

10.256833

9.096065

7.754814

8.422671

9.343403

9.642080

9.636007

9.657792

9.108243

7.762799

7.384215

8.819350

6.926412

7.167183

8.233862

8.808486

9.389636

9.739348

9.091238

7.663183

7.470007

9.145852

9.951592

9.138098

7.766837

7.096818

7.856114

8.755015

8.559954

7.649963

7.311368

8.483284

9.862679

9.767528

7.984768

6.424972

6.169339

6.949707

8.488861

9.476167

9.939416

9.939416

9.476167

8.488861

6.949707

6.169339

6.424972

7.984768

9.767528

9.862679

8.483284

7.311368

7.649963

8.559954

8.755015

7.856114

7.096818

7.766837

9.138098

9.951592

9.145852

7.470007

7.663183

9.091238

9.739348

9.389636

8.808486

8.233862

7.167183

6.926412

8.819350

10.193226

7.656053

6.138717

6.574177

7.517263

8.462233

9.500721

9.687702

8.780510

7.449344

7.590306

8.962341

9.359760

8.805790

7.975566

7.657869

8.400667

8.855011

8.240983

7.515188

7.985352

9.420358

10.478005

10.744384

9.836572

8.791801

8.018156

6.690664

5.293632

4.241690

4.241690

5.293632

6.690664

8.018156

8.791801

9.836572

10.744384

10.478005

9.420358

7.985352

7.515188

8.240983

8.855011

8.400667

7.657869

7.975566

8.805790

9.359760

8.962341

7.590306

7.449344

8.780510

9.687702

9.500721

8.462233

7.517263

6.574177

6.138717

7.656053

10.193226

10.712419

9.063496

7.026548

6.362709

6.773850

7.455844

8.476374

9.404310

9.512122

8.791789

7.700541

7.638173

8.409232

8.866578

8.856450

8.496606

8.308168

8.681545

8.774108

8.148714

7.632383

8.211149

9.327351

10.173285

10.839144

11.068124

11.046607

10.606053

9.409445

8.284388

8.284388

9.409445

10.606053

11.046607

11.068124

10.839144

10.173285

9.327351

8.211149

7.632383

8.148714

8.774108

8.681545

8.308168

8.496606

8.856450

8.866578

8.409232

7.638173

7.700541

8.791789

9.512122

9.404310

8.476374

7.455844

6.773850

6.362709

7.026548

9.063496

10.712419

10.216590

10.139268

8.637862

7.351248

7.237695

7.539147

7.761195

8.203913

8.879102

9.300732

8.954319

7.846603

7.212510

7.829802

8.808044

9.151816

8.727711

8.251658

8.433332

8.479729

7.676280

6.819410

7.230226

8.620523

9.868954

10.636017

10.912800

10.879055

10.706264

10.577747

10.577747

10.706264

10.879055

10.912800

10.636017

9.868954

8.620523

7.230226

6.819410

7.676280

8.479729

8.433332

8.251658

8.727711

9.151816

8.808044

7.829802

7.212510

7.846603

8.954319

9.300732

8.879102

8.203913

7.761195

7.539147

7.237695

7.351248

8.637862

10.139268

10.216590

8.873191

10.520750

10.118172

8.388295

7.733382

8.322135

8.502283

7.740190

7.408441

8.402018

9.439658

9.177126

7.584087

6.799299

8.079817

9.473881

9.558758

8.591979

7.992785

8.275617

8.220678

7.170006

5.889833

6.021990

7.522842

8.896662

9.478051

9.462126

9.345321

9.282665

9.282665

9.345321

9.462126

9.478051

8.896662

7.522842

6.021990

5.889833

7.170006

8.220678

8.275617

7.992785

8.591979

9.558758

9.473881

8.079817

6.799299

7.584087

9.177126

9.439658

8.402018

7.408441

7.740190

8.502283

8.322135

7.733382

8.388295

10.118172

10.520750

8.873191

7.295581

10.099907

10.840274

9.218129

7.864323

8.563604

9.566521

8.986669

7.444039

7.374064

8.949059

9.846384

8.943817

7.243958

7.381950

9.234954

10.254934

9.628162

8.483755

8.315371

8.806399

8.571534

7.402915

6.220821

6.340056

7.401923

8.199870

8.415193

8.288792

8.202025

8.202025

8.288792

8.415193

8.199870

7.401923

6.340056

6.220821

7.402915

8.571534

8.806399

8.315371

8.483755

9.628162

10.254934

9.234954

7.381950

7.243958

8.943817

9.846384

8.949059

7.374064

7.444039

8.986669

9.566521

8.563604

7.864323

9.218129

10.840274

10.099907

7.295581

6.867296

8.594109

10.039582

9.468096

8.241172

8.224607

9.370660

9.856476

9.036519

7.986955

8.316481

9.369520

9.538395

8.555573

7.608326

8.230031

9.491990

9.855615

9.272662

8.723048

9.003145

9.509352

9.322533

8.546575

7.899805

8.136053

9.023070

9.769394

10.151355

10.234664

10.234664

10.151355

9.769394

9.023070

8.136053

7.899805

8.546575

9.322533

9.509352

9.003145

8.723048

9.272662

9.855615

9.491990

8.230031

7.608326

8.555573

9.538395

9.369520

8.316481

7.986955

9.036519

9.856476

9.370660

8.224607

8.241172

9.468096

10.039582

8.594109

6.867296

8.405216

7.045630

7.586647

8.866443

9.291793

8.724409

8.119934

8.380106

8.935210

8.866264

8.256797

8.081697

8.685593

9.172212

8.805007

7.834445

7.419702

7.956196

8.597430

8.843042

8.870932

9.093326

9.500741

9.573567

9.148724

8.658453

8.706827

9.364744

10.111355

10.571555

10.571555

10.111355

9.364744

8.706827

8.658453

9.148724

9.573567

9.500741

9.093326

8.870932

8.843042

8.597430

7.956196

7.419702

7.834445

8.805007

9.172212

8.685593

8.081697

8.256797

8.866264

8.935210

8.380106

8.119934

8.724409

9.291793

8.866443

7.586647

7.045630

8.405216

