AXIS X

0.000000 0.000500 0.001000 0.001500 0.002000 0.002500 0.003000 0.003500 0.004000 0.004500 0.005000 0.005500 0.006000 0.006500 0.007000 0.007500 0.008000 0.008500 0.009000 0.009500 0.010000 0.010500 0.011000 0.011500 0.012000 0.012500 0.013000 0.013500 0.014000 0.014500 0.015000 0.015500 0.016000 0.016500 0.017000 0.017500 0.018000 0.018500 0.019000 0.019500 0.020000 0.020500 0.021000 0.021500 0.022000 0.022500 0.023000 0.023500 0.024000 0.024500 0.025000 0.025500 0.026000 0.026500 0.027000 0.027500 0.028000 0.028500 0.029000 0.029500 

AXIS Y

0.000000 0.000500 0.001000 0.001500 0.002000 0.002500 0.003000 0.003500 0.004000 0.004500 0.005000 0.005500 0.006000 0.006500 0.007000 0.007500 0.008000 0.008500 0.009000 0.009500 0.010000 0.010500 0.011000 0.011500 0.012000 0.012500 0.013000 0.013500 0.014000 0.014500 0.015000 0.015500 0.016000 0.016500 0.017000 0.017500 0.018000 0.018500 0.019000 0.019500 0.020000 0.020500 0.021000 0.021500 0.022000 0.022500 0.023000 0.023500 0.024000 0.024500 0.025000 0.025500 0.026000 0.026500 0.027000 0.027500 0.028000 0.028500 0.029000 0.029500 



DATA
24.585642

20.716475

22.555984

25.567627

26.812715

26.547729

26.083419

26.847339

28.382176

28.548225

26.584243

24.149391

23.524129

24.741013

25.777470

25.707604

25.961948

28.085697

30.991301

32.545730

31.805722

29.514697

26.899605

25.354088

25.754350

27.060438

26.276291

25.456803

26.286579

30.827264

30.827264

26.286579

25.456803

26.276291

27.060438

25.754350

25.354088

26.899605

29.514697

31.805722

32.545730

30.991301

28.085697

25.961948

25.707604

25.777470

24.741013

23.524129

24.149391

26.584243

28.548225

28.382176

26.847339

26.083419

26.547729

26.812715

25.567627

22.555984

20.716475

24.585642

20.797298

26.937738

29.159569

27.924006

26.632335

26.739531

28.762771

30.941251

30.556111

27.536751

24.615242

24.696821

26.735841

27.122200

24.980312

23.603930

25.591059

28.288514

29.154637

28.665855

28.478220

28.480629

28.473892

27.785766

25.949435

20.829708

17.527353

26.160753

30.709786

27.082118

27.082118

30.709786

26.160753

17.527353

20.829708

25.949435

27.785766

28.473892

28.480629

28.478220

28.665855

29.154637

28.288514

25.591059

23.603930

24.980312

27.122200

26.735841

24.696821

24.615242

27.536751

30.556111

30.941251

28.762771

26.739531

26.632335

27.924006

29.159569

26.937738

20.797298

22.565998

28.964954

29.937639

28.302455

27.088620

26.939989

28.133365

29.177251

28.019705

25.000423

23.332740

24.705997

25.548104

23.223356

21.069573

22.998063

26.312838

27.205014

26.582084

27.024805

27.893531

27.861375

26.914918

25.903357

23.743782

21.927065

25.138035

32.491337

17.117607

31.256837

31.256837

17.117607

32.491337

25.138035

21.927065

23.743782

25.903357

26.914918

27.861375

27.893531

27.024805

26.582084

27.205014

26.312838

22.998063

21.069573

23.223356

25.548104

24.705997

23.332740

25.000423

28.019705

29.177251

28.133365

26.939989

27.088620

28.302455

29.937639

28.964954

22.565998

25.253231

26.849547

27.849604

28.109197

26.475841

24.294455

24.481482

25.740252

25.265039

23.348565

22.750728

23.226842

22.242207

21.021532

22.711045

26.123233

27.716063

27.765593

28.785632

30.144304

29.677071

27.460250

25.589044

24.146110

23.970898

24.865797

31.423543

28.790580

20.444561

30.977863

30.977863

20.444561

28.790580

31.423543

24.865797

23.970898

24.146110

25.589044

27.460250

29.677071

30.144304

28.785632

27.765593

27.716063

26.123233

22.711045

21.021532

22.242207

23.226842

22.750728

23.348565

25.265039

25.740252

24.481482

24.294455

26.475841

28.109197

27.849604

26.849547

25.253231

25.744775

25.342149

27.740046

27.968061

24.272037

21.787163

23.465679

25.185731

24.378570

22.583829

22.686884

23.941127

24.519927

25.215421

27.145135

28.416289

28.759868

30.592339

33.146541

33.322976

30.452816

27.335069

25.476035

24.533846

21.797833

24.505969

26.945362

23.732551

19.995205

29.392957

29.392957

19.995205

23.732551

26.945362

24.505969

21.797833

24.533846

25.476035

27.335069

30.452816

33.322976

33.146541

30.592339

28.759868

28.416289

27.145135

25.215421

24.519927

23.941127

22.686884

22.583829

24.378570

25.185731

23.465679

21.787163

24.272037

27.968061

27.740046

25.342149

25.744775

24.969624

26.715536

29.494675

26.984892

22.418373

22.894608

26.530651

27.186961

24.271962

22.608286

25.290370

28.331366

28.609088

28.383414

28.498013

27.885082

28.959458

32.905888

35.645279

33.666868

28.703380

24.996718

24.241237

21.666875

18.061230

22.115785

27.256396

22.589058

28.528027

25.632005

25.632005

28.528027

22.589058

27.256396

22.115785

18.061230

21.666875

24.241237

24.996718

28.703380

33.666868

35.645279

32.905888

28.959458

27.885082

28.498013

28.383414

28.609088

28.331366

25.290370

22.608286

24.271962

27.186961

26.530651

22.894608

22.418373

26.984892

29.494675

26.715536

24.969624

24.848928

29.384406

29.978307

25.254648

22.726516

26.041386

29.352512

27.716935

24.268180

25.079152

28.560820

29.355901

27.443164

26.881038

26.907091

26.662160

28.397508

32.511533

33.865331

30.213965

24.528234

21.466687

22.160621

23.767704

21.184839

22.947778

26.876326

25.504212

21.793439

27.471573

27.471573

21.793439

25.504212

26.876326

22.947778

21.184839

23.767704

22.160621

21.466687

24.528234

30.213965

33.865331

32.511533

28.397508

26.662160

26.907091

26.881038

27.443164

29.355901

28.560820

25.079152

24.268180

27.716935

29.352512

26.041386

22.726516

25.254648

29.978307

29.384406

24.848928

26.160687

30.203799

27.922904

24.227906

24.667455

27.602249

27.926119

25.431214

25.602372

28.287947

28.289985

24.491752

21.866265

24.219354

26.704921

26.722775

26.706775

28.689358

29.344568

27.025976

23.287452

20.918932

23.916260

24.540099

18.933491

19.345458

24.964472

28.236167

23.192028

28.102384

28.102384

23.192028

28.236167

24.964472

19.345458

18.933491

24.540099

23.916260

20.918932

23.287452

27.025976

29.344568

28.689358

26.706775

26.722775

26.704921

24.219354

21.866265

24.491752

28.289985

28.287947

25.602372

25.431214

27.926119

27.602249

24.667455

24.227906

27.922904

30.203799

26.160687

27.848794

28.260834

25.144580

24.918041

26.867314

26.462578

23.505818

23.260554

27.422405

29.348917

25.386533

19.822542

20.720888

26.062214

28.763306

27.273544

24.799538

25.598638

27.576921

27.447868

24.682807

20.278110

18.134633

17.817240

20.485148

23.972958

24.511385

28.095530

20.114290

30.684554

30.684554

20.114290

28.095530

24.511385

23.972958

20.485148

17.817240

18.134633

20.278110

24.682807

27.447868

27.576921

25.598638

24.799538

27.273544

28.763306

26.062214

20.720888

19.822542

25.386533

29.348917

27.422405

23.260554

23.505818

26.462578

26.867314

24.918041

25.144580

28.260834

27.848794

28.218545

25.773274

24.389821

26.589651

27.688025

24.383243

21.224372

23.445856

28.210674

28.367536

24.213247

22.943521

26.202066

29.266569

29.562783

27.062277

25.172523

26.331672

27.719363

27.225432

24.508001

17.172516

14.390902

17.634159

21.014186

25.936289

26.761300

24.644508

20.823966

32.196411

32.196411

20.823966

24.644508

26.761300

25.936289

21.014186

17.634159

14.390902

17.172516

24.508001

27.225432

27.719363

26.331672

25.172523

27.062277

29.562783

29.266569

26.202066

22.943521

24.213247

28.367536

28.210674

23.445856

21.224372

24.383243

27.688025

26.589651

24.389821

25.773274

28.218545

26.889414

25.814211

25.930288

27.099986

26.427687

23.657202

22.918304

25.148907

27.814913

27.215905

26.654741

29.014582

30.316248

28.892515

26.717683

26.154613

27.615676

27.998876

26.331856

25.777458

24.957765

22.078012

21.054560

17.277732

17.394725

24.051823

30.078241

24.809016

16.916830

35.098511

35.098511

16.916830

24.809016

30.078241

24.051823

17.394725

17.277732

21.054560

22.078012

24.957765

25.777458

26.331856

27.998876

27.615676

26.154613

26.717683

28.892515

30.316248

29.014582

26.654741

27.215905

27.814913

25.148907

22.918304

23.657202

26.427687

27.099986

25.930288

25.814211

26.889414

25.212126

28.118835

27.510501

25.817372

24.168384

24.213352

25.647580

26.325865

26.379458

26.508479

28.893196

31.417628

29.534655

24.457154

22.783146

26.438126

29.592686

27.620008

24.629577

26.121431

29.355757

30.600803

26.603568

18.029749

17.885268

26.388980

33.998522

26.138362

15.945028

37.204137

37.204137

15.945028

26.138362

33.998522

26.388980

17.885268

18.029749

26.603568

30.600803

29.355757

26.121431

24.629577

27.620008

29.592686

26.438126

22.783146

24.457154

29.534655

31.417628

28.893196

26.508479

26.379458

26.325865

25.647580

24.213352

24.168384

25.817372

27.510501

28.118835

25.212126

24.960552

29.968164

28.301439

24.363425

22.108803

24.526017

27.053477

26.392091

25.032211

25.866809

28.536377

29.265441

25.710290

21.761900

22.712215

27.037025

28.117933

25.210152

24.094368

27.633030

31.453171

32.273469

26.641564

20.274807

22.850136

27.854257

33.755127

23.743187

16.723975

34.530538

34.530538

16.723975

23.743187

33.755127

27.854257

22.850136

20.274807

26.641564

32.273469

31.453171

27.633030

24.094368

25.210152

28.117933

27.037025

22.712215

21.761900

25.710290

29.265441

28.536377

25.866809

25.032211

26.392091

27.053477

24.526017

22.108803

24.363425

28.301439

29.968164

24.960552

25.783997

30.342915

29.095616

24.014247

20.714633

24.391899

27.071715

26.537795

25.265579

25.535928

26.516542

25.810171

24.573307

24.065018

24.500493

25.285983

24.657934

23.669155

25.016183

27.537639

30.212005

31.818226

27.068117

19.970059

22.991721

28.900598

28.851533

24.954913

21.065073

31.566420

31.566420

21.065073

24.954913

28.851533

28.900598

22.991721

19.970059

27.068117

31.818226

30.212005

27.537639

25.016183

23.669155

24.657934

25.285983

24.500493

24.065018

24.573307

25.810171

26.516542

25.535928

25.265579

26.537795

27.071715

24.391899

20.714633

24.014247

29.095616

30.342915

25.783997

26.012621

30.250658

30.155370

23.946117

20.098676

23.971223

27.106893

28.414199

27.098309

25.974338

25.367614

25.357877

26.601265

26.075330

24.000167

24.446184

25.838131

26.171129

26.186898

27.235871

30.313576

30.869639

23.510051

17.257260

25.042807

33.479173

31.804202

19.208528

21.713048

31.058825

31.058825

21.713048

19.208528

31.804202

33.479173

25.042807

17.257260

23.510051

30.869639

30.313576

27.235871

26.186898

26.171129

25.838131

24.446184

24.000167

26.075330

26.601265

25.357877

25.367614

25.974338

27.098309

28.414199

27.106893

23.971223

20.098676

23.946117

30.155370

30.250658

26.012621

25.578833

30.712945

30.776536

23.514791

19.965837

23.272360

28.476354

31.761378

29.785386

27.212965

26.182420

26.616969

27.006949

24.387628

24.460850

29.491945

31.399266

29.030608

25.927134

26.504067

31.467212

29.152051

23.983611

22.794795

20.303491

25.941159

27.932414

27.630334

18.472080

29.246586

29.246586

18.472080

27.630334

27.932414

25.941159

20.303491

22.794795

23.983611

29.152051

31.467212

26.504067

25.927134

29.030608

31.399266

29.491945

24.460850

24.387628

27.006949

26.616969

26.182420

27.212965

29.785386

31.761378

28.476354

23.272360

19.965837

23.514791

30.776536

30.712945

25.578833

25.638877

30.984141

30.378226

23.817240

20.541521

22.868761

29.969526

34.348413

31.642157

28.228014

27.360251

27.239739

24.625585

23.201313

28.496149

35.071054

34.739827

28.073434

22.012514

25.626244

29.549753

34.793620

27.157065

15.050516

16.517159

36.570051

61.435163

60.437287

65.609203

81.569459

81.569459

65.609203

60.437287

61.435163

36.570051

16.517159

15.050516

27.157065

34.793620

29.549753

25.626244

22.012514

28.073434

34.739827

35.071054

28.496149

23.201313

24.625585

27.239739

27.360251

28.228014

31.642157

34.348413

29.969526

22.868761

20.541521

23.817240

30.378226

30.984141

25.638877

26.600999

29.389000

29.023954

25.479285

22.483075

23.175837

29.900605

34.117373

31.314507

27.885874

27.875884

27.081170

23.770888

25.864633

31.578865

36.617775

33.268016

23.340534

19.560082

26.347850

33.812590

31.587632

13.191994

20.736140

57.048982

74.496470

79.092086

85.299302

88.514676

72.909098

72.909098

88.514676

85.299302

79.092086

74.496470

57.048982

20.736140

13.191994

31.587632

33.812590

26.347850

19.560082

23.340534

33.268016

36.617775

31.578865

25.864633

23.770888

27.081170

27.875884

27.885874

31.314507

34.117373

29.900605

23.175837

22.483075

25.479285

29.023954

29.389000

26.600999

27.799641

25.613313

26.961792

27.200483

25.233643

24.243306

28.671474

31.669739

29.238999

26.564070

27.368478

27.494869

26.858137

29.348033

31.679713

33.541258

28.418292

20.762442

23.654839

29.502202

28.467806

14.355915

42.505316

61.548096

72.816837

84.396774

86.610350

87.486457

80.350809

70.926533

70.926533

80.350809

87.486457

86.610350

84.396774

72.816837

61.548096

42.505316

14.355915

28.467806

29.502202

23.654839

20.762442

28.418292

33.541258

31.679713

29.348033

26.858137

27.494869

27.368478

26.564070

29.238999

31.669739

28.671474

24.243306

25.233643

27.200483

26.961792

25.613313

27.799641

28.624904

21.889717

24.702423

27.791384

27.105988

25.608629

28.029314

29.559159

27.379388

25.062798

26.382649

29.021729

30.003801

30.546489

29.420530

29.284449

24.339448

23.747794

27.373991

23.260217

13.288187

46.340058

61.733918

75.365781

80.631833

80.997559

83.106731

80.835318

76.806503

78.427606

78.427606

76.806503

80.835318

83.106731

80.997559

80.631833

75.365781

61.733918

46.340058

13.288187

23.260217

27.373991

23.747794

24.339448

29.284449

29.420530

30.546489

30.003801

29.021729

26.382649

25.062798

27.379388

29.559159

28.029314

25.608629

27.105988

27.791384

24.702423

21.889717

28.624904

29.132846

21.202489

23.650815

27.046091

27.244220

26.529245

28.588447

29.410032

26.789250

23.869259

25.697629

29.582698

29.940366

29.189928

28.354387

27.379075

24.360548

23.748317

22.625667

7.698357

45.286076

61.116513

71.911270

77.580505

79.134504

77.616256

75.244263

75.449618

78.979913

82.164819

82.164819

78.979913

75.449618

75.244263

77.616256

79.134504

77.580505

71.911270

61.116513

45.286076

7.698357

22.625667

23.748317

24.360548

27.379075

28.354387

29.189928

29.940366

29.582698

25.697629

23.869259

26.789250

29.410032

28.588447

26.529245

27.244220

27.046091

23.650815

21.202489

29.132846

29.496235

23.598018

24.746858

26.219153

26.402402

26.917090

29.476758

30.144941

26.730316

23.635108

25.886259

28.159097

27.443226

27.426026

30.981818

30.266918

15.574042

21.424526

9.007297

39.297647

59.490905

71.092588

77.554182

78.330005

75.320500

71.783075

71.036560

74.989798

82.521567

82.429929

82.429929

82.521567

74.989798

71.036560

71.783075

75.320500

78.330005

77.554182

71.092588

59.490905

39.297647

9.007297

21.424526

15.574042

30.266918

30.981818

27.426026

27.443226

28.159097

25.886259

23.635108

26.730316

30.144941

29.476758

26.917090

26.402402

26.219153

24.746858

23.598018

29.496235

29.517382

26.034736

26.938647

26.879498

26.250150

26.906900

29.482429

29.541846

26.054392

24.411006

26.975281

26.896319

25.502263

28.275515

34.207665

32.296009

17.492867

15.165980

33.341146

55.248273

70.607127

79.211452

80.268473

76.754235

71.655312

68.352809

69.587352

76.710852

85.404143

80.728586

80.728586

85.404143

76.710852

69.587352

68.352809

71.655312

76.754235

80.268473

79.211452

70.607127

55.248273

33.341146

15.165980

17.492867

32.296009

34.207665

28.275515

25.502263

26.896319

26.975281

24.411006

26.054392

29.541846

29.482429

26.906900

26.250150

26.879498

26.938647

26.034736

29.517382

28.968694

26.063647

28.220068

28.670085

27.367916

26.766253

28.015656

27.024842

24.481734

25.162702

28.791020

28.162664

26.629638

31.407266

35.978386

26.058153

24.195114

5.720207

43.138476

65.993991

79.485197

83.042337

79.815199

73.373416

67.796254

66.094808

70.552147

79.272221

86.626977

79.664145

79.664145

86.626977

79.272221

70.552147

66.094808

67.796254

73.373416

79.815199

83.042337

79.485197

65.993991

43.138476

5.720207

24.195114

26.058153

35.978386

31.407266

26.629638

28.162664

28.791020

25.162702

24.481734

27.024842

28.015656

26.766253

27.367916

28.670085

28.220068

26.063647

28.968694

28.235440

23.370736

27.485987

29.673034

28.478968

26.841085

26.434229

24.578995

22.878064

25.165433

30.688833

31.107806

29.551788

33.651533

35.314021

24.457282

17.273429

29.598047

54.839376

73.847442

83.859585

83.024663

76.149608

68.427015

64.053941

65.885488

73.277475

82.373026

86.446404

78.660897

78.660897

86.446404

82.373026

73.277475

65.885488

64.053941

68.427015

76.149608

83.024663

83.859585

73.847442

54.839376

29.598047

17.273429

24.457282

35.314021

33.651533

29.551788

31.107806

30.688833

25.165433

22.878064

24.578995

26.434229

26.841085

28.478968

29.673034

27.485987

23.370736

28.235440

28.009984

20.141577

25.180808

28.731676

28.053344

26.733889

26.637430

25.000104

22.153653

24.248816

31.174657

32.721768

31.570028

32.909515

30.409816

25.507804

4.570270

35.958351

63.224789

79.943002

84.316697

79.750287

70.614842

63.247006

62.138557

67.842047

77.208140

84.465265

84.230822

78.441334

78.441334

84.230822

84.465265

77.208140

67.842047

62.138557

63.247006

70.614842

79.750287

84.316697

79.943002

63.224789

35.958351

4.570270

25.507804

30.409816

32.909515

31.570028

32.721768

31.174657

24.248816

22.153653

25.000104

26.637430

26.733889

28.053344

28.731676

25.180808

20.141577

28.009984

28.236786

19.616331

23.501392

26.678447

26.153326

26.136477

28.581093

28.012603

22.965227

23.255534

29.949858

32.415124

31.371036

30.896588

23.373446

21.347956

29.924744

43.076256

66.687012

81.492857

82.504654

74.806357

65.093869

59.783253

62.312828

70.994872

80.147519

84.768336

82.137194

77.586007

77.586007

82.137194

84.768336

80.147519

70.994872

62.312828

59.783253

65.093869

74.806357

82.504654

81.492857

66.687012

43.076256

29.924744

21.347956

23.373446

30.896588

31.371036

32.415124

29.949858

23.255534

22.965227

28.012603

28.581093

26.136477

26.153326

26.678447

23.501392

19.616331

28.236786

28.147883

22.339286

24.285734

25.549337

24.316764

25.491155

30.323634

30.736924

25.088502

23.913676

29.041030

31.442471

30.476321

29.599193

23.544069

19.100245

30.413148

47.531889

69.375516

79.998572

78.998151

70.371035

61.472210

58.647891

63.881982

73.215061

81.301590

83.970225

80.638104

78.103386

78.103386

80.638104

83.970225

81.301590

73.215061

63.881982

58.647891

61.472210

70.371035

78.998151

79.998572

69.375516

47.531889

30.413148

19.100245

23.544069

29.599193

30.476321

31.442471

29.041030

23.913676

25.088502

30.736924

30.323634

25.491155

24.316764

25.549337

24.285734

22.339286

28.147883

27.515029

25.714027

26.567135

26.267246

23.904942

25.124522

30.202794

31.128378

27.337155

26.138403

29.575684

30.995466

30.041594

30.627897

26.651641

14.715310

29.183865

48.841678

69.034902

77.853336

75.651529

67.748308

60.447266

59.370030

65.195170

73.865769

80.441965

82.744391

81.034054

78.655426

78.655426

81.034054

82.744391

80.441965

73.865769

65.195170

59.370030

60.447266

67.748308

75.651529

77.853336

69.034902

48.841678

29.183865

14.715310

26.651641

30.627897

30.041594

30.995466

29.575684

26.138403

27.337155

31.128378

30.202794

25.124522

23.904942

26.267246

26.567135

25.714027

27.515029

26.737058

27.340479

28.088122

27.657372

24.968288

25.220637

28.462737

29.250322

28.545292

28.206899

30.488328

30.852687

29.944288

31.812532

28.462341

12.172778

29.921201

48.568694

66.765239

75.183281

73.799866

67.210721

61.273902

60.582827

65.602436

72.716859

78.542248

81.237349

81.715243

80.161390

80.161390

81.715243

81.237349

78.542248

72.716859

65.602436

60.582827

61.273902

67.210721

73.799866

75.183281

66.765239

48.568694

29.921201

12.172778

28.462341

31.812532

29.944288

30.852687

30.488328

28.206899

28.545292

29.250322

28.462737

25.220637

24.968288

27.657372

28.088122

27.340479

26.737058

26.234708

26.391377

27.688794

28.224375

26.185951

25.939136

26.910931

26.982853

28.596943

28.855350

30.531118

30.311174

29.225946

32.350257

30.317344

11.983393

31.730981

47.744037

64.702391

73.344638

73.249028

67.955749

62.669917

61.429051

65.032299

70.776627

76.090079

80.194272

82.170956

81.090628

81.090628

82.170956

80.194272

76.090079

70.776627

65.032299

61.429051

62.669917

67.955749

73.249028

73.344638

64.702391

47.744037

31.730981

11.983393

30.317344

32.350257

29.225946

30.311174

30.531118

28.855350

28.596943

26.982853

26.910931

25.939136

26.185951

28.224375

27.688794

26.391377

26.234708

25.924014

23.789325

25.867270

27.636255

26.596114

26.972462

27.217724

26.571404

28.228252

28.051445

29.540708

29.104639

28.178797

33.064546

31.851679

13.735389

33.822253

47.357484

63.212028

72.625839

73.402052

69.038854

63.845331

61.924144

64.042969

68.807468

74.304301

78.847595

82.308095

79.980109

79.980109

82.308095

78.847595

74.304301

68.807468

64.042969

61.924144

63.845331

69.038854

73.402052

72.625839

63.212028

47.357484

33.822253

13.735389

31.851679

33.064546

28.178797

29.104639

29.540708

28.051445

28.228252

26.571404

27.217724

26.972462

26.596114

27.636255

25.867270

23.789325

25.924014

25.598172

21.410332

24.484046

26.696936

26.072807

27.741603

28.890080

28.119354

27.983680

26.384052

28.042218

27.427771

27.693957

34.288551

32.392805

16.918045

36.364419

46.336073

62.091965

72.083874

73.813315

70.001274

64.919886

62.199623

63.521058

67.453230

72.813423

78.520576

80.476278

79.223662

79.223662

80.476278

78.520576

72.813423

67.453230

63.521058

62.199623

64.919886

70.001274

73.813315

72.083874

62.091965

46.336073

36.364419

16.918045

32.392805

34.288551

27.693957

27.427771

28.042218

26.384052

27.983680

28.119354

28.890080

27.741603

26.072807

26.696936

24.484046

21.410332

25.598172

25.289469

20.496268

24.673940

26.277152

25.020766

27.588487

30.103813

29.422665

27.390058

24.701229

26.358348

25.295172

27.413235

35.036991

33.245410

19.074884

36.788426

45.140664

60.859625

71.404328

74.150801

70.884067

65.844957

63.046627

63.391381

67.007896

72.290427

77.195912

81.580219

76.456370

76.456370

81.580219

77.195912

72.290427

67.007896

63.391381

63.046627

65.844957

70.884067

74.150801

71.404328

60.859625

45.140664

36.788426

19.074884

33.245410

35.036991

27.413235

25.295172

26.358348

24.701229

27.390058

29.422665

30.103813

27.588487

25.020766

26.277152

24.673940

20.496268

25.289469

25.263102

20.583403

25.494564

26.519176

24.502104

27.032079

29.826832

28.763850

25.493830

23.225324

25.014116

22.415441

26.253279

34.260618

35.537107

22.144063

9.528920

43.606065

59.000984

70.337359

73.928313

71.640313

67.080026

63.726536

64.282906

66.893166

71.790927

77.766419

78.986580

76.509530

76.509530

78.986580

77.766419

71.790927

66.893166

64.282906

63.726536

67.080026

71.640313

73.928313

70.337359

59.000984

43.606065

9.528920

22.144063

35.537107

34.260618

26.253279

22.415441

25.014116

23.225324

25.493830

28.763850

29.826832

27.032079

24.502104

26.519176

25.494564

20.583403

25.263102

25.532509

20.645639

25.523328

26.978907

25.428725

27.442460

29.106650

26.854854

22.689841

21.764958

24.659783

19.364426

23.537485

31.893145

36.761584

26.883074

12.581572

42.103759

55.993662

68.123759

73.308848

72.203940

67.709906

64.868533

64.189077

67.348919

71.394052

76.027691

81.702093

73.602266

73.602266

81.702093

76.027691

71.394052

67.348919

64.189077

64.868533

67.709906

72.203940

73.308848

68.123759

55.993662

42.103759

12.581572

26.883074

36.761584

31.893145

23.537485

19.364426

24.659783

21.764958

22.689841

26.854854

29.106650

27.442460

25.428725

26.978907

25.523328

20.645639

25.532509

25.697609

20.488184

24.689543

27.269305

27.061931

28.862528

29.289376

26.043700

21.527798

21.179468

25.519086

17.776290

20.002734

28.121655

36.560879

32.700965

19.412378

17.269647

52.999394

65.227322

71.784023

71.852955

68.181992

64.340859

64.479218

65.617100

70.742765

75.581447

75.828403

76.198822

76.198822

75.828403

75.581447

70.742765

65.617100

64.479218

64.340859

68.181992

71.852955

71.784023

65.227322

52.999394

17.269647

19.412378

32.700965

36.560879

28.121655

20.002734

17.776290

25.519086

21.179468

21.527798

26.043700

29.289376

28.862528

27.061931

27.269305

24.689543

20.488184

25.697609

25.307915

20.796174

24.163808

27.327772

27.805717

29.553484

29.844482

27.011599

23.444170

22.755048

27.191253

19.959133

17.988031

24.266964

33.640900

33.347724

23.744780

15.511730

49.503906

60.668451

69.133066

70.582953

67.338882

63.920753

62.187897

65.278864

67.209174

72.943557

77.755656

75.016751

75.016751

77.755656

72.943557

67.209174

65.278864

62.187897

63.920753

67.338882

70.582953

69.133066

60.668451

49.503906

15.511730

23.744780

33.347724

33.640900

24.266964

17.988031

19.959133

27.191253

22.755048

23.444170

27.011599

29.844482

29.553484

27.805717

27.327772

24.163808

20.796174

25.307915

24.312027

21.970380

24.865172

27.324167

27.013472

28.374226

29.540379

28.466480

26.663591

25.340624

28.699323

24.551768

20.613058

22.703345

28.706088

30.818140

28.599232

17.103225

21.060971

56.489412

63.774861

68.293249

65.997868

62.298095

61.812988

62.467919

67.479934

67.481894

69.809968

79.427082

79.427082

69.809968

67.481894

67.479934

62.467919

61.812988

62.298095

65.997868

68.293249

63.774861

56.489412

21.060971

17.103225

28.599232

30.818140

28.706088

22.703345

20.613058

24.551768

28.699323

25.340624

26.663591

28.466480

29.540379

28.374226

27.013472

27.324167

24.865172

21.970380

24.312027

23.294345

23.364734

26.242943

27.315598

25.563773

26.038833

28.239912

29.086817

28.683412

27.096013

28.902607

28.126549

25.355007

25.107318

25.682292

28.461915

28.023286

20.321250

16.223344

28.739691

59.473335

63.188584

64.306667

61.192179

60.986819

64.241659

64.936315

69.043985

66.042989

77.428936

77.428936

66.042989

69.043985

64.936315

64.241659

60.986819

61.192179

64.306667

63.188584

59.473335

28.739691

16.223344

20.321250

28.023286

28.461915

25.682292

25.107318

25.355007

28.126549

28.902607

27.096013

28.683412

29.086817

28.239912

26.038833

25.563773

27.315598

26.242943

23.364734

23.294345

23.060543

24.050967

26.898746

26.965651

24.552519

24.437891

26.847836

28.670322

28.921662

27.315931

27.726079

28.198058

27.303748

27.608801

25.747046

28.462375

28.132764

24.980207

15.863539

25.455963

38.147452

62.547038

59.653608

60.062290

61.920204

64.663506

65.834118

63.300418

71.186901

75.172524

75.172524

71.186901

63.300418

65.834118

64.663506

61.920204

60.062290

59.653608

62.547038

38.147452

25.455963

15.863539

24.980207

28.132764

28.462375

25.747046

27.608801

27.303748

28.198058

27.726079

27.315931

28.921662

28.670322

26.847836

24.437891

24.552519

26.965651

26.898746

24.050967

23.060543

23.748989

23.944626

26.234334

25.962591

24.050804

24.343805

26.343405

27.971365

28.668215

27.331522

26.153755

25.265069

24.676856

26.453883

26.145129

29.697193

30.915555

27.893944

20.501151

18.936699

39.485194

52.004957

63.845818

57.388929

59.274617

63.307365

63.151591

56.150596

55.954042

75.072016

75.072016

55.954042

56.150596

63.151591

63.307365

59.274617

57.388929

63.845818

52.004957

39.485194

18.936699

20.501151

27.893944

30.915555

29.697193

26.145129

26.453883

24.676856

25.265069

26.153755

27.331522

28.668215

27.971365

26.343405

24.343805

24.050804

25.962591

26.234334

23.944626

23.748989

24.750661

23.775734

25.320286

24.804027

23.290020

24.425564

26.299835

27.531640

28.827295

28.463083

25.943112

22.456278

20.159845

22.311036

25.242094

29.513912

32.966642

30.128700

25.492761

19.019457

27.934379

50.370320

58.267286

46.226482

56.775271

58.272228

51.546302

46.669574

59.949282

60.671162

60.671162

59.949282

46.669574

51.546302

58.272228

56.775271

46.226482

58.267286

50.370320

27.934379

19.019457

25.492761

30.128700

32.966642

29.513912

25.242094

22.311036

20.159845

22.456278

25.943112

28.463083

28.827295

27.531640

26.299835

24.425564

23.290020

24.804027

25.320286

23.775734

24.750661

25.603532

24.033032

25.459078

24.717660

22.266698

23.052938

25.476332

26.944543

29.066736

30.032775

27.481524

22.463185

18.662907

19.138026

23.607141

28.140891

32.459037

32.169144

27.603832

23.715083

21.556932

33.284613

50.865344

53.206840

44.576723

40.658764

46.412370

52.310432

39.118039

70.868725

70.868725

39.118039

52.310432

46.412370

40.658764

44.576723

53.206840

50.865344

33.284613

21.556932

23.715083

27.603832

32.169144

32.459037

28.140891

23.607141

19.138026

18.662907

22.463185

27.481524

30.032775

29.066736

26.944543

25.476332

23.052938

22.266698

24.717660

25.459078

24.033032

25.603532

26.551114

24.365345

26.074716

25.862716

22.392284

21.069290

23.451001

25.735939

28.365133

30.659138

29.087610

24.896725

21.104534

19.929446

22.672626

26.493762

31.181637

32.990465

29.893516

25.831821

23.242698

27.288637

32.590214

33.169217

39.696467

42.498403

32.593433

34.617678

22.121527

24.271268

24.271268

22.121527

34.617678

32.593433

42.498403

39.696467

33.169217

32.590214

27.288637

23.242698

25.831821

29.893516

32.990465

31.181637

26.493762

22.672626

19.929446

21.104534

24.896725

29.087610

30.659138

28.365133

25.735939

23.451001

21.069290

22.392284

25.862716

26.074716

24.365345

26.551114

28.064587

24.264067

25.368304

26.575403

24.040657

21.350124

21.950970

24.388551

26.773570

29.539370

29.443201

26.818230

24.270278

21.818590

21.717833

25.451271

29.913411

33.204704

30.538463

27.222742

26.244669

28.772345

28.015902

22.971818

21.348771

31.371934

34.246536

38.868116

-3.950356

37.364527

37.364527

-3.950356

38.868116

34.246536

31.371934

21.348771

22.971818

28.015902

28.772345

26.244669

27.222742

30.538463

33.204704

29.913411

25.451271

21.717833

21.818590

24.270278

26.818230

29.443201

29.539370

26.773570

24.388551

21.950970

21.350124

24.040657

26.575403

25.368304

24.264067

28.064587

29.787556

24.290580

23.219191

25.683768

25.699253

23.934979

22.786687

23.949720

25.591787

27.582289

28.209890

27.243989

26.260376

23.554262

20.214034

23.378869

28.699703

32.109908

30.223360

25.858102

28.634078

34.614977

37.691835

30.926118

21.913476

17.339282

19.915529

54.289509

50.603598

34.450488

34.450488

50.603598

54.289509

19.915529

17.339282

21.913476

30.926118

37.691835

34.614977

28.634078

25.858102

30.223360

32.109908

28.699703

23.378869

20.214034

23.554262

26.260376

27.243989

28.209890

27.582289

25.591787

23.949720

22.786687

23.934979

25.699253

25.683768

23.219191

24.290580

29.787556

30.384241

25.635204

22.298697

24.332265

26.286673

26.135996

24.679167

24.297315

25.562016

26.456077

26.385130

25.788103

27.152944

26.349013

21.772756

20.954460

26.685832

30.117645

28.547454

24.298624

26.642194

36.315931

45.831755

43.714054

22.281427

22.639243

-2.480715

24.529540

77.021832

83.632421

83.632421

77.021832

24.529540

-2.480715

22.639243

22.281427

43.714054

45.831755

36.315931

26.642194

24.298624

28.547454

30.117645

26.685832

20.954460

21.772756

26.349013

27.152944

25.788103

26.385130

26.456077

25.562016

24.297315

24.679167

26.135996

26.286673

24.332265

22.298697

25.635204

30.384241

28.761786

27.850612

24.790775

24.903839

26.485658

26.762035

25.899319

24.907157

26.499670

27.231388

25.964607

23.607247

25.873978

29.022243

26.843103

22.384906

24.971700

28.609137

26.910470

22.000869

22.232443

27.940367

41.256988

50.120947

44.889945

33.260841

20.562283

16.431536

21.656172

2.518105

2.518105

21.656172

16.431536

20.562283

33.260841

44.889945

50.120947

41.256988

27.940367

22.232443

22.000869

26.910470

28.609137

24.971700

22.384906

26.843103

29.022243

25.873978

23.607247

25.964607

27.231388

26.499670

24.907157

25.899319

26.762035

26.485658

24.903839

24.790775

27.850612

28.761786

25.041136

28.863175

28.615957

27.615135

27.623750

26.991315

26.192558

25.150918

27.332907

29.212693

27.668859

23.454643

23.127440

28.791209

30.402013

26.664257

24.746207

27.547737

27.621511

22.348351

17.314068

19.372199

23.227188

38.605964

47.837431

37.446748

27.527197

35.852110

42.900609

48.686488

48.686488

42.900609

35.852110

27.527197

37.446748

47.837431

38.605964

23.227188

19.372199

17.314068

22.348351

27.621511

27.547737

24.746207

26.664257

30.402013

28.791209

23.127440

23.454643

27.668859

29.212693

27.332907

25.150918

26.192558

26.991315

27.623750

27.615135

28.615957

28.863175

25.041136

21.501090

27.147489

30.030720

29.720744

28.989401

27.941566

26.624025

24.760253

26.108236

30.078319

29.970685

25.867336

21.624399

24.883565

29.386496

28.697501

26.158850

25.763938

26.933968

25.458917

19.671308

15.846913

16.308690

18.775774

29.171469

38.128126

40.427954

47.606537

54.247455

56.119334

56.119334

54.247455

47.606537

40.427954

38.128126

29.171469

18.775774

16.308690

15.846913

19.671308

25.458917

26.933968

25.763938

26.158850

28.697501

29.386496

24.883565

21.624399

25.867336

29.970685

30.078319

26.108236

24.760253

26.624025

27.941566

28.989401

29.720744

30.030720

27.147489

21.501090

22.035643

23.165397

27.180411

28.820349

28.755341

28.773464

27.882166

25.134556

23.141569

27.144070

30.607980

28.863273

23.844276

21.350612

24.259481

27.060895

26.732483

25.170572

23.722248

24.249993

25.436377

22.917814

18.744162

17.893991

19.319245

24.606160

33.793023

39.298239

43.754045

47.799441

47.799441

43.754045

39.298239

33.793023

24.606160

19.319245

17.893991

18.744162

22.917814

25.436377

24.249993

23.722248

25.170572

26.732483

27.060895

24.259481

21.350612

23.844276

28.863273

30.607980

27.144070

23.141569

25.134556

27.882166

28.773464

28.755341

28.820349

27.180411

23.165397

22.035643

26.318310

20.669489

21.387986

24.571121

26.285888

28.020132

29.063726

27.129666

22.868126

22.291660

27.292642

29.697095

27.269504

23.177448

21.178006

23.443863

26.126323

25.544231

22.828676

21.818255

25.315436

29.431764

29.147818

23.827786

19.173113

18.410266

20.739005

25.332078

28.278352

29.660759

29.660759

28.278352

25.332078

20.739005

18.410266

19.173113

23.827786

29.147818

29.431764

25.315436

21.818255

22.828676

25.544231

26.126323

23.443863

21.178006

23.177448

27.269504

29.697095

27.292642

22.291660

22.868126

27.129666

29.063726

28.020132

26.285888

24.571121

21.387986

20.669489

26.318310

30.418167

22.846850

18.318885

19.618366

22.432681

25.252616

28.351627

28.909608

26.202405

22.229998

22.650652

26.745016

27.930977

26.277844

23.800326

22.852270

25.068895

26.424727

24.592372

22.426488

23.829531

28.111809

31.267993

32.062909

29.353858

26.236098

23.927421

19.965979

15.797018

12.657862

12.657862

15.797018

19.965979

23.927421

26.236098

29.353858

32.062909

31.267993

28.111809

23.829531

22.426488

24.592372

26.424727

25.068895

22.852270

23.800326

26.277844

27.930977

26.745016

22.650652

22.229998

26.202405

28.909608

28.351627

25.252616

22.432681

19.618366

18.318885

22.846850

30.418167

31.967521

27.046878

20.968309

18.987311

20.214221

22.249396

25.294815

28.063920

28.385649

26.236064

22.979611

22.793494

25.094454

26.459244

26.429022

25.355191

24.792862

25.907078

26.183301

24.317028

22.776215

24.503344

27.834262

30.358660

32.345688

33.029000

32.964789

31.650109

28.079244

24.721899

24.721899

28.079244

31.650109

32.964789

33.029000

32.345688

30.358660

27.834262

24.503344

22.776215

24.317028

26.183301

25.907078

24.792862

25.355191

26.429022

26.459244

25.094454

22.793494

22.979611

26.236064

28.385649

28.063920

25.294815

22.249396

20.214221

18.987311

20.968309

27.046878

31.967521

30.487889

30.257150

25.776720

21.937264

21.598406

22.497985

23.160610

24.481750

26.496620

27.754829

26.721077

23.415480

21.523250

23.365346

26.284570

27.310440

26.044845

24.624228

25.166371

25.304826

22.907210

20.350177

21.576115

25.724979

29.450490

31.739525

32.565487

32.464788

31.949152

31.565638

31.565638

31.949152

32.464788

32.565487

31.739525

29.450490

25.724979

21.576115

20.350177

22.907210

25.304826

25.166371

24.624228

26.044845

27.310440

26.284570

23.365346

21.523250

23.415480

26.721077

27.754829

26.496620

24.481750

23.160610

22.497985

21.598406

21.937264

25.776720

30.257150

30.487889

26.478980

31.395550

30.194197

25.031974

23.077613

24.834542

25.372132

23.097929

22.107938

25.072926

28.169405

27.385968

22.632091

20.290164

24.111428

28.271532

28.524818

25.639799

23.851712

24.695724

24.531778

21.396411

17.576176

17.970553

22.449327

26.549019

28.283976

28.236451

27.887888

27.700912

27.700912

27.887888

28.236451

28.283976

26.549019

22.449327

17.970553

17.576176

21.396411

24.531778

24.695724

23.851712

25.639799

28.524818

28.271532

24.111428

20.290164

22.632091

27.385968

28.169405

25.072926

22.107938

23.097929

25.372132

24.834542

23.077613

25.031974

30.194197

31.395550

26.478980

21.771146

30.139689

32.349060

27.508327

23.468359

25.555122

28.547984

26.817614

22.214168

22.005351

26.705381

29.383138

26.689739

21.617094

22.028884

27.558534

30.602316

28.731931

25.316842

24.814357

26.279661

25.578787

22.091448

18.563894

18.919711

22.088486

24.469685

25.112241

24.735041

24.476117

24.476117

24.735041

25.112241

24.469685

22.088486

18.919711

18.563894

22.091448

25.578787

26.279661

24.814357

25.316842

28.731931

30.602316

27.558534

22.028884

21.617094

26.689739

29.383138

26.705381

22.005351

22.214168

26.817614

28.547984

25.555122

23.468359

27.508327

32.349060

30.139689

21.771146

20.493076

25.646156

29.959670

28.254269

24.592938

24.543504

27.963505

29.413255

26.966375

23.834312

24.817670

27.960102

28.464050

25.531159

22.704426

24.559689

28.325572

29.410683

27.671064

26.030930

26.866782

28.377381

27.819886

25.504306

23.574244

24.279245

26.926241

29.153386

30.293218

30.541825

30.541825

30.293218

29.153386

26.926241

24.279245

23.574244

25.504306

27.819886

28.377381

26.866782

26.030930

27.671064

29.410683

28.325572

24.559689

22.704426

25.531159

28.464050

27.960102

24.817670

23.834312

26.966375

29.413255

27.963505

24.543504

24.592938

28.254269

29.959670

25.646156

20.493076

25.082470

21.025252

22.639732

26.458842

27.728151

26.034989

24.231142

25.007537

26.664054

26.458309

24.639564

24.117039

25.919158

27.371303

26.275508

23.379199

22.141541

23.742522

25.656066

26.389011

26.472239

27.135897

28.351686

28.569010

27.301214

25.838167

25.982524

27.945848

30.173853

31.547160

31.547160

30.173853

27.945848

25.982524

25.838167

27.301214

28.569010

28.351686

27.135897

26.472239

26.389011

25.656066

23.742522

22.141541

23.379199

26.275508

27.371303

25.919158

24.117039

24.639564

26.458309

26.664054

25.007537

24.231142

26.034989

27.728151

26.458842

22.639732

21.025252

25.082470

