AXIS X

0.000000 0.000500 0.001000 0.001500 0.002000 0.002500 0.003000 0.003500 0.004000 0.004500 0.005000 0.005500 0.006000 0.006500 0.007000 0.007500 0.008000 0.008500 0.009000 0.009500 0.010000 0.010500 0.011000 0.011500 0.012000 0.012500 0.013000 0.013500 0.014000 0.014500 0.015000 0.015500 0.016000 0.016500 0.017000 0.017500 0.018000 0.018500 0.019000 0.019500 0.020000 0.020500 0.021000 0.021500 0.022000 0.022500 0.023000 0.023500 0.024000 0.024500 0.025000 0.025500 0.026000 0.026500 0.027000 0.027500 0.028000 0.028500 0.029000 0.029500 

AXIS Y

0.000000 0.000500 0.001000 0.001500 0.002000 0.002500 0.003000 0.003500 0.004000 0.004500 0.005000 0.005500 0.006000 0.006500 0.007000 0.007500 0.008000 0.008500 0.009000 0.009500 0.010000 0.010500 0.011000 0.011500 0.012000 0.012500 0.013000 0.013500 0.014000 0.014500 0.015000 0.015500 0.016000 0.016500 0.017000 0.017500 0.018000 0.018500 0.019000 0.019500 0.020000 0.020500 0.021000 0.021500 0.022000 0.022500 0.023000 0.023500 0.024000 0.024500 0.025000 0.025500 0.026000 0.026500 0.027000 0.027500 0.028000 0.028500 0.029000 0.029500 



DATA
5268.846698

7062.477039

7778.252400

8635.948791

9355.333322

9930.559040

10406.583254

10771.585121

11039.364337

11137.465513

11055.186257

10707.784955

10126.523709

9289.414823

8317.716560

7268.742828

6295.645125

5444.654350

4802.459981

4360.021538

4161.647741

4203.603646

4587.399795

5414.375100

7046.605199

9882.454891

14946.971957

21749.061740

30722.665519

27776.086109

27776.086115

30722.665538

21749.061761

14946.971970

9882.454899

7046.605204

5414.375104

4587.399797

4203.603647

4161.647742

4360.021539

4802.459982

5444.654350

6295.645124

7268.742827

8317.716558

9289.414821

10126.523707

10707.784953

11055.186255

11137.465511

11039.364335

10771.585119

10406.583252

9930.559039

9355.333321

8635.948790

7778.252399

7062.477038

5268.846697

6920.149870

10541.628600

10168.589208

10116.848679

10257.792439

10444.247020

10503.650546

10412.213667

10101.682537

9603.826493

8893.908920

8050.321995

7098.889659

6154.015984

5259.774494

4496.417433

3865.282890

3386.726992

3032.448172

2802.842007

2672.416528

2649.638932

2723.090574

2925.418880

3273.303595

3884.501752

4908.299541

7167.165354

12672.749364

10522.370838

10522.370840

12672.749371

7167.165360

4908.299546

3884.501756

3273.303598

2925.418883

2723.090577

2649.638934

2672.416529

2802.842008

3032.448174

3386.726994

3865.282892

4496.417434

5259.774495

6154.015985

7098.889659

8050.321994

8893.908920

9603.826492

10101.682536

10412.213667

10503.650545

10444.247020

10257.792439

10116.848678

10168.589208

10541.628599

6920.149869

7330.350271

10270.144971

11294.140810

11189.965009

11127.549214

10967.439300

10646.137943

10040.536452

9206.082147

8172.800362

7080.261576

5994.400990

5023.322346

4184.667177

3511.131737

2974.466570

2568.318244

2258.102517

2033.928584

1870.294042

1762.467713

1693.103618

1662.832415

1662.334925

1704.250215

1806.556409

2042.446213

2632.930238

3613.566213

4433.614993

4433.614995

3613.566215

2632.930240

2042.446214

1806.556411

1704.250217

1662.334927

1662.832416

1693.103619

1762.467715

1870.294043

2033.928585

2258.102518

2568.318246

2974.466572

3511.131738

4184.667178

5023.322347

5994.400991

7080.261576

8172.800362

9206.082148

10040.536452

10646.137943

10967.439300

11127.549214

11189.965009

11294.140810

10270.144970

7330.350270

7944.078603

9998.523237

11181.736546

11511.089887

11371.514776

10995.240226

10274.635655

9259.609170

8008.209681

6721.172863

5511.133846

4493.022419

3665.611670

3030.760929

2540.230889

2173.059641

1890.711872

1679.895777

1516.146583

1393.294914

1295.097738

1219.513406

1156.191685

1108.515613

1077.294028

1081.548581

1157.799357

1360.361479

1701.535034

2109.277754

2109.277754

1701.535035

1360.361480

1157.799358

1081.548581

1077.294028

1108.515614

1156.191685

1219.513406

1295.097739

1393.294915

1516.146583

1679.895778

1890.711873

2173.059642

2540.230890

3030.760930

3665.611671

4493.022421

5511.133847

6721.172864

8008.209682

9259.609171

10274.635656

10995.240226

11371.514777

11511.089887

11181.736545

9998.523237

7944.078602

8509.093665

9973.365326

10875.835807

11124.758178

10878.717652

10203.627012

9186.826185

7890.895016

6535.020627

5268.278024

4223.641893

3399.162394

2783.660972

2319.069355

1976.609760

1715.067701

1519.243904

1364.764697

1245.345341

1145.200791

1062.538072

986.902946

920.973762

861.578188

820.105481

806.176629

847.483174

953.874075

1150.983394

1498.754783

1498.754783

1150.983395

953.874076

847.483174

806.176629

820.105481

861.578189

920.973762

986.902947

1062.538072

1145.200792

1245.345342

1364.764698

1519.243905

1715.067701

1976.609761

2319.069356

2783.660973

3399.162395

4223.641895

5268.278026

6535.020629

7890.895017

9186.826186

10203.627013

10878.717652

11124.758178

10875.835807

9973.365325

8509.093665

9064.632295

10050.616298

10505.850317

10393.786488

9779.876272

8803.876072

7563.926210

6259.219452

5033.199408

4018.170641

3219.355097

2626.982726

2184.653998

1862.628537

1619.906523

1440.659148

1300.595874

1193.310849

1102.848709

1027.565063

956.235203

891.542027

828.136215

775.816855

737.829090

734.155514

771.501833

870.609588

1017.718197

1273.805588

1273.805588

1017.718197

870.609588

771.501833

734.155514

737.829090

775.816855

828.136215

891.542028

956.235203

1027.565063

1102.848710

1193.310850

1300.595874

1440.659149

1619.906524

1862.628537

2184.653999

2626.982727

3219.355099

4018.170643

5033.199410

6259.219454

7563.926211

8803.876073

9779.876273

10393.786488

10505.850316

10050.616298

9064.632295

9597.613978

10106.371856

10050.248321

9422.319845

8399.133483

7153.653910

5893.539772

4738.821062

3789.996227

3043.072753

2487.410597

2072.521938

1772.139841

1548.651221

1387.323674

1264.979303

1175.370524

1102.526390

1044.608972

989.190134

938.427134

884.472540

836.492193

794.587549

777.907915

793.967466

867.630688

987.545232

1138.701464

1353.272265

1353.272266

1138.701464

987.545232

867.630689

793.967466

777.907915

794.587549

836.492193

884.472540

938.427135

989.190134

1044.608972

1102.526391

1175.370525

1264.979304

1387.323675

1548.651222

1772.139842

2072.521939

2487.410598

3043.072754

3789.996229

4738.821064

5893.539773

7153.653911

8399.133484

9422.319845

10050.248321

10106.371856

9597.613978

10077.330330

10055.473663

9426.923262

8310.531304

6952.392657

5630.340686

4477.640080

3564.580967

2861.455341

2343.033718

1957.329408

1679.319636

1474.852071

1331.053475

1226.876344

1156.866480

1105.926020

1072.198325

1042.464644

1017.819041

987.416806

959.070292

929.204001

917.999848

933.538132

1012.031643

1167.248402

1399.243986

1565.280438

1667.805781

1667.805781

1565.280438

1399.243986

1167.248402

1012.031643

933.538132

917.999848

929.204001

959.070292

987.416806

1017.819041

1042.464644

1072.198325

1105.926020

1156.866481

1226.876344

1331.053475

1474.852072

1679.319636

1957.329409

2343.033719

2861.455342

3564.580968

4477.640081

5630.340687

6952.392658

8310.531305

9426.923262

10055.473663

10077.330331

10430.520927

9809.635554

8628.275839

7120.017151

5638.843903

4384.550002

3430.464752

2723.926791

2217.570393

1848.039646

1585.311413

1394.974539

1264.650035

1175.084329

1121.895234

1091.718478

1083.392584

1084.251539

1094.625256

1101.172987

1109.113776

1109.796910

1123.077174

1155.069996

1253.979714

1458.226878

1862.688243

2412.755510

2680.494664

2441.756947

2441.756946

2680.494663

2412.755509

1862.688243

1458.226878

1253.979714

1155.069996

1123.077174

1109.796910

1109.113776

1101.172987

1094.625256

1084.251539

1083.392585

1091.718478

1121.895234

1175.084330

1264.650036

1394.974539

1585.311413

1848.039646

2217.570394

2723.926791

3430.464753

4384.550003

5638.843904

7120.017151

8628.275840

9809.635554

10430.520928

10559.796632

9313.454189

7661.656341

5971.546603

4532.531806

3458.170516

2688.104305

2153.654703

1774.489137

1510.741521

1323.295000

1197.861697

1115.283541

1071.739052

1055.590347

1067.011334

1095.368790

1141.561191

1191.754612

1248.328072

1296.866941

1352.818413

1416.141661

1540.224581

1771.299293

2280.209281

3279.079939

4928.686036

5639.169238

4021.140622

4021.140618

5639.169228

4928.686029

3279.079937

2280.209280

1771.299293

1540.224580

1416.141661

1352.818413

1296.866942

1248.328072

1191.754612

1141.561191

1095.368790

1067.011334

1055.590347

1071.739052

1115.283541

1197.861697

1323.295000

1510.741522

1774.489138

2153.654704

2688.104306

3458.170517

4532.531807

5971.546604

7661.656342

9313.454190

10559.796634

10353.186295

8537.878231

6612.559931

4932.314719

3672.753636

2784.827833

2182.138266

1764.668529

1479.936875

1280.808459

1149.112207

1063.752606

1020.518327

1008.543273

1029.338821

1074.812903

1147.924656

1236.947363

1343.158183

1447.730699

1557.609325

1661.077955

1802.411613

2016.289798

2467.615885

3402.493741

5598.478425

9659.402985

14660.527580

14540.331188

14540.331165

14660.527528

9659.402957

5598.478417

3402.493738

2467.615884

2016.289797

1802.411613

1661.077955

1557.609325

1447.730699

1343.158183

1236.947363

1147.924656

1074.812903

1029.338821

1008.543273

1020.518327

1063.752606

1149.112208

1280.808459

1479.936875

1764.668530

2182.138266

2784.827833

3672.753636

4932.314720

6612.559932

8537.878232

10353.186296

9742.338156

7527.431495

5561.012679

4066.095671

3017.252512

2313.147267

1832.601325

1508.626607

1283.908429

1135.205359

1037.819676

986.294238

969.175803

988.739970

1038.633416

1124.394389

1237.765394

1381.669955

1536.040847

1698.838107

1843.189259

1991.832656

2154.894861

2445.270116

3002.702489

4305.320952

7121.968878

12845.853634

34120.887599

267595.945853

267595.946700

34120.887552

12845.853590

7121.968865

4305.320947

3002.702488

2445.270115

2154.894861

1991.832656

1843.189259

1698.838107

1536.040847

1381.669955

1237.765394

1124.394390

1038.633417

988.739970

969.175803

986.294238

1037.819676

1135.205360

1283.908430

1508.626608

1832.601326

2313.147267

3017.252513

4066.095671

5561.012680

7527.431496

9742.338157

8714.301372

6381.542884

4603.435843

3363.715230

2536.748625

1977.039055

1600.994376

1340.191601

1166.064048

1049.450595

983.301323

954.435811

965.302923

1009.858911

1095.738200

1217.488414

1381.368836

1568.662942

1771.768165

1949.503257

2099.481347

2205.747530

2337.898465

2561.203764

3085.144951

4228.276212

6775.758035

12356.391802

60725.604191

731176.567392

731176.569715

60725.604322

12356.391777

6775.758024

4228.276208

3085.144949

2561.203763

2337.898465

2205.747530

2099.481347

1949.503257

1771.768165

1568.662943

1381.368837

1217.488414

1095.738200

1009.858911

965.302923

954.435811

983.301324

1049.450596

1166.064049

1340.191602

1600.994376

1977.039056

2536.748625

3363.715231

4603.435844

6381.542885

8714.301374

7390.388595

5237.339664

3777.103473

2818.911305

2178.088491

1747.664549

1447.414839

1243.950373

1104.051245

1019.614857

975.325774

973.760849

1008.037080

1087.360791

1207.452220

1378.184024

1582.434173

1810.986270

2010.837298

2158.255387

2214.857356

2226.808695

2235.632408

2358.897585

2712.205359

3593.081303

5699.966389

12644.111565

78990.136703

764093.606340

764093.609354

78990.136964

12644.111559

5699.966385

3593.081301

2712.205358

2358.897584

2235.632408

2226.808695

2214.857356

2158.255388

2010.837298

1810.986271

1582.434174

1378.184025

1207.452220

1087.360791

1008.037080

973.760849

975.325774

1019.614857

1104.051245

1243.950374

1447.414839

1747.664550

2178.088492

2818.911306

3777.103474

5237.339665

7390.388597

5946.332045

4202.399100

3104.092415

2392.723854

1919.877697

1589.084945

1361.052306

1199.727183

1097.326522

1037.102134

1022.589674

1045.743723

1117.582340

1233.784393

1408.119768

1623.914127

1872.961597

2090.304360

2235.173484

2248.335142

2168.123523

2036.494644

1952.141284

1978.448435

2241.543314

2972.612714

5204.992878

12986.724870

63149.447735

479776.536046

479776.539150

63149.448055

12986.724885

5204.992878

2972.612714

2241.543313

1978.448435

1952.141284

2036.494643

2168.123523

2248.335142

2235.173485

2090.304361

1872.961598

1623.914128

1408.119768

1233.784393

1117.582340

1045.743723

1022.589674

1037.102134

1097.326523

1199.727183

1361.052306

1589.084945

1919.877698

2392.723855

3104.092416

4202.399101

5946.332047

4597.984657

3336.608919

2564.647138

2069.278878

1729.228981

1493.499716

1322.770985

1210.090803

1138.740594

1114.767335

1129.712276

1197.680333

1314.197893

1498.464891

1733.597686

2015.080452

2262.121215

2416.598971

2390.999234

2226.802942

1978.700374

1757.082978

1613.341812

1617.273132

1855.236817

2646.313639

5313.864563

12162.275817

35174.979928

210310.647385

210310.649582

35174.980176

12162.275850

5313.864567

2646.313639

1855.236817

1617.273131

1613.341811

1757.082978

1978.700374

2226.802942

2390.999234

2416.598972

2262.121216

2015.080452

1733.597686

1498.464891

1314.197893

1197.680333

1129.712276

1114.767335

1138.740594

1210.090803

1322.770986

1493.499717

1729.228981

2069.278878

2564.647138

3336.608920

4597.984658

3463.067391

2645.800197

2145.010133

1818.804699

1599.475393

1441.829293

1336.828883

1268.101436

1245.024441

1260.243445

1332.997497

1459.940907

1668.965998

1944.167133

2289.902720

2603.484941

2803.589983

2750.250731

2493.527782

2110.956402

1754.406498

1479.281448

1334.043460

1341.526512

1614.689207

2588.321505

5743.297483

11877.512114

25585.810137

114964.962146

114964.963753

25585.810357

11877.512164

5743.297490

2588.321505

1614.689206

1341.526511

1334.043460

1479.281448

1754.406498

2110.956402

2493.527782

2750.250732

2803.589984

2603.484942

2289.902721

1944.167134

1668.965998

1459.940908

1332.997497

1260.243445

1245.024441

1268.101437

1336.828883

1441.829293

1599.475393

1818.804700

2145.010134

2645.800198

3463.067391

2589.376646

2112.326669

1817.208478

1632.960797

1511.528280

1438.121100

1394.926118

1392.403065

1425.074310

1518.799775

1674.036691

1932.250760

2282.851273

2748.929229

3200.830937

3525.630747

3480.091581

3115.544731

2536.856586

1990.243748

1554.177360

1276.163705

1140.092458

1175.822085

1507.445175

2744.704873

6456.619115

12871.543599

26623.669089

102228.085656

102228.087150

26623.669351

12871.543669

6456.619129

2744.704874

1507.445175

1175.822085

1140.092457

1276.163705

1554.177360

1990.243748

2536.856587

3115.544733

3480.091584

3525.630749

3200.830939

2748.929231

2282.851273

1932.250761

1674.036691

1518.799775

1425.074311

1392.403065

1394.926118

1438.121100

1511.528280

1632.960797

1817.208479

2112.326669

2589.376646

1945.067673

1706.231581

1566.720133

1492.608437

1467.227960

1471.977422

1514.421287

1589.821801

1729.362687

1940.438232

2283.578996

2762.853744

3435.541837

4145.194828

4742.206431

4801.847685

4345.376134

3468.805729

2605.471531

1899.790324

1434.978855

1155.519334

1044.709293

1113.855015

1549.824016

3191.810449

7193.963026

15797.391415

31058.957639

105997.245316

105997.246621

31058.957952

15797.391517

7193.963047

3191.810451

1549.824016

1113.855015

1044.709293

1155.519334

1434.978855

1899.790324

2605.471533

3468.805732

4345.376138

4801.847690

4742.206436

4145.194831

3435.541838

2762.853745

2283.578997

1940.438232

1729.362687

1589.821802

1514.421287

1471.977422

1467.227960

1492.608437

1566.720133

1706.231581

1945.067674

1486.381556

1401.346299

1373.409354

1395.277973

1454.563540

1556.418440

1696.775845

1908.309578

2207.239065

2676.876137

3351.339237

4342.236805

5475.731249

6556.906042

6907.084240

6495.053483

5268.828473

3914.456621

2711.485458

1904.559630

1396.231995

1129.567656

1040.736347

1174.232439

1819.350323

4046.789336

8787.498913

18708.222666

35303.488718

84998.350018

84998.350611

35303.489034

18708.222788

8787.498943

4046.789340

1819.350323

1174.232439

1040.736347

1129.567657

1396.231995

1904.559631

2711.485460

3914.456625

5268.828481

6495.053494

6907.084251

6556.906051

5475.731254

4342.236807

3351.339238

2676.876138

2207.239065

1908.309578

1696.775845

1556.418441

1454.563540

1395.277974

1373.409354

1401.346299

1486.381556

1162.176245

1173.526153

1228.820925

1328.402739

1480.596016

1686.631558

1979.127223

2383.674298

3004.935375

3923.009394

5324.241895

7040.869412

8794.036405

9623.821789

9508.575388

8162.924260

6376.858835

4411.287933

2959.870958

1993.028562

1459.196117

1186.781967

1140.764874

1396.890406

2485.879861

5866.126860

11032.275902

22491.834603

35805.243634

64838.482285

64838.482385

35805.243861

22491.834738

11032.275938

5866.126867

2485.879861

1396.890406

1140.764874

1186.781967

1459.196118

1993.028563

2959.870961

4411.287940

6376.858849

8162.924281

9508.575412

9623.821811

8794.036421

7040.869420

5324.241899

3923.009396

3004.935376

2383.674299

1979.127223

1686.631558

1480.596016

1328.402740

1228.820925

1173.526153

1162.176245

936.117460

1005.916280

1120.375444

1293.396338

1536.470839

1885.140837

2375.662543

3126.262322

4265.376527

6061.090323

8393.876881

10859.514334

12227.353672

12507.030297

11429.142465

9828.317250

7421.872290

5147.047716

3293.179303

2206.945635

1594.220546

1334.468244

1348.977103

1843.535244

3910.183765

8454.765231

16157.041288

24885.830254

33528.127447

43274.457006

43274.456975

33528.127548

24885.830365

16157.041332

8454.765236

3910.183765

1843.535244

1348.977104

1334.468244

1594.220547

2206.945637

3293.179308

5147.047727

7421.872312

9828.317284

11429.142506

12507.030340

12227.353707

10859.514358

8393.876893

6061.090328

4265.376529

3126.262323

2375.662543

1885.140837

1536.470839

1293.396338

1120.375444

1005.916280

936.117461

778.983800

883.956682

1044.718979

1281.030059

1632.705453

2147.792715

2948.587027

4194.637458

6213.482875

8990.600634

12052.735801

13942.746760

14543.991428

13790.349255

12712.295042

10850.270345

8646.655920

5866.165591

3785.302467

2451.486978

1802.171154

1530.365168

1658.355079

2633.830071

5834.314605

11468.500714

20218.537644

29297.346066

28588.938368

26729.042116

26729.042039

28588.938368

29297.346151

20218.537672

11468.500708

5834.314602

2633.830070

1658.355079

1530.365169

1802.171155

2451.486981

3785.302474

5866.165608

8646.655953

10850.270394

12712.295102

13790.349316

14543.991485

13942.746804

12052.735829

8990.600647

6213.482880

4194.637460

2948.587029

2147.792716

1632.705454

1281.030059

1044.718979

883.956682

778.983800

672.462606

799.097295

993.839562

1295.241797

1758.018569

2500.332390

3690.019226

5669.207343

8564.610447

12006.499583

14447.160526

15434.674532

14958.048348

14119.047684

12872.935397

11643.809231

9354.344676

6665.695716

4135.609465

2717.703057

1961.510289

1738.228828

2009.729476

3706.917748

8159.821287

12610.542986

21193.809777

25741.206916

33963.921249

47113.229424

47113.229327

33963.921185

25741.206908

21193.809773

12610.542958

8159.821271

3706.917746

2009.729476

1738.228829

1961.510291

2717.703062

4135.609475

6665.695740

9354.344721

11643.809295

12872.935469

14119.047760

14958.048421

15434.674596

14447.160573

12006.499610

8564.610459

5669.207347

3690.019228

2500.332391

1758.018569

1295.241798

993.839562

799.097295

672.462606

603.450135

743.419340

967.960614

1326.677846

1921.884209

2910.520926

4608.398870

7260.272224

10760.671769

13745.148618

15352.952500

15328.815995

14633.254390

13590.955535

12798.071854

11585.959340

9862.271992

6838.963821

4353.614870

2745.581222

2040.409981

1811.574403

2287.139042

5168.021764

9404.261739

14640.205368

15982.424223

19420.677731

23811.272819

33507.828887

33507.828729

23811.272694

19420.677629

15982.424157

14640.205299

9404.261700

5168.021756

2287.139042

1811.574404

2040.409983

2745.581227

4353.614882

6838.963849

9862.272049

11585.959414

12798.071937

13590.955618

14633.254472

15328.816070

15352.952562

13745.148659

10760.671791

7260.272232

4608.398874

2910.520927

1921.884210

1326.677846

967.960614

743.419340

603.450136

564.554660

714.136858

961.239655

1380.464553

2097.916625

3373.015583

5500.836670

8657.664669

11954.644334

14333.675888

15088.245943

14802.231231

13923.961157

13134.081534

12292.320676

11474.886747

9447.111250

6671.450148

4005.312469

2592.631086

1858.200519

1731.192133

2297.793438

6079.808074

9792.490762

14037.948788

15736.395341

16754.716322

22350.835407

34123.373261

34123.373149

22350.835246

16754.716158

15736.395181

14037.948673

9792.490690

6079.808057

2297.793437

1731.192134

1858.200522

2592.631091

4005.312481

6671.450180

9447.111309

11474.886829

12292.320764

13134.081623

13923.961243

14802.231312

15088.246012

14333.675939

11954.644365

8657.664683

5500.836675

3373.015584

2097.916625

1380.464554

961.239655

714.136858

564.554660

551.798345

707.655122

976.707598

1443.007258

2287.667443

3776.015569

6245.001217

9380.607621

12329.597624

14046.712143

14583.926344

14164.155937

13456.800526

12681.327780

12071.440377

10900.541220

8866.504114

5683.305653

3440.447692

2101.910769

1540.945601

1385.938109

1982.977456

6421.794585

8493.432625

13252.841784

16907.796002

22490.519857

23298.430561

28519.015913

28519.015811

23298.430353

22490.519549

16907.795783

13252.841616

8493.432531

6421.794555

1982.977454

1385.938109

1540.945603

2101.910773

3440.447703

5683.305680

8866.504173

10900.541303

12071.440471

12681.327873

13456.800616

14164.156020

14583.926416

14046.712198

12329.597659

9380.607640

6245.001224

3776.015571

2287.667444

1443.007258

976.707598

707.655122

551.798345

564.730079

725.737742

1009.009644

1520.256569

2440.658125

4093.965393

6588.352469

9570.801355

12006.855583

13546.049612

14012.370675

13777.749729

13165.872781

12613.894534

11844.673291

10541.893913

7619.365390

4617.415732

2561.004214

1575.357779

1080.434764

987.746529

1353.150936

4889.527218

7569.869772

12416.058265

20788.057798

27747.253775

25669.464741

29169.604244

29169.604185

25669.464484

27747.253435

20788.057489

12416.058041

7569.869653

4889.527191

1353.150934

987.746529

1080.434764

1575.357782

2561.004221

4617.415753

7619.365439

10541.893997

11844.673388

12613.894632

13165.872874

13777.749814

14012.370747

13546.049668

12006.855619

9570.801376

6588.352478

4093.965396

2440.658126

1520.256569

1009.009644

725.737742

564.730079

606.636770

768.325116

1063.918184

1592.657569

2564.035315

4205.996048

6633.906308

9224.067328

11453.971250

12886.559347

13593.477854

13552.323868

13199.796467

12708.040948

12033.343443

9898.156687

6433.061096

3352.930067

1814.389967

1031.025864

707.586052

602.931692

822.409894

2923.075111

7252.783139

15076.900044

18908.914168

28147.484248

26623.222641

19891.390835

19891.390743

26623.222446

28147.483989

18908.913825

15076.899667

7252.782996

2923.075095

822.409893

602.931692

707.586052

1031.025865

1814.389971

3352.930080

6433.061135

9898.156766

12033.343546

12708.041052

13199.796564

13552.323954

13593.477925

12886.559401

11453.971286

9224.067348

6633.906317

4205.996052

2564.035317

1592.657569

1063.918185

768.325116

606.636770

685.214850

842.277331

1135.695486

1671.001948

2606.539187

4183.889399

6314.664885

8681.002330

10654.861064

12234.491661

13193.257421

13541.034958

13379.824007

13181.768831

12271.481329

9463.609874

5019.889592

2390.211261

1171.721545

658.287539

426.638143

364.242465

451.573971

1478.115359

9371.426817

14820.976534

24854.523365

22206.047112

37794.739069

27187.026749

27187.026658

37794.739006

22206.046832

24854.522833

14820.976112

9371.426571

1478.115352

451.573971

364.242465

426.638143

658.287540

1171.721547

2390.211269

5019.889618

9463.609947

12271.481436

13181.768943

13379.824109

13541.035046

13193.257490

12234.491710

10654.861096

8681.002349

6314.664894

4183.889402

2606.539188

1671.001948

1135.695486

842.277331

685.214850

815.791443

952.022656

1233.828677

1734.888237

2611.039259

3969.953459

5865.015325

7862.674096

9808.147287

11422.867726

12801.139580

13563.986703

13819.220550

13749.641740

12975.475486

8758.851168

3920.457089

1623.112143

764.525651

408.090264

267.506458

218.045653

268.155271

749.770832

10690.937961

19861.066210

18176.508684

20197.888398

18835.452745

37404.306683

37404.307127

18835.452831

20197.888069

18176.508274

19861.065606

10690.937645

749.770829

268.155271

218.045653

267.506458

408.090264

764.525652

1623.112147

3920.457106

8758.851231

12975.475601

13749.641859

13819.220657

13563.986791

12801.139645

11422.867770

9808.147315

7862.674112

5865.015333

3969.953462

2611.039260

1734.888238

1233.828677

952.022656

815.791443

1024.735700

1112.387892

1353.024846

1806.652110

2547.115645

3706.178325

5203.267423

7001.081040

8715.022181

10490.474500

12159.036859

13616.273407

14285.324652

14704.357601

13691.402639

8356.362368

2988.377579

1144.188044

508.651735

270.281134

172.806041

144.344257

168.612975

467.142293

12796.059253

17323.730735

11699.690929

18222.336575

27203.956441

36275.611422

36275.611560

27203.956780

18222.336559

11699.690711

17323.730184

12796.058840

467.142292

168.612975

144.344257

172.806041

270.281134

508.651736

1144.188046

2988.377590

8356.362423

13691.402757

14704.357729

14285.324762

13616.273493

12159.036917

10490.474537

8715.022203

7001.081052

5203.267429

3706.178328

2547.115646

1806.652111

1353.024846

1112.387892

1024.735700

1359.507858

1335.729793

1509.478082

1871.589113

2483.664336

3353.649298

4553.982776

5915.537072

7544.683865

9178.838585

11191.835827

13334.714537

14969.572362

15602.806678

15024.370452

7891.840715

2419.724494

849.460174

370.347173

192.971442

122.911148

101.597086

127.634803

320.642786

7474.864060

9072.266995

14910.831299

39235.565464

31430.571435

27834.929791

27834.929759

31430.571375

39235.565829

14910.831159

9072.266809

7474.863860

320.642785

127.634803

101.597086

122.911148

192.971442

370.347174

849.460175

2419.724500

7891.840761

15024.370580

15602.806812

14969.572475

13334.714616

11191.835875

9178.838612

7544.683881

5915.537081

4553.982781

3353.649300

2483.664337

1871.589113

1509.478082

1335.729793

1359.507858

1900.724774

1651.837732

1701.846936

1963.415343

2399.953812

3046.688901

3841.926505

4891.694246

6076.811207

7673.984122

9581.098496

12529.595055

15473.252888

17006.027998

16124.264805

8194.793618

2109.856690

702.154593

299.241404

154.892110

96.792356

78.117004

105.614791

408.579090

2767.873190

9457.815158

36920.866873

30420.633262

25221.278579

32085.342841

32085.342724

25221.278522

30420.632742

36920.866155

9457.814940

2767.873137

408.579089

105.614791

78.117004

96.792356

154.892110

299.241404

702.154593

2109.856695

8194.793661

16124.264936

17006.028142

15473.253000

12529.595121

9581.098530

7673.984141

6076.811217

4891.694252

3841.926508

3046.688903

2399.953812

1963.415344

1701.846936

1651.837732

1900.724774

2785.551146

2089.424123

1958.645594

2072.401597

2359.081701

2745.980945

3264.324216

3857.344243

4725.636370

5831.386857

7640.494373

10604.497054

15694.413388

18579.207598

17907.628404

9013.295527

2109.531448

657.934179

275.404393

140.427184

87.217679

66.877356

81.196444

812.810139

26885.749247

41059.470686

17041.158919

17600.814951

27928.154197

38287.444137

38287.444377

27928.154227

17600.814571

17041.158329

41059.469441

26885.748313

812.810136

81.196444

66.877356

87.217679

140.427184

275.404393

657.934179

2109.531451

9013.295572

17907.628546

18579.207750

15694.413492

10604.497099

7640.494394

5831.386868

4725.636376

3857.344247

3264.324218

2745.980947

2359.081702

2072.401597

1958.645594

2089.424123

2785.551145

4218.286312

2709.141222

2286.934484

2237.484878

2337.969655

2537.585102

2761.201720

3079.644037

3483.681300

4246.361622

5431.423781

7974.461092

14124.096473

21239.406876

19349.559539

11296.909416

2460.635568

707.743073

289.457043

146.785551

89.404180

68.757014

64.043975

282.899900

250831.967138

27216.350971

10621.059971

20436.099084

30220.181627

40806.729009

40806.729111

30220.181488

20436.098831

10621.059806

27216.350555

250831.947367

282.899899

64.043975

68.757014

89.404180

146.785551

289.457043

707.743073

2460.635573

11296.909474

19349.559689

21239.407043

14124.096552

7974.461117

5431.423791

4246.361627

3483.681303

3079.644039

2761.201721

2537.585103

2337.969656

2237.484879

2286.934484

2709.141222

4218.286311

6444.382643

3570.428818

2732.288777

2450.221713

2385.018525

2379.662797

2423.354579

2475.680857

2641.988619

2948.998513

3717.899919

5192.001072

10121.438504

23600.042258

23500.489713

12981.437157

3458.634327

873.490741

344.448063

175.583573

108.861732

80.958681

81.305827

117.409285

11924.985861

36316.986768

56546.642631

24777.693483

32783.533994

38142.824872

38142.824773

32783.534107

24777.693691

56546.642426

36316.987024

11924.985731

117.409285

81.305827

80.958681

108.861732

175.583573

344.448063

873.490741

3458.634333

12981.437228

23500.489895

23600.042432

10121.438546

5192.001082

3717.899924

2948.998515

2641.988621

2475.680859

2423.354580

2379.662797

2385.018526

2450.221714

2732.288777

3570.428818

6444.382641

9572.834987

4774.315403

3307.330750

2754.461943

2479.546269

2321.890005

2186.443914

2102.969569

2059.943946

2162.201810

2460.155013

3330.807358

5566.665824

19750.479597

30814.739149

16102.535660

5238.984849

1179.282323

465.221570

233.283596

153.742429

119.715776

126.365949

165.616670

246.837394

716.476567

41849.928468

71045.249551

41243.386443

42138.454594

42138.453957

41243.386838

71045.250563

41849.929423

716.476568

246.837394

165.616669

126.365948

119.715776

153.742429

233.283596

465.221570

1179.282324

5238.984861

16102.535757

30814.739390

19750.479719

5566.665838

3330.807362

2460.155015

2162.201811

2059.943946

2102.969570

2186.443915

2321.890006

2479.546270

2754.461944

3307.330750

4774.315402

9572.834986

13384.410730

6353.911746

4071.500419

3145.232643

2668.730666

2334.462140

2084.029995

1869.721060

1732.737084

1668.895210

1765.642183

2108.979040

3128.658415

8509.034520

44357.065629

23952.878673

7162.668091

1757.806707

646.720329

342.172600

230.236739

212.380059

206.209679

252.874336

376.128676

264.559003

213.118569

36004.977823

103851.027796

76944.535624

76944.535914

103851.025641

36004.978700

213.118570

264.559003

376.128675

252.874335

206.209678

212.380059

230.236739

342.172600

646.720329

1757.806708

7162.668117

23952.878833

44357.065981

8509.034551

3128.658420

2108.979042

1765.642184

1668.895211

1732.737085

1869.721061

2084.029996

2334.462141

2668.730666

3145.232644

4071.500419

6353.911745

13384.410731

17234.072288

8300.226973

5018.390639

3678.771564

2944.404547

2461.278429

2077.427934

1783.599132

1552.005560

1413.175073

1362.604452

1475.373382

1876.574621

3263.846227

28458.794593

43126.759784

12671.301112

2807.111025

896.080246

496.516789

358.822847

331.755473

390.484404

385.888550

760.326135

3198.593638

3618.747290

3.455689

3423.597303

159953.889098

159953.884436

3423.597508

3.455689

3618.747265

3198.593612

760.326133

385.888549

390.484404

331.755473

358.822847

496.516789

896.080246

2807.111028

12671.301176

43126.760141

28458.794774

3263.846234

1876.574622

1475.373383

1362.604452

1413.175074

1552.005560

1783.599133

2077.427934

2461.278430

2944.404547

3678.771564

5018.390639

8300.226973

17234.072291

20538.647087

10349.332832

6176.284121

4348.661885

3365.779213

2694.124431

2199.342153

1803.554701

1508.577529

1290.587879

1166.958904

1130.863766

1270.861465

1637.478421

5216.434706

73171.360344

25680.555538

5477.307466

1461.958981

613.291445

523.315174

479.284931

557.992042

762.379933

848.766916

2428.896881

25701.869694

6.327759

9.075211

153384.180034

153384.183632

9.075211

6.327759

25701.869498

2428.896869

848.766914

762.379932

557.992042

479.284931

523.315174

613.291445

1461.958981

5477.307482

25680.555718

73171.360973

5216.434719

1637.478423

1270.861466

1130.863767

1166.958904

1290.587880

1508.577529

1803.554701

2199.342153

2694.124432

3365.779214

4348.661885

6176.284121

10349.332832

20538.647095

22771.398494

12252.973993

7423.579068

5206.140859

3935.366963

3089.175613

2444.613867

1953.421447

1569.100612

1287.995849

1087.106635

976.159637

940.946518

1101.224187

1464.575132

27325.613811

63638.622301

17362.575913

3959.690771

1028.872459

516.833277

730.414318

747.103227

1056.707421

1010.834428

614.099005

5.720233

0.053417

607485128.528587

171.461806

171.461806

607485128.782614

0.053417

5.720233

614.099005

1010.834427

1056.707421

747.103227

730.414318

516.833277

1028.872459

3959.690775

17362.576012

63638.622868

27325.613942

1464.575134

1101.224188

940.946518

976.159637

1087.106636

1287.995850

1569.100613

1953.421447

2444.613868

3089.175614

3935.366964

5206.140859

7423.579068

12252.973994

22771.398504

23845.378732

13639.888793

8695.596552

6194.068891

4713.996397

3658.966502

2864.673382

2237.415224

1754.776892

1384.468062

1113.129871

922.341872

810.960824

783.489437

853.486429

1715.852893

222499.502237

40753.470823

17387.110001

6818.871561

1019.335597

562.665911

1519.915118

1469.312972

964.539613

152.800482

1.844119

0.028377

150714.401743

18.919439

18.919439

150714.401943

0.028377

1.844119

152.800482

964.539612

1469.312971

1519.915118

562.665911

1019.335597

6818.871566

17387.110063

40753.471103

222499.503253

1715.852895

853.486429

783.489437

810.960824

922.341872

1113.129871

1384.468062

1754.776892

2237.415224

2864.673383

3658.966503

4713.996398

6194.068892

8695.596553

13639.888795

23845.378743

23625.780254

14488.448604

9796.770402

7309.538173

5676.606916

4464.675437

3485.932577

2704.696063

2084.327860

1601.646752

1236.971291

963.555237

780.331228

650.874023

652.664362

627.537021

2936.071531

807900.884124

41367.706699

37767.296668

20406.452752

2548.635914

1068.899927

1833.450160

433.538443

69.999112

2.323751

0.227860

41323127110.582695

2119.355989

2119.355991

41323127114.706879

0.227860

2.323751

69.999112

433.538443

1833.450159

1068.899927

2548.635913

20406.452744

37767.296689

41367.706825

807900.884776

2936.071535

627.537021

652.664362

650.874023

780.331229

963.555238

1236.971292

1601.646753

2084.327860

2704.696063

3485.932578

4464.675438

5676.606916

7309.538174

9796.770403

14488.448607

23625.780264

22427.978726

14702.677241

10720.790585

8424.862848

6831.825416

5502.559837

4366.109194

3400.577990

2606.294351

1977.079223

1478.660226

1110.321550

826.492493

651.127450

515.627204

502.773062

511.120466

7394.213592

399406.333866

129202.861769

420405.778845

32285.421081

12845.524871

703.219371

257.580983

67.600262

3.239567

0.186900

268840311.943729

10942.470055

10942.470059

268840312.010083

0.186900

3.239567

67.600262

257.580983

703.219372

12845.524836

32285.420854

420405.774340

129202.861311

399406.333249

7394.213599

511.120466

502.773062

515.627204

651.127450

826.492493

1110.321550

1478.660226

1977.079223

2606.294352

3400.577991

4366.109195

5502.559838

6831.825417

8424.862849

10720.790586

14702.677244

22427.978735

20436.921581

14518.112350

11358.339914

9513.685538

8075.614483

6770.972352

5520.351382

4377.076771

3390.233817

2558.906500

1901.111043

1374.224603

994.359190

708.778731

529.567733

420.695761

369.259167

434.890529

9700.761151

78969.567578

147082.567840

77138.066192

138017.730690

36602.670489

1151.076358

186.868047

9.624946

0.204216

104772869147.253601

39273282.963290

39273283.267115

104772869153.662460

0.204216

9.624946

186.868047

1151.076358

36602.669979

138017.728385

77138.065779

147082.567202

78969.567673

9700.761160

434.890529

369.259167

420.695761

529.567733

708.778731

994.359190

1374.224603

1901.111044

2558.906501

3390.233818

4377.076772

5520.351383

6770.972353

8075.614484

9513.685539

11358.339915

14518.112353

20436.921588

18186.717385

13964.577997

11795.676650

10447.805400

9346.018406

8173.442356

6924.492001

5667.775950

4482.906101

3445.975580

2556.106355

1847.098029

1292.788197

891.948216

624.187009

434.388501

349.824033

284.013980

315.087769

2210.364689

2309447.364911

21547.379502

204264.395634

34682.745034

259835.719336

20066.849762

202127.558324

2.287750

30235322119.475731

19104153.278126

19104153.310284

30235322117.669052

2.287750

202127.564860

20066.849632

259835.717652

34682.744958

204264.394479

21547.379554

2309447.364984

2210.364690

315.087769

284.013980

349.824033

434.388502

624.187009

891.948216

1292.788197

1847.098030

2556.106355

3445.975581

4482.906102

5667.775951

6924.492002

8173.442357

9346.018408

10447.805401

11795.676652

13964.578000

18186.717390

15884.949653

13294.557089

11975.967113

11228.673348

10497.814409

9603.447966

8482.179733

7223.259745

5932.941695

4690.266703

3568.128272

2607.289756

1823.049077

1253.978986

825.539330

579.676278

388.047410

314.439197

246.383216

225.654887

258.472077

2864.706492

100749.760073

2579.716309

71501.398798

2679.992051

49184.502014

225.952868

22.258171

15227319136.857304

15227319133.024380

22.258171

225.952868

49184.501990

2679.992061

71501.399171

2579.716322

100749.759842

2864.706499

258.472077

225.654887

246.383216

314.439197

388.047410

579.676278

825.539330

1253.978987

1823.049077

2607.289757

3568.128273

4690.266704

5932.941696

7223.259747

8482.179735

9603.447967

10497.814411

11228.673350

11975.967115

13294.557091

15884.949656

13877.937272

12505.790132

12008.809882

11763.510857

11473.738798

10902.434797

10047.458067

8938.055799

7678.604396

6336.024994

5025.707126

3774.972951

2741.298916

1861.187146

1281.860950

826.929103

593.344013

406.720861

346.052458

337.705349

318.186271

167.672932

150.575871

134.344787

87.784923

282.606118

661.454124

401.104775

32.097942

0.619668

0.619668

32.097942

401.104775

661.454124

282.606118

87.784923

134.344787

150.575871

167.672932

318.186271

337.705349

346.052458

406.720861

593.344013

826.929103

1281.860950

1861.187147

2741.298917

3774.972952

5025.707128

6336.024996

7678.604398

8938.055801

10047.458069

10902.434799

11473.738799

11763.510859

12008.809884

12505.790134

13877.937274

12147.892216

11768.083440

11855.489925

12098.833024

12169.678319

11977.548104

11449.424394

10648.793478

9574.470910

8338.445482

6909.114879

5521.289648

4098.502863

2987.116245

2001.466977

1396.889737

917.994890

680.423340

526.715070

470.389680

449.666847

676.825889

1835.507104

708.926509

254.715994

257.896056

350.887774

52.215354

20.954992

280.713571

280.713571

20.954992

52.215354

350.887774

257.896056

254.715994

708.926510

1835.507105

676.825889

449.666847

470.389680

526.715070

680.423340

917.994890

1396.889738

2001.466977

2987.116246

4098.502864

5521.289649

6909.114881

8338.445485

9574.470913

10648.793480

11449.424397

11977.548107

12169.678321

12098.833025

11855.489926

11768.083442

12147.892218

10791.821681

11035.567432

11625.441792

12197.140861

12607.450496

12729.168219

12588.076420

12145.892748

11462.833265

10429.537510

9213.169623

7643.885078

6153.409403

4534.494554

3319.800362

2232.614075

1565.501447

1072.064298

801.361083

641.399161

633.527521

856.358683

926.827652

963.404109

624.895163

578.243075

258.461840

324.255945

2885.070843

1699.523129

1699.523130

2885.070849

324.255945

258.461840

578.243075

624.895164

963.404109

926.827652

856.358683

633.527521

641.399161

801.361083

1072.064298

1565.501447

2232.614075

3319.800363

4534.494555

6153.409405

7643.885080

9213.169626

10429.537514

11462.833268

12145.892751

12588.076423

12729.168221

12607.450498

12197.140863

11625.441794

11035.567433

10791.821682

9681.023440

10408.079032

11300.525799

12146.980877

12774.085800

13181.019890

13353.777860

13331.702671

13016.269715

12453.477991

11409.763117

10150.851073

8393.097609

6744.932496

4943.990396

3575.278988

2403.896254

1642.640148

1119.293767

829.524679

699.661066

616.465931

644.818242

615.464452

763.133063

741.542778

1170.051520

4530.523385

15047.935939

15365.412575

15365.412587

15047.936023

4530.523397

1170.051521

741.542778

763.133063

615.464452

644.818242

616.465931

699.661066

829.524679

1119.293767

1642.640148

2403.896254

3575.278989

4943.990397

6744.932498

8393.097612

10150.851077

11409.763122

12453.477996

13016.269719

13331.702675

13353.777863

13181.019892

12774.085801

12146.980879

11300.525801

10408.079033

9681.023440

8820.767679

9828.787249

10972.259595

11970.886365

12755.199880

13337.544656

13766.801266

14030.563486

14123.287650

13877.227068

13332.704539

12192.406244

10785.426269

8840.192751

6974.306564

5035.390762

3501.458792

2286.463529

1500.225753

1015.533454

720.520051

580.666540

494.002687

524.837991

586.845743

959.283257

2239.904813

6384.132343

135187.734895

87542.029707

87542.029914

135187.735674

6384.132380

2239.904820

959.283257

586.845743

524.837991

494.002687

580.666539

720.520051

1015.533453

1500.225752

2286.463529

3501.458792

5035.390763

6974.306566

8840.192754

10785.426273

12192.406249

13332.704545

13877.227073

14123.287655

14030.563490

13766.801269

13337.544659

12755.199882

11970.886367

10972.259596

9828.787249

8820.767679

8081.188942

9352.528592

10651.927574

11749.072096

12603.813734

13261.460662

13805.388850

14241.400904

14532.289285

14621.522015

14329.743394

13668.323552

12392.926784

10773.475358

8695.917102

6626.616674

4632.123998

3069.855086

1957.597943

1254.613591

855.112838

621.121941

526.523961

494.391719

590.715940

843.190454

1517.642734

4862.275695

42927.680456

156788.840134

156788.839751

42927.680877

4862.275723

1517.642736

843.190454

590.715940

494.391719

526.523961

621.121941

855.112838

1254.613590

1957.597942

3069.855086

4632.123998

6626.616676

8695.917105

10773.475362

12392.926789

13668.323558

14329.743400

14621.522021

14532.289290

14241.400908

13805.388853

13261.460665

12603.813735

11749.072097

10651.927575

9352.528592

8081.188943

7454.023969

8941.610781

10395.119130

11544.904438

12350.466324

12979.656915

13483.842395

13946.490454

14307.988292

14535.074657

14518.549743

14134.147400

13312.081605

11943.633066

10147.009906

8022.426544

5889.017879

4014.515864

2601.982591

1682.696953

1116.852056

813.803624

646.297598

606.821168

647.530262

837.412621

1153.796925

1611.727985

2453.528535

2718.088195

2718.088198

2453.528539

1611.727986

1153.796925

837.412621

647.530263

606.821168

646.297598

813.803624

1116.852056

1682.696953

2601.982591

4014.515864

5889.017880

8022.426546

10147.009910

11943.633070

13312.081611

14134.147406

14518.549748

14535.074663

14307.988297

13946.490457

13483.842397

12979.656917

12350.466325

11544.904439

10395.119130

8941.610781

7454.023970

6809.034803

8640.123305

10281.577821

11340.327358

12003.274868

12426.122716

12844.705597

13220.611998

13605.613613

13887.390694

14065.431456

13975.458392

13569.005843

12661.811009

11288.255957

9419.783535

7365.363702

5318.750757

3662.578163

2435.258784

1674.365080

1194.225259

950.403616

815.523387

817.316213

868.803349

1059.956170

1343.561357

1644.624871

1873.671979

1873.671978

1644.624871

1343.561357

1059.956170

868.803349

817.316213

815.523387

950.403616

1194.225259

1674.365080

2435.258784

3662.578163

5318.750757

7365.363704

9419.783538

11288.255960

12661.811014

13569.005848

13975.458398

14065.431461

13887.390699

13605.613617

13220.612001

12844.705599

12426.122717

12003.274869

11340.327358

10281.577821

8640.123305

6809.034803

6160.618964

8519.778816

10291.705129

11111.584787

11336.479025

11604.850856

11893.374116

12277.401453

12650.254406

13066.279167

13401.238912

13686.020071

13700.214138

13447.989714

12615.928646

11355.675253

9491.642330

7533.913257

5521.761639

3962.861040

2743.225277

1990.815126

1457.214247

1179.633424

971.540115

910.219725

869.988163

915.490296

960.881734

1013.073741

1013.073741

960.881734

915.490295

869.988163

910.219725

971.540115

1179.633424

1457.214247

1990.815126

2743.225277

3962.861041

5521.761641

7533.913259

9491.642333

11355.675257

12615.928651

13447.989719

13700.214143

13686.020076

13401.238917

13066.279171

12650.254409

12277.401456

11893.374118

11604.850857

11336.479026

11111.584788

10291.705129

8519.778816

6160.618964

5314.534878

8743.784282

10422.693574

10235.087580

10276.707499

10463.326396

10834.880275

11261.279893

11792.972010

12365.134987

13050.252974

13737.704059

14475.638870

14985.250210

15263.241721

14779.987212

13726.576141

11653.723616

9374.389815

6786.428646

4771.311690

3114.261715

2099.644278

1376.541372

991.808663

719.839490

588.583451

492.859892

455.286448

431.379144

431.379144

455.286448

492.859892

588.583451

719.839490

991.808664

1376.541373

2099.644279

3114.261716

4771.311692

6786.428650

9374.389821

11653.723623

13726.576149

14779.987219

15263.241729

14985.250217

14475.638876

13737.704064

13050.252978

12365.134990

11792.972012

11261.279895

10834.880276

10463.326397

10276.707500

10235.087580

10422.693574

8743.784283

5314.534878

4777.579843

9583.071784

8674.335525

8560.092399

8805.922897

9266.765815

9815.337293

10472.837178

11235.100390

12182.336080

13329.801119

14786.664483

16510.080252

18527.153492

20439.613530

21824.715613

21497.675706

19247.850507

14942.250680

10370.891340

6285.263528

3622.222397

1963.579965

1116.670792

636.422134

403.031839

264.708671

197.730320

157.420419

142.366109

142.366109

157.420419

197.730320

264.708671

403.031839

636.422134

1116.670792

1963.579965

3622.222398

6285.263532

10370.891348

14942.250693

19247.850524

21497.675725

21824.715632

20439.613546

18527.153503

16510.080260

14786.664489

13329.801123

12182.336083

11235.100391

10472.837179

9815.337293

9266.765816

8805.922898

8560.092399

8674.335525

9583.071785

4777.579844

2998.426493

4808.924681

5485.132161

6520.006183

7397.792168

8269.844956

9150.848473

10138.809332

11316.619360

12794.021661

14718.417531

17265.205499

20546.645619

24516.359402

28280.548310

30395.643429

28764.969951

23698.637101

16605.882423

10153.057363

5360.524245

2565.378195

1178.578237

545.675558

269.890973

140.051102

81.521001

51.288130

37.736076

31.743154

31.743154

37.736076

51.288130

81.521001

140.051102

269.890973

545.675558

1178.578237

2565.378196

5360.524248

10153.057369

16605.882432

23698.637116

28764.969974

30395.643457

28280.548337

24516.359423

20546.645632

17265.205507

14718.417535

12794.021663

11316.619362

10138.809333

9150.848474

8269.844957

7397.792169

6520.006184

5485.132161

4808.924681

2998.426493

