AXIS X

0.000000 0.000500 0.001000 0.001500 0.002000 0.002500 0.003000 0.003500 0.004000 0.004500 0.005000 0.005500 0.006000 0.006500 0.007000 0.007500 0.008000 0.008500 0.009000 0.009500 0.010000 0.010500 0.011000 0.011500 0.012000 0.012500 0.013000 0.013500 0.014000 0.014500 0.015000 0.015500 0.016000 0.016500 0.017000 0.017500 0.018000 0.018500 0.019000 0.019500 0.020000 0.020500 0.021000 0.021500 0.022000 0.022500 0.023000 0.023500 0.024000 0.024500 0.025000 0.025500 0.026000 0.026500 0.027000 0.027500 0.028000 0.028500 0.029000 0.029500 

AXIS Y

0.000000 0.000500 0.001000 0.001500 0.002000 0.002500 0.003000 0.003500 0.004000 0.004500 0.005000 0.005500 0.006000 0.006500 0.007000 0.007500 0.008000 0.008500 0.009000 0.009500 0.010000 0.010500 0.011000 0.011500 0.012000 0.012500 0.013000 0.013500 0.014000 0.014500 0.015000 0.015500 0.016000 0.016500 0.017000 0.017500 0.018000 0.018500 0.019000 0.019500 0.020000 0.020500 0.021000 0.021500 0.022000 0.022500 0.023000 0.023500 0.024000 0.024500 0.025000 0.025500 0.026000 0.026500 0.027000 0.027500 0.028000 0.028500 0.029000 0.029500 



DATA
18849.554000

18849.554824

18849.554981

18849.555198

18849.555289

18849.555386

18849.555468

18849.555585

18849.555718

18849.555893

18849.556095

18849.556343

18849.556629

18849.556971

18849.557369

18849.557835

18849.558379

18849.559002

18849.559720

18849.560511

18849.561396

18849.562314

18849.563290

18849.564210

18849.565105

18849.565789

18849.566326

18849.566390

18849.566302

18849.564915

18849.564915

18849.566302

18849.566390

18849.566326

18849.565789

18849.565105

18849.564210

18849.563290

18849.562314

18849.561396

18849.560511

18849.559720

18849.559002

18849.558379

18849.557835

18849.557369

18849.556971

18849.556629

18849.556343

18849.556095

18849.555893

18849.555718

18849.555585

18849.555468

18849.555386

18849.555289

18849.555198

18849.554981

18849.554824

18849.554000

18849.554760

18849.555558

18849.555393

18849.555439

18849.555494

18849.555541

18849.555601

18849.555649

18849.555730

18849.555811

18849.555940

18849.556079

18849.556276

18849.556493

18849.556780

18849.557102

18849.557503

18849.557956

18849.558494

18849.559095

18849.559770

18849.560507

18849.561286

18849.562107

18849.562911

18849.563723

18849.564464

18849.565201

18849.565874

18849.564936

18849.564936

18849.565874

18849.565201

18849.564464

18849.563723

18849.562911

18849.562107

18849.561286

18849.560507

18849.559770

18849.559095

18849.558494

18849.557956

18849.557503

18849.557102

18849.556780

18849.556493

18849.556276

18849.556079

18849.555940

18849.555811

18849.555730

18849.555649

18849.555601

18849.555541

18849.555494

18849.555439

18849.555393

18849.555558

18849.554760

18849.554772

18849.555427

18849.555561

18849.555583

18849.555656

18849.555729

18849.555772

18849.555822

18849.555843

18849.555897

18849.555932

18849.556021

18849.556100

18849.556244

18849.556385

18849.556600

18849.556821

18849.557122

18849.557443

18849.557844

18849.558280

18849.558793

18849.559356

18849.559984

18849.560678

18849.561424

18849.562218

18849.562990

18849.563246

18849.562039

18849.562039

18849.563246

18849.562990

18849.562218

18849.561424

18849.560678

18849.559984

18849.559356

18849.558793

18849.558280

18849.557844

18849.557443

18849.557122

18849.556821

18849.556600

18849.556385

18849.556244

18849.556100

18849.556021

18849.555932

18849.555897

18849.555843

18849.555822

18849.555772

18849.555729

18849.555656

18849.555583

18849.555561

18849.555427

18849.554772

18849.554923

18849.555385

18849.555552

18849.555633

18849.555736

18849.555827

18849.555915

18849.555949

18849.555994

18849.555993

18849.556032

18849.556036

18849.556100

18849.556131

18849.556233

18849.556306

18849.556452

18849.556575

18849.556775

18849.556966

18849.557237

18849.557527

18849.557906

18849.558345

18849.558878

18849.559494

18849.560147

18849.560691

18849.560765

18849.560310

18849.560310

18849.560765

18849.560691

18849.560147

18849.559494

18849.558878

18849.558345

18849.557906

18849.557527

18849.557237

18849.556966

18849.556775

18849.556575

18849.556452

18849.556306

18849.556233

18849.556131

18849.556100

18849.556036

18849.556032

18849.555993

18849.555994

18849.555949

18849.555915

18849.555827

18849.555736

18849.555633

18849.555552

18849.555385

18849.554923

18849.554951

18849.555397

18849.555550

18849.555643

18849.555736

18849.555861

18849.555944

18849.556030

18849.556049

18849.556094

18849.556079

18849.556118

18849.556104

18849.556160

18849.556160

18849.556236

18849.556253

18849.556348

18849.556390

18849.556509

18849.556600

18849.556775

18849.556968

18849.557259

18849.557622

18849.558063

18849.558546

18849.558904

18849.559033

18849.558488

18849.558488

18849.559033

18849.558904

18849.558546

18849.558063

18849.557622

18849.557259

18849.556968

18849.556775

18849.556600

18849.556509

18849.556390

18849.556348

18849.556253

18849.556236

18849.556160

18849.556160

18849.556104

18849.556118

18849.556079

18849.556094

18849.556049

18849.556030

18849.555944

18849.555861

18849.555736

18849.555643

18849.555550

18849.555397

18849.554951

18849.555020

18849.555414

18849.555581

18849.555637

18849.555728

18849.555813

18849.555932

18849.555990

18849.556069

18849.556074

18849.556125

18849.556104

18849.556155

18849.556134

18849.556195

18849.556175

18849.556240

18849.556219

18849.556279

18849.556263

18849.556328

18849.556352

18849.556464

18849.556596

18849.556814

18849.557098

18849.557395

18849.557693

18849.557800

18849.557910

18849.557910

18849.557800

18849.557693

18849.557395

18849.557098

18849.556814

18849.556596

18849.556464

18849.556352

18849.556328

18849.556263

18849.556279

18849.556219

18849.556240

18849.556175

18849.556195

18849.556134

18849.556155

18849.556104

18849.556125

18849.556074

18849.556069

18849.555990

18849.555932

18849.555813

18849.555728

18849.555637

18849.555581

18849.555414

18849.555020

18849.555049

18849.555471

18849.555603

18849.555661

18849.555686

18849.555774

18849.555833

18849.555936

18849.555966

18849.556041

18849.556033

18849.556097

18849.556076

18849.556147

18849.556124

18849.556198

18849.556167

18849.556229

18849.556182

18849.556221

18849.556166

18849.556194

18849.556173

18849.556233

18849.556311

18849.556446

18849.556641

18849.556817

18849.557055

18849.557093

18849.557093

18849.557055

18849.556817

18849.556641

18849.556446

18849.556311

18849.556233

18849.556173

18849.556194

18849.556166

18849.556221

18849.556182

18849.556229

18849.556167

18849.556198

18849.556124

18849.556147

18849.556076

18849.556097

18849.556033

18849.556041

18849.555966

18849.555936

18849.555833

18849.555774

18849.555686

18849.555661

18849.555603

18849.555471

18849.555049

18849.555120

18849.555505

18849.555659

18849.555656

18849.555678

18849.555683

18849.555761

18849.555789

18849.555876

18849.555880

18849.555956

18849.555940

18849.556021

18849.556000

18849.556092

18849.556068

18849.556158

18849.556117

18849.556182

18849.556113

18849.556139

18849.556054

18849.556051

18849.555992

18849.556001

18849.556029

18849.556098

18849.556266

18849.556460

18849.556953

18849.556953

18849.556460

18849.556266

18849.556098

18849.556029

18849.556001

18849.555992

18849.556051

18849.556054

18849.556139

18849.556113

18849.556182

18849.556117

18849.556158

18849.556068

18849.556092

18849.556000

18849.556021

18849.555940

18849.555956

18849.555880

18849.555876

18849.555789

18849.555761

18849.555683

18849.555678

18849.555656

18849.555659

18849.555505

18849.555120

18849.555160

18849.555575

18849.555676

18849.555686

18849.555624

18849.555637

18849.555621

18849.555688

18849.555684

18849.555761

18849.555741

18849.555825

18849.555799

18849.555899

18849.555875

18849.555987

18849.555957

18849.556062

18849.556008

18849.556076

18849.555987

18849.556001

18849.555890

18849.555862

18849.555774

18849.555750

18849.555767

18849.555852

18849.556123

18849.556449

18849.556449

18849.556123

18849.555852

18849.555767

18849.555750

18849.555774

18849.555862

18849.555890

18849.556001

18849.555987

18849.556076

18849.556008

18849.556062

18849.555957

18849.555987

18849.555875

18849.555899

18849.555799

18849.555825

18849.555741

18849.555761

18849.555684

18849.555688

18849.555621

18849.555637

18849.555624

18849.555686

18849.555676

18849.555575

18849.555160

18849.555238

18849.555606

18849.555728

18849.555663

18849.555615

18849.555529

18849.555543

18849.555503

18849.555562

18849.555526

18849.555600

18849.555558

18849.555650

18849.555612

18849.555729

18849.555695

18849.555825

18849.555781

18849.555897

18849.555826

18849.555898

18849.555790

18849.555802

18849.555675

18849.555642

18849.555557

18849.555556

18849.555636

18849.555845

18849.556395

18849.556395

18849.555845

18849.555636

18849.555556

18849.555557

18849.555642

18849.555675

18849.555802

18849.555790

18849.555898

18849.555826

18849.555897

18849.555781

18849.555825

18849.555695

18849.555729

18849.555612

18849.555650

18849.555558

18849.555600

18849.555526

18849.555562

18849.555503

18849.555543

18849.555529

18849.555615

18849.555663

18849.555728

18849.555606

18849.555238

18849.555281

18849.555673

18849.555725

18849.555681

18849.555540

18849.555484

18849.555386

18849.555402

18849.555337

18849.555389

18849.555324

18849.555397

18849.555333

18849.555435

18849.555379

18849.555509

18849.555457

18849.555600

18849.555536

18849.555664

18849.555574

18849.555658

18849.555542

18849.555573

18849.555459

18849.555469

18849.555438

18849.555537

18849.555739

18849.556023

18849.556023

18849.555739

18849.555537

18849.555438

18849.555469

18849.555459

18849.555573

18849.555542

18849.555658

18849.555574

18849.555664

18849.555536

18849.555600

18849.555457

18849.555509

18849.555379

18849.555435

18849.555333

18849.555397

18849.555324

18849.555389

18849.555337

18849.555402

18849.555386

18849.555484

18849.555540

18849.555681

18849.555725

18849.555673

18849.555281

18849.555360

18849.555689

18849.555762

18849.555629

18849.555522

18849.555357

18849.555314

18849.555204

18849.555223

18849.555129

18849.555178

18849.555083

18849.555160

18849.555069

18849.555180

18849.555097

18849.555238

18849.555158

18849.555314

18849.555226

18849.555374

18849.555273

18849.555392

18849.555293

18849.555386

18849.555330

18849.555445

18849.555510

18849.555736

18849.556114

18849.556114

18849.555736

18849.555510

18849.555445

18849.555330

18849.555386

18849.555293

18849.555392

18849.555273

18849.555374

18849.555226

18849.555314

18849.555158

18849.555238

18849.555097

18849.555180

18849.555069

18849.555160

18849.555083

18849.555178

18849.555129

18849.555223

18849.555204

18849.555314

18849.555357

18849.555522

18849.555629

18849.555762

18849.555689

18849.555360

18849.555393

18849.555742

18849.555732

18849.555631

18849.555420

18849.555312

18849.555143

18849.555118

18849.554989

18849.555011

18849.554886

18849.554936

18849.554808

18849.554890

18849.554766

18849.554885

18849.554766

18849.554919

18849.554804

18849.554980

18849.554871

18849.555058

18849.554968

18849.555162

18849.555121

18849.555335

18849.555379

18849.555642

18849.555788

18849.555917

18849.555917

18849.555788

18849.555642

18849.555379

18849.555335

18849.555121

18849.555162

18849.554968

18849.555058

18849.554871

18849.554980

18849.554804

18849.554919

18849.554766

18849.554885

18849.554766

18849.554890

18849.554808

18849.554936

18849.554886

18849.555011

18849.554989

18849.555118

18849.555143

18849.555312

18849.555420

18849.555631

18849.555732

18849.555742

18849.555393

18849.555458

18849.555733

18849.555749

18849.555549

18849.555392

18849.555164

18849.555082

18849.554911

18849.554901

18849.554749

18849.554774

18849.554617

18849.554670

18849.554506

18849.554593

18849.554427

18849.554554

18849.554390

18849.554557

18849.554407

18849.554618

18849.554504

18849.554768

18849.554728

18849.555055

18849.555122

18849.555512

18849.555669

18849.556041

18849.556319

18849.556319

18849.556041

18849.555669

18849.555512

18849.555122

18849.555055

18849.554728

18849.554768

18849.554504

18849.554618

18849.554407

18849.554557

18849.554390

18849.554554

18849.554427

18849.554593

18849.554506

18849.554670

18849.554617

18849.554774

18849.554749

18849.554901

18849.554911

18849.555082

18849.555164

18849.555392

18849.555549

18849.555749

18849.555733

18849.555458

18849.555469

18849.555763

18849.555685

18849.555534

18849.555264

18849.555120

18849.554898

18849.554847

18849.554666

18849.554670

18849.554490

18849.554523

18849.554329

18849.554388

18849.554180

18849.554273

18849.554054

18849.554189

18849.553973

18849.554166

18849.553988

18849.554268

18849.554186

18849.554585

18849.554657

18849.555187

18849.555411

18849.555996

18849.556227

18849.556335

18849.556335

18849.556227

18849.555996

18849.555411

18849.555187

18849.554657

18849.554585

18849.554186

18849.554268

18849.553988

18849.554166

18849.553973

18849.554189

18849.554054

18849.554273

18849.554180

18849.554388

18849.554329

18849.554523

18849.554490

18849.554670

18849.554666

18849.554847

18849.554898

18849.555120

18849.555264

18849.555534

18849.555685

18849.555763

18849.555469

18849.555510

18849.555719

18849.555679

18849.555420

18849.555229

18849.554953

18849.554851

18849.554635

18849.554613

18849.554416

18849.554435

18849.554223

18849.554266

18849.554029

18849.554095

18849.553830

18849.553927

18849.553643

18849.553792

18849.553525

18849.553772

18849.553598

18849.554007

18849.554029

18849.554652

18849.554922

18849.555720

18849.556117

18849.556814

18849.557249

18849.557249

18849.556814

18849.556117

18849.555720

18849.554922

18849.554652

18849.554029

18849.554007

18849.553598

18849.553772

18849.553525

18849.553792

18849.553643

18849.553927

18849.553830

18849.554095

18849.554029

18849.554266

18849.554223

18849.554435

18849.554416

18849.554613

18849.554635

18849.554851

18849.554953

18849.555229

18849.555420

18849.555679

18849.555719

18849.555510

18849.555488

18849.555718

18849.555578

18849.555390

18849.555076

18849.554915

18849.554656

18849.554599

18849.554383

18849.554389

18849.554169

18849.554205

18849.553956

18849.554009

18849.553717

18849.553787

18849.553449

18849.553551

18849.553193

18849.553376

18849.553081

18849.553440

18849.553347

18849.553991

18849.554237

18849.555198

18849.555754

18849.556829

18849.557333

18849.557516

18849.557516

18849.557333

18849.556829

18849.555754

18849.555198

18849.554237

18849.553991

18849.553347

18849.553440

18849.553081

18849.553376

18849.553193

18849.553551

18849.553449

18849.553787

18849.553717

18849.554009

18849.553956

18849.554205

18849.554169

18849.554389

18849.554383

18849.554599

18849.554656

18849.554915

18849.555076

18849.555390

18849.555578

18849.555718

18849.555488

18849.555496

18849.555633

18849.555546

18849.555245

18849.555038

18849.554732

18849.554628

18849.554385

18849.554373

18849.554148

18849.554182

18849.553934

18849.553988

18849.553691

18849.553751

18849.553385

18849.553453

18849.553025

18849.553141

18849.552720

18849.552989

18849.552735

18849.553320

18849.553453

18849.554489

18849.555122

18849.556516

18849.557374

18849.558532

18849.559278

18849.559278

18849.558532

18849.557374

18849.556516

18849.555122

18849.554489

18849.553453

18849.553320

18849.552735

18849.552989

18849.552720

18849.553141

18849.553025

18849.553453

18849.553385

18849.553751

18849.553691

18849.553988

18849.553934

18849.554182

18849.554148

18849.554373

18849.554385

18849.554628

18849.554732

18849.555038

18849.555245

18849.555546

18849.555633

18849.555496

18849.555434

18849.555597

18849.555407

18849.555201

18849.554863

18849.554706

18849.554426

18849.554384

18849.554149

18849.554179

18849.553937

18849.554000

18849.553714

18849.553782

18849.553417

18849.553475

18849.553012

18849.553077

18849.552554

18849.552721

18849.552287

18849.552751

18849.552683

18849.553680

18849.554254

18849.555859

18849.557013

18849.558793

18849.559756

18849.559847

18849.559847

18849.559756

18849.558793

18849.557013

18849.555859

18849.554254

18849.553680

18849.552683

18849.552751

18849.552287

18849.552721

18849.552554

18849.553077

18849.553012

18849.553475

18849.553417

18849.553782

18849.553714

18849.554000

18849.553937

18849.554179

18849.554149

18849.554384

18849.554426

18849.554706

18849.554863

18849.555201

18849.555407

18849.555597

18849.555434

18849.555402

18849.555466

18849.555349

18849.555027

18849.554829

18849.554511

18849.554427

18849.554172

18849.554189

18849.553951

18849.554024

18849.553756

18849.553844

18849.553500

18849.553572

18849.553110

18849.553155

18849.552573

18849.552653

18849.552057

18849.552361

18849.552033

18849.552873

18849.553220

18849.554861

18849.556105

18849.558370

18849.559992

18849.561742

18849.562900

18849.562900

18849.561742

18849.559992

18849.558370

18849.556105

18849.554861

18849.553220

18849.552873

18849.552033

18849.552361

18849.552057

18849.552653

18849.552573

18849.553155

18849.553110

18849.553572

18849.553500

18849.553844

18849.553756

18849.554024

18849.553951

18849.554189

18849.554172

18849.554427

18849.554511

18849.554829

18849.555027

18849.555349

18849.555466

18849.555402

18849.555295

18849.555391

18849.555173

18849.554975

18849.554636

18849.554505

18849.554223

18849.554214

18849.553972

18849.554046

18849.553796

18849.553907

18849.553596

18849.553698

18849.553268

18849.553324

18849.552731

18849.552758

18849.552047

18849.552189

18849.551587

18849.552174

18849.552140

18849.553595

18849.554620

18849.557099

18849.559131

18849.561903

18849.563628

18849.563550

18849.563550

18849.563628

18849.561903

18849.559131

18849.557099

18849.554620

18849.553595

18849.552140

18849.552174

18849.551587

18849.552189

18849.552047

18849.552758

18849.552731

18849.553324

18849.553268

18849.553698

18849.553596

18849.553907

18849.553796

18849.554046

18849.553972

18849.554214

18849.554223

18849.554505

18849.554636

18849.554975

18849.555173

18849.555391

18849.555295

18849.555219

18849.555214

18849.555091

18849.554777

18849.554614

18849.554306

18849.554260

18849.554006

18849.554069

18849.553830

18849.553956

18849.553679

18849.553817

18849.553435

18849.553528

18849.552968

18849.552984

18849.552219

18849.552231

18849.551392

18849.551676

18849.551168

18849.552221

18849.552692

18849.554986

18849.556895

18849.560257

18849.562966

18849.565735

18849.568069

18849.568069

18849.565735

18849.562966

18849.560257

18849.556895

18849.554986

18849.552692

18849.552221

18849.551168

18849.551676

18849.551392

18849.552231

18849.552219

18849.552984

18849.552968

18849.553528

18849.553435

18849.553817

18849.553679

18849.553956

18849.553830

18849.554069

18849.554006

18849.554260

18849.554306

18849.554614

18849.554777

18849.555091

18849.555214

18849.555219

18849.555067

18849.555100

18849.554880

18849.554723

18849.554411

18849.554329

18849.554059

18849.554098

18849.553860

18849.553991

18849.553739

18849.553909

18849.553578

18849.553721

18849.553220

18849.553266

18849.552510

18849.552446

18849.551447

18849.551438

18849.550455

18849.550954

18849.550615

18849.552292

18849.553427

18849.556704

18849.559598

18849.563769

18849.567005

18849.567680

18849.567680

18849.567005

18849.563769

18849.559598

18849.556704

18849.553427

18849.552292

18849.550615

18849.550954

18849.550455

18849.551438

18849.551447

18849.552446

18849.552510

18849.553266

18849.553220

18849.553721

18849.553578

18849.553909

18849.553739

18849.553991

18849.553860

18849.554098

18849.554059

18849.554329

18849.554411

18849.554723

18849.554880

18849.555100

18849.555067

18849.554946

18849.554879

18849.554780

18849.554507

18849.554408

18849.554131

18849.554140

18849.553898

18849.554017

18849.553780

18849.553970

18849.553682

18849.553875

18849.553442

18849.553545

18849.552846

18849.552771

18849.551705

18849.551472

18849.550101

18849.550001

18849.548759

18849.549467

18849.549273

18849.551667

18849.553587

18849.558025

18849.562117

18849.567155

18849.572989

18849.572989

18849.567155

18849.562117

18849.558025

18849.553587

18849.551667

18849.549273

18849.549467

18849.548759

18849.550001

18849.550101

18849.551472

18849.551705

18849.552771

18849.552846

18849.553545

18849.553442

18849.553875

18849.553682

18849.553970

18849.553780

18849.554017

18849.553898

18849.554140

18849.554131

18849.554408

18849.554507

18849.554780

18849.554879

18849.554946

18849.554752

18849.554730

18849.554541

18849.554458

18849.554202

18849.554191

18849.553947

18849.554046

18849.553815

18849.554007

18849.553749

18849.553979

18849.553611

18849.553781

18849.553165

18849.553134

18849.552089

18849.551737

18849.550125

18849.549505

18849.547450

18849.547028

18849.545222

18849.546028

18849.545886

18849.549205

18849.552301

18849.558592

18849.564868

18849.568959

18849.568959

18849.564868

18849.558592

18849.552301

18849.549205

18849.545886

18849.546028

18849.545222

18849.547028

18849.547450

18849.549505

18849.550125

18849.551737

18849.552089

18849.553134

18849.553165

18849.553781

18849.553611

18849.553979

18849.553749

18849.554007

18849.553815

18849.554046

18849.553947

18849.554191

18849.554202

18849.554458

18849.554541

18849.554730

18849.554752

18849.554589

18849.554473

18849.554428

18849.554232

18849.554224

18849.553999

18849.554078

18849.553852

18849.554032

18849.553792

18849.554042

18849.553723

18849.553954

18849.553424

18849.553475

18849.552511

18849.552154

18849.550464

18849.549500

18849.546866

18849.545395

18849.542046

18849.540871

18849.538021

18849.538905

18849.539017

18849.544180

18849.549836

18849.559703

18849.573205

18849.573205

18849.559703

18849.549836

18849.544180

18849.539017

18849.538905

18849.538021

18849.540871

18849.542046

18849.545395

18849.546866

18849.549500

18849.550464

18849.552154

18849.552511

18849.553475

18849.553424

18849.553954

18849.553723

18849.554042

18849.553792

18849.554032

18849.553852

18849.554078

18849.553999

18849.554224

18849.554232

18849.554428

18849.554473

18849.554589

18849.554359

18849.554296

18849.554170

18849.554193

18849.554021

18849.554099

18849.553892

18849.554055

18849.553828

18849.554077

18849.553792

18849.554064

18849.553610

18849.553751

18849.552900

18849.552628

18849.550996

18849.549911

18849.546998

18849.544775

18849.540259

18849.537155

18849.531594

18849.529210

18849.525015

18849.526701

18849.528398

18849.537979

18849.549495

18849.561786

18849.561786

18849.549495

18849.537979

18849.528398

18849.526701

18849.525015

18849.529210

18849.531594

18849.537155

18849.540259

18849.544775

18849.546998

18849.549911

18849.550996

18849.552628

18849.552900

18849.553751

18849.553610

18849.554064

18849.553792

18849.554077

18849.553828

18849.554055

18849.553892

18849.554099

18849.554021

18849.554193

18849.554170

18849.554296

18849.554359

18849.554161

18849.554013

18849.554052

18849.553964

18849.554072

18849.553914

18849.554071

18849.553863

18849.554098

18849.553838

18849.554126

18849.553732

18849.553949

18849.553214

18849.553076

18849.551592

18849.550588

18849.547679

18849.545123

18849.539984

18849.535440

18849.527765

18849.522064

18849.513368

18849.509928

18849.505104

18849.510166

18849.516997

18849.535654

18849.562740

18849.562740

18849.535654

18849.516997

18849.510166

18849.505104

18849.509928

18849.513368

18849.522064

18849.527765

18849.535440

18849.539984

18849.545123

18849.547679

18849.550588

18849.551592

18849.553076

18849.553214

18849.553949

18849.553732

18849.554126

18849.553838

18849.554098

18849.553863

18849.554071

18849.553914

18849.554072

18849.553964

18849.554052

18849.554013

18849.554161

18849.553906

18849.553818

18849.553784

18849.553940

18849.553874

18849.554053

18849.553888

18849.554112

18849.553875

18849.554160

18849.553811

18849.554077

18849.553445

18849.553446

18849.552150

18849.551359

18849.548665

18849.546186

18849.540975

18849.535752

18849.526920

18849.518682

18849.506417

18849.497538

18849.485555

18849.482934

18849.480403

18849.494436

18849.513349

18849.542122

18849.542122

18849.513349

18849.494436

18849.480403

18849.482934

18849.485555

18849.497538

18849.506417

18849.518682

18849.526920

18849.535752

18849.540975

18849.546186

18849.548665

18849.551359

18849.552150

18849.553446

18849.553445

18849.554077

18849.553811

18849.554160

18849.553875

18849.554112

18849.553888

18849.554053

18849.553874

18849.553940

18849.553784

18849.553818

18849.553906

18849.553687

18849.553521

18849.553669

18849.553713

18849.553951

18849.553872

18849.554104

18849.553908

18849.554180

18849.553869

18849.554154

18849.553610

18849.553722

18849.552616

18849.552087

18849.549724

18849.547618

18849.542764

18849.537647

18849.528663

18849.519221

18849.505025

18849.491910

18849.474204

18849.462963

18849.449426

18849.452509

18849.458680

18849.491113

18849.540445

18849.540445

18849.491113

18849.458680

18849.452509

18849.449426

18849.462963

18849.474204

18849.491910

18849.505025

18849.519221

18849.528663

18849.537647

18849.542764

18849.547618

18849.549724

18849.552087

18849.552616

18849.553722

18849.553610

18849.554154

18849.553869

18849.554180

18849.553908

18849.554104

18849.553872

18849.553951

18849.553713

18849.553669

18849.553521

18849.553687

18849.553421

18849.553323

18849.553401

18849.553706

18849.553758

18849.554038

18849.553916

18849.554184

18849.553920

18849.554203

18849.553735

18849.553916

18849.552986

18849.552694

18849.550700

18849.549096

18849.544858

18849.540424

18849.532092

18849.522856

18849.508475

18849.493389

18849.472705

18849.454658

18849.432287

18849.422020

18849.411626

18849.429692

18849.457370

18849.518728

18849.518728

18849.457370

18849.429692

18849.411626

18849.422020

18849.432287

18849.454658

18849.472705

18849.493389

18849.508475

18849.522856

18849.532092

18849.540424

18849.544858

18849.549096

18849.550700

18849.552694

18849.552986

18849.553916

18849.553735

18849.554203

18849.553920

18849.554184

18849.553916

18849.554038

18849.553758

18849.553706

18849.553401

18849.553323

18849.553421

18849.553194

18849.553028

18849.553296

18849.553483

18849.553853

18849.553856

18849.554151

18849.553956

18849.554233

18849.553838

18849.554054

18849.553279

18849.553166

18849.551525

18849.550410

18849.546880

18849.543400

18849.536201

18849.528212

18849.515021

18849.500385

18849.479622

18849.458558

18849.431932

18849.410983

18849.387177

18849.384534

18849.386681

18849.437326

18849.523112

18849.523112

18849.437326

18849.386681

18849.384534

18849.387177

18849.410983

18849.431932

18849.458558

18849.479622

18849.500385

18849.515021

18849.528212

18849.536201

18849.543400

18849.546880

18849.550410

18849.551525

18849.553166

18849.553279

18849.554054

18849.553838

18849.554233

18849.553956

18849.554151

18849.553856

18849.553853

18849.553483

18849.553296

18849.553028

18849.553194

18849.552933

18849.552839

18849.553038

18849.553491

18849.553662

18849.554033

18849.553947

18849.554235

18849.553924

18849.554154

18849.553519

18849.553524

18849.552198

18849.551476

18849.548634

18849.546095

18849.540200

18849.533922

18849.522712

18849.510247

18849.491571

18849.471487

18849.445266

18849.420022

18849.390576

18849.370949

18849.351807

18849.368799

18849.405959

18849.529565

18849.529565

18849.405959

18849.368799

18849.351807

18849.370949

18849.390576

18849.420022

18849.445266

18849.471487

18849.491571

18849.510247

18849.522712

18849.533922

18849.540200

18849.546095

18849.548634

18849.551476

18849.552198

18849.553524

18849.553519

18849.554154

18849.553924

18849.554235

18849.553947

18849.554033

18849.553662

18849.553491

18849.553038

18849.552839

18849.552933

18849.552717

18849.552562

18849.552951

18849.553277

18849.553765

18849.553841

18849.554179

18849.553975

18849.554220

18849.553718

18849.553796

18849.552744

18849.552304

18849.550070

18849.548300

18849.543655

18849.539041

18849.530047

18849.520424

18849.504953

18849.488443

18849.465725

18849.442666

18849.415005

18849.389629

18849.362997

18849.350325

18849.347917

18849.414303

18849.555926

18849.555926

18849.414303

18849.347917

18849.350325

18849.362997

18849.389629

18849.415005

18849.442666

18849.465725

18849.488443

18849.504953

18849.520424

18849.530047

18849.539041

18849.543655

18849.548300

18849.550070

18849.552304

18849.552744

18849.553796

18849.553718

18849.554220

18849.553975

18849.554179

18849.553841

18849.553765

18849.553277

18849.552951

18849.552562

18849.552717

18849.552476

18849.552400

18849.552713

18849.553296

18849.553572

18849.554012

18849.553955

18849.554235

18849.553870

18849.554000

18849.553188

18849.552941

18849.551220

18849.550012

18849.546446

18849.543167

18849.536236

18849.529251

18849.517186

18849.504975

18849.487013

18849.469598

18849.447622

18849.427283

18849.405476

18849.384504

18849.368892

18849.373108

18849.423080

18849.644546

18849.644546

18849.423080

18849.373108

18849.368892

18849.384504

18849.405476

18849.427283

18849.447622

18849.469598

18849.487013

18849.504975

18849.517186

18849.529251

18849.536236

18849.543167

18849.546446

18849.550012

18849.551220

18849.552941

18849.553188

18849.554000

18849.553870

18849.554235

18849.553955

18849.554012

18849.553572

18849.553296

18849.552713

18849.552400

18849.552476

18849.552291

18849.552156

18849.552651

18849.553093

18849.553673

18849.553809

18849.554166

18849.553951

18849.554133

18849.553533

18849.553427

18849.552130

18849.551321

18849.548634

18849.546316

18849.541101

18849.536127

18849.527070

18849.518519

18849.505196

18849.493660

18849.478142

18849.466509

18849.453499

18849.444158

18849.438395

18849.424620

18849.437578

18849.496598

18849.694731

18849.694731

18849.496598

18849.437578

18849.424620

18849.438395

18849.444158

18849.453499

18849.466509

18849.478142

18849.493660

18849.505196

18849.518519

18849.527070

18849.536127

18849.541101

18849.546316

18849.548634

18849.551321

18849.552130

18849.553427

18849.553533

18849.554133

18849.553951

18849.554166

18849.553809

18849.553673

18849.553093

18849.552651

18849.552156

18849.552291

18849.552087

18849.552036

18849.552442

18849.553123

18849.553480

18849.553961

18849.553926

18849.554178

18849.553771

18849.553779

18849.552832

18849.552316

18849.550329

18849.548687

18849.544814

18849.541214

18849.534515

18849.528468

18849.518887

18849.511611

18849.501598

18849.497165

18849.492068

18849.495613

18849.501509

18849.514384

18849.542725

18849.540595

18849.629370

18849.928015

18849.928015

18849.629370

18849.540595

18849.542725

18849.514384

18849.501509

18849.495613

18849.492068

18849.497165

18849.501598

18849.511611

18849.518887

18849.528468

18849.534515

18849.541214

18849.544814

18849.548687

18849.550329

18849.552316

18849.552832

18849.553779

18849.553771

18849.554178

18849.553926

18849.553961

18849.553480

18849.553123

18849.552442

18849.552036

18849.552087

18849.551953

18849.551841

18849.552413

18849.552936

18849.553571

18849.553749

18849.554103

18849.553885

18849.553997

18849.553337

18849.553053

18849.551618

18849.550481

18849.547633

18849.544974

18849.540003

18849.535467

18849.528493

18849.523475

18849.517208

18849.516600

18849.517155

18849.528257

18849.542029

18849.570601

18849.606696

18849.668200

18849.779127

18849.805361

18849.955516

18849.955516

18849.805361

18849.779127

18849.668200

18849.606696

18849.570601

18849.542029

18849.528257

18849.517155

18849.516600

18849.517208

18849.523475

18849.528493

18849.535467

18849.540003

18849.544974

18849.547633

18849.550481

18849.551618

18849.553053

18849.553337

18849.553997

18849.553885

18849.554103

18849.553749

18849.553571

18849.552936

18849.552413

18849.551841

18849.551953

18849.551802

18849.551780

18849.552244

18849.552978

18849.553380

18849.553874

18849.553855

18849.554072

18849.553652

18849.553555

18849.552553

18849.551819

18849.549761

18849.547816

18849.544105

18849.540525

18849.535208

18849.531037

18849.526641

18849.526678

18849.529970

18849.543159

18849.562125

18849.595686

18849.634000

18849.699572

18849.789589

18849.975866

18850.247750

18850.385023

18850.385023

18850.247750

18849.975866

18849.789589

18849.699572

18849.634000

18849.595686

18849.562125

18849.543159

18849.529970

18849.526678

18849.526641

18849.531037

18849.535208

18849.540525

18849.544105

18849.547816

18849.549761

18849.551819

18849.552553

18849.553555

18849.553652

18849.554072

18849.553855

18849.553874

18849.553380

18849.552978

18849.552244

18849.551780

18849.551802

18849.551738

18849.551647

18849.552256

18849.552813

18849.553461

18849.553657

18849.553994

18849.553783

18849.553838

18849.553172

18849.552764

18849.551317

18849.549970

18849.547219

18849.544408

18849.540183

18849.536327

18849.532458

18849.531287

18849.534258

18849.545091

18849.565551

18849.598969

18849.641493

18849.700809

18849.772533

18849.903158

18850.104941

18850.476414

18850.337542

18850.337542

18850.476414

18850.104941

18849.903158

18849.772533

18849.700809

18849.641493

18849.598969

18849.565551

18849.545091

18849.534258

18849.531287

18849.532458

18849.536327

18849.540183

18849.544408

18849.547219

18849.549970

18849.551317

18849.552764

18849.553172

18849.553838

18849.553783

18849.553994

18849.553657

18849.553461

18849.552813

18849.552256

18849.551647

18849.551738

18849.551652

18849.551657

18849.552135

18849.552870

18849.553276

18849.553753

18849.553740

18849.553924

18849.553516

18849.553359

18849.552378

18849.551535

18849.549547

18849.547468

18849.544103

18849.540644

18849.536798

18849.534135

18849.534785

18849.540752

18849.557566

18849.585812

18849.630503

18849.688146

18849.757363

18849.852347

18849.995298

18850.229818

18850.563080

18850.450953

18850.450953

18850.563080

18850.229818

18849.995298

18849.852347

18849.757363

18849.688146

18849.630503

18849.585812

18849.557566

18849.540752

18849.534785

18849.534135

18849.536798

18849.540644

18849.544103

18849.547468

18849.549547

18849.551535

18849.552378

18849.553359

18849.553516

18849.553924

18849.553740

18849.553753

18849.553276

18849.552870

18849.552135

18849.551657

18849.551652

18849.551673

18849.551596

18849.552195

18849.552732

18849.553347

18849.553531

18849.553836

18849.553634

18849.553658

18849.553021

18849.552572

18849.551188

18849.549794

18849.547205

18849.544401

18849.540714

18849.537280

18849.535364

18849.536455

18849.545984

18849.564857

18849.602999

18849.655762

18849.729720

18849.816954

18849.920455

18850.086628

18850.313773

18850.461841

18849.765671

18849.765671

18850.461841

18850.313773

18850.086628

18849.920455

18849.816954

18849.729720

18849.655762

18849.602999

18849.564857

18849.545984

18849.536455

18849.535364

18849.537280

18849.540714

18849.544401

18849.547205

18849.549794

18849.551188

18849.552572

18849.553021

18849.553658

18849.553634

18849.553836

18849.553531

18849.553347

18849.552732

18849.552195

18849.551596

18849.551673

18849.551663

18849.551684

18849.552125

18849.552805

18849.553169

18849.553596

18849.553571

18849.553724

18849.553337

18849.553165

18849.552238

18849.551411

18849.549523

18849.547510

18849.544313

18849.541014

18849.537548

18849.535477

18849.537715

18849.546594

18849.570464

18849.610092

18849.676983

18849.762012

18849.864747

18849.991270

18850.106413

18850.301086

18849.938859

18849.759399

18849.759399

18849.938859

18850.301086

18850.106413

18849.991270

18849.864747

18849.762012

18849.676983

18849.610092

18849.570464

18849.546594

18849.537715

18849.535477

18849.537548

18849.541014

18849.544313

18849.547510

18849.549523

18849.551411

18849.552238

18849.553165

18849.553337

18849.553724

18849.553571

18849.553596

18849.553169

18849.552805

18849.552125

18849.551684

18849.551663

18849.551773

18849.551696

18849.552233

18849.552694

18849.553228

18849.553367

18849.553621

18849.553417

18849.553422

18849.552822

18849.552404

18849.551098

18849.549819

18849.547321

18849.544724

18849.540966

18849.537757

18849.535302

18849.536908

18849.546146

18849.568855

18849.613019

18849.683087

18849.782125

18849.900730

18850.009017

18850.141618

18850.049470

18849.930576

18849.625532

18849.625532

18849.930576

18850.049470

18850.141618

18850.009017

18849.900730

18849.782125

18849.683087

18849.613019

18849.568855

18849.546146

18849.536908

18849.535302

18849.537757

18849.540966

18849.544724

18849.547321

18849.549819

18849.551098

18849.552404

18849.552822

18849.553422

18849.553417

18849.553621

18849.553367

18849.553228

18849.552694

18849.552233

18849.551696

18849.551773

18849.551839

18849.551858

18849.552215

18849.552781

18849.553056

18849.553398

18849.553338

18849.553450

18849.553075

18849.552914

18849.552047

18849.551329

18849.549538

18849.547781

18849.544560

18849.541590

18849.537381

18849.535386

18849.535007

18849.543908

18849.563376

18849.607699

18849.676006

18849.782367

18849.901738

18850.022473

18850.083106

18850.037908

18849.826527

18849.595943

18849.595943

18849.826527

18850.037908

18850.083106

18850.022473

18849.901738

18849.782367

18849.676006

18849.607699

18849.563376

18849.543908

18849.535007

18849.535386

18849.537381

18849.541590

18849.544560

18849.547781

18849.549538

18849.551329

18849.552047

18849.552914

18849.553075

18849.553450

18849.553338

18849.553398

18849.553056

18849.552781

18849.552215

18849.551858

18849.551839

18849.552031

18849.551937

18849.552363

18849.552696

18849.553101

18849.553161

18849.553340

18849.553118

18849.553102

18849.552539

18849.552186

18849.550979

18849.549927

18849.547536

18849.545358

18849.541324

18849.538450

18849.534053

18849.535071

18849.538178

18849.559023

18849.591255

18849.663081

18849.750782

18849.881857

18849.987020

18850.050043

18850.102006

18849.799588

18849.597000

18849.597000

18849.799588

18850.102006

18850.050043

18849.987020

18849.881857

18849.750782

18849.663081

18849.591255

18849.559023

18849.538178

18849.535071

18849.534053

18849.538450

18849.541324

18849.545358

18849.547536

18849.549927

18849.550979

18849.552186

18849.552539

18849.553102

18849.553118

18849.553340

18849.553161

18849.553101

18849.552696

18849.552363

18849.551937

18849.552031

18849.552159

18849.552157

18849.552388

18849.552792

18849.552938

18849.553160

18849.553046

18849.553102

18849.552737

18849.552593

18849.551808

18849.551241

18849.549623

18849.548245

18849.545166

18849.542737

18849.537918

18849.535908

18849.531923

18849.538225

18849.546440

18849.582805

18849.627019

18849.722357

18849.809842

18849.936451

18849.990101

18850.062275

18850.171037

18849.537379

18849.537379

18850.171037

18850.062275

18849.990101

18849.936451

18849.809842

18849.722357

18849.627019

18849.582805

18849.546440

18849.538225

18849.531923

18849.535908

18849.537918

18849.542737

18849.545166

18849.548245

18849.549623

18849.551241

18849.551808

18849.552593

18849.552737

18849.553102

18849.553046

18849.553160

18849.552938

18849.552792

18849.552388

18849.552157

18849.552159

18849.552401

18849.552284

18849.552564

18849.552732

18849.552970

18849.552929

18849.553013

18849.552773

18849.552732

18849.552227

18849.551950

18849.550918

18849.550137

18849.548071

18849.546425

18849.542665

18849.540262

18849.534962

18849.534731

18849.532272

18849.545499

18849.559997

18849.610066

18849.659633

18849.759422

18849.817575

18849.922832

18849.868595

18850.097863

18850.317590

18850.317590

18850.097863

18849.868595

18849.922832

18849.817575

18849.759422

18849.659633

18849.610066

18849.559997

18849.545499

18849.532272

18849.534731

18849.534962

18849.540262

18849.542665

18849.546425

18849.548071

18849.550137

18849.550918

18849.551950

18849.552227

18849.552732

18849.552773

18849.553013

18849.552929

18849.552970

18849.552732

18849.552564

18849.552284

18849.552401

18849.552558

18849.552533

18849.552622

18849.552834

18849.552829

18849.552913

18849.552742

18849.552739

18849.552408

18849.552286

18849.551649

18849.551246

18849.549971

18849.548999

18849.546521

18849.544683

18849.540433

18849.538321

18849.533261

18849.535319

18849.535880

18849.554978

18849.575466

18849.628352

18849.672928

18849.746981

18849.755546

18849.783513

18849.548899

18849.161371

18849.161371

18849.548899

18849.783513

18849.755546

18849.746981

18849.672928

18849.628352

18849.575466

18849.554978

18849.535880

18849.535319

18849.533261

18849.538321

18849.540433

18849.544683

18849.546521

18849.548999

18849.549971

18849.551246

18849.551649

18849.552286

18849.552408

18849.552739

18849.552742

18849.552913

18849.552829

18849.552834

18849.552622

18849.552533

18849.552558

18849.552799

18849.552681

18849.552811

18849.552806

18849.552866

18849.552723

18849.552713

18849.552475

18849.552422

18849.552031

18849.551845

18849.551104

18849.550592

18849.549131

18849.547979

18849.545223

18849.543196

18849.538864

18849.537000

18849.533203

18849.536733

18849.541467

18849.560935

18849.585261

18849.622215

18849.656145

18849.663733

18849.648243

18849.465630

18849.630193

18849.630193

18849.465630

18849.648243

18849.663733

18849.656145

18849.622215

18849.585261

18849.560935

18849.541467

18849.536733

18849.533203

18849.537000

18849.538864

18849.543196

18849.545223

18849.547979

18849.549131

18849.550592

18849.551104

18849.551845

18849.552031

18849.552422

18849.552475

18849.552713

18849.552723

18849.552866

18849.552806

18849.552811

18849.552681

18849.552799

18849.552929

18849.552922

18849.552896

18849.552925

18849.552780

18849.552734

18849.552528

18849.552484

18849.552229

18849.552152

18849.551740

18849.551507

18849.550722

18849.550099

18849.548547

18849.547143

18849.544304

18849.541846

18849.537907

18849.535552

18849.533784

18849.535992

18849.544590

18849.555459

18849.580297

18849.583603

18849.611469

18849.547329

18849.591249

18849.644508

18849.644508

18849.591249

18849.547329

18849.611469

18849.583603

18849.580297

18849.555459

18849.544590

18849.535992

18849.533784

18849.535552

18849.537907

18849.541846

18849.544304

18849.547143

18849.548547

18849.550099

18849.550722

18849.551507

18849.551740

18849.552152

18849.552229

18849.552484

18849.552528

18849.552734

18849.552780

18849.552925

18849.552896

18849.552922

18849.552929

18849.553096

18849.553059

18849.553092

18849.552953

18849.552864

18849.552647

18849.552569

18849.552368

18849.552325

18849.552094

18849.552010

18849.551626

18849.551342

18849.550577

18849.549769

18849.548205

18849.546289

18849.543493

18849.539966

18849.536608

18849.532208

18849.532185

18849.529214

18849.539231

18849.535343

18849.556545

18849.536443

18849.559555

18849.591016

18849.610151

18849.610151

18849.591016

18849.559555

18849.536443

18849.556545

18849.535343

18849.539231

18849.529214

18849.532185

18849.532208

18849.536608

18849.539966

18849.543493

18849.546289

18849.548205

18849.549769

18849.550577

18849.551342

18849.551626

18849.552010

18849.552094

18849.552325

18849.552368

18849.552569

18849.552647

18849.552864

18849.552953

18849.553092

18849.553059

18849.553096

18849.553130

18849.553257

18849.553205

18849.553119

18849.552887

18849.552755

18849.552549

18849.552485

18849.552327

18849.552297

18849.552121

18849.552021

18849.551702

18849.551306

18849.550583

18849.549381

18849.547775

18849.544862

18849.541990

18849.536466

18849.533282

18849.525270

18849.525474

18849.515932

18849.523807

18849.513138

18849.526696

18849.540764

18849.556419

18849.579486

18849.579486

18849.556419

18849.540764

18849.526696

18849.513138

18849.523807

18849.515932

18849.525474

18849.525270

18849.533282

18849.536466

18849.541990

18849.544862

18849.547775

18849.549381

18849.550583

18849.551306

18849.551702

18849.552021

18849.552121

18849.552297

18849.552327

18849.552485

18849.552549

18849.552755

18849.552887

18849.553119

18849.553205

18849.553257

18849.553130

18849.553142

18849.553355

18849.553417

18849.553238

18849.553077

18849.552843

18849.552726

18849.552567

18849.552521

18849.552417

18849.552381

18849.552269

18849.552101

18849.551838

18849.551184

18849.550429

18849.548510

18849.546672

18849.542228

18849.538902

18849.530818

18849.527023

18849.515730

18849.514575

18849.503692

18849.507700

18849.510739

18849.519851

18849.539672

18849.545740

18849.545740

18849.539672

18849.519851

18849.510739

18849.507700

18849.503692

18849.514575

18849.515730

18849.527023

18849.530818

18849.538902

18849.542228

18849.546672

18849.548510

18849.550429

18849.551184

18849.551838

18849.552101

18849.552269

18849.552381

18849.552417

18849.552521

18849.552567

18849.552726

18849.552843

18849.553077

18849.553238

18849.553417

18849.553355

18849.553142

18849.553006

18849.553491

18849.553568

18849.553493

18849.553262

18849.553099

18849.552902

18849.552794

18849.552671

18849.552609

18849.552544

18849.552451

18849.552375

18849.552039

18849.551760

18849.550663

18849.549725

18849.546838

18849.544523

18849.538463

18849.534380

18849.524576

18849.519849

18849.508853

18849.506286

18849.502612

18849.504809

18849.515323

18849.520225

18849.529339

18849.529339

18849.520225

18849.515323

18849.504809

18849.502612

18849.506286

18849.508853

18849.519849

18849.524576

18849.534380

18849.538463

18849.544523

18849.546838

18849.549725

18849.550663

18849.551760

18849.552039

18849.552375

18849.552451

18849.552544

18849.552609

18849.552671

18849.552794

18849.552902

18849.553099

18849.553262

18849.553493

18849.553568

18849.553491

18849.553006

18849.552759

18849.553539

18849.553830

18849.553727

18849.553581

18849.553351

18849.553174

18849.552983

18849.552841

18849.552719

18849.552593

18849.552525

18849.552308

18849.552207

18849.551617

18849.551235

18849.549638

18849.548423

18849.544741

18849.541945

18849.535197

18849.530607

18849.521648

18849.516629

18849.510359

18849.507681

18849.510523

18849.511516

18849.519754

18849.521126

18849.521126

18849.519754

18849.511516

18849.510523

18849.507681

18849.510359

18849.516629

18849.521648

18849.530607

18849.535197

18849.541945

18849.544741

18849.548423

18849.549638

18849.551235

18849.551617

18849.552207

18849.552308

18849.552525

18849.552593

18849.552719

18849.552841

18849.552983

18849.553174

18849.553351

18849.553581

18849.553727

18849.553830

18849.553539

18849.552759

18849.552355

18849.553673

18849.554046

18849.554065

18849.553836

18849.553619

18849.553361

18849.553130

18849.552912

18849.552697

18849.552539

18849.552306

18849.552190

18849.551823

18849.551662

18849.550875

18849.550403

18849.548609

18849.547274

18849.543677

18849.540827

18849.535262

18849.530890

18849.525415

18849.520908

18849.519740

18849.517147

18849.521364

18849.520934

18849.524063

18849.524063

18849.520934

18849.521364

18849.517147

18849.519740

18849.520908

18849.525415

18849.530890

18849.535262

18849.540827

18849.543677

18849.547274

18849.548609

18849.550403

18849.550875

18849.551662

18849.551823

18849.552190

18849.552306

18849.552539

18849.552697

18849.552912

18849.553130

18849.553361

18849.553619

18849.553836

18849.554065

18849.554046

18849.553673

18849.552355

18849.551511

18849.553798

18849.554424

18849.554155

18849.553944

18849.553664

18849.553399

18849.553120

18849.552832

18849.552577

18849.552280

18849.552065

18849.551741

18849.551576

18849.551170

18849.551011

18849.550359

18849.549993

18849.548746

18849.547667

18849.545453

18849.543007

18849.540126

18849.536133

18849.534218

18849.529619

18849.530322

18849.526815

18849.528822

18849.527565

18849.527565

18849.528822

18849.526815

18849.530322

18849.529619

18849.534218

18849.536133

18849.540126

18849.543007

18849.545453

18849.547667

18849.548746

18849.549993

18849.550359

18849.551011

18849.551170

18849.551576

18849.551741

18849.552065

18849.552280

18849.552577

18849.552832

18849.553120

18849.553399

18849.553664

18849.553944

18849.554155

18849.554424

18849.553798

18849.551511

18849.550942

18849.554576

18849.553867

18849.553711

18849.553538

18849.553377

18849.553174

18849.552931

18849.552678

18849.552377

18849.552104

18849.551782

18849.551541

18849.551261

18849.551126

18849.550975

18849.550971

18849.550988

18849.550905

18849.550935

18849.550058

18849.549679

18849.546795

18849.545601

18849.539884

18849.538049

18849.530679

18849.529037

18849.523613

18849.522972

18849.522972

18849.523613

18849.529037

18849.530679

18849.538049

18849.539884

18849.545601

18849.546795

18849.549679

18849.550058

18849.550935

18849.550905

18849.550988

18849.550971

18849.550975

18849.551126

18849.551261

18849.551541

18849.551782

18849.552104

18849.552377

18849.552678

18849.552931

18849.553174

18849.553377

18849.553538

18849.553711

18849.553867

18849.554576

18849.550942

18849.547414

18849.550957

18849.551479

18849.552262

18849.552562

18849.552755

18849.552792

18849.552759

18849.552634

18849.552467

18849.552257

18849.552034

18849.551854

18849.551680

18849.551712

18849.551692

18849.552154

18849.552225

18849.553162

18849.552662

18849.553447

18849.550538

18849.549417

18849.541403

18849.536307

18849.522376

18849.513757

18849.498814

18849.491626

18849.484977

18849.484977

18849.491626

18849.498814

18849.513757

18849.522376

18849.536307

18849.541403

18849.549417

18849.550538

18849.553447

18849.552662

18849.553162

18849.552225

18849.552154

18849.551692

18849.551712

18849.551680

18849.551854

18849.552034

18849.552257

18849.552467

18849.552634

18849.552759

18849.552792

18849.552755

18849.552562

18849.552262

18849.551479

18849.550957

18849.547414

