AXIS X

0.000000 0.001000 0.002000 0.003000 0.004000 0.005000 0.006000 0.007000 0.008000 0.009000 0.010000 0.011000 0.012000 0.013000 0.014000 0.015000 0.016000 0.017000 0.018000 0.019000 0.020000 0.021000 0.022000 0.023000 0.024000 0.025000 0.026000 0.027000 0.028000 0.029000 

AXIS Y

0.000000 0.001000 0.002000 0.003000 0.004000 0.005000 0.006000 0.007000 0.008000 0.009000 0.010000 0.011000 0.012000 0.013000 0.014000 0.015000 0.016000 0.017000 0.018000 0.019000 0.020000 0.021000 0.022000 0.023000 0.024000 0.025000 0.026000 0.027000 0.028000 0.029000 



DATA
2170.135324

2170.135324

2170.135324

2170.135324

2170.135324

2170.135324

2170.135324

2170.135324

2170.135324

2170.135324

2170.135324

2170.135324

2170.135324

2170.135324

2170.135324

2170.135324

2170.135324

2170.135324

2170.135324

2170.135324

2170.135324

2170.135324

2170.135324

2170.135324

2170.135324

2170.135324

2170.135324

2170.135324

2170.135324

2170.135324

2170.135324

2170.135324

2170.135324

2170.135324

2170.135324

2170.135324

2170.135324

2170.135324

2170.135324

2170.135324

2170.135324

2170.135324

2170.135324

2170.135324

2170.135324

2170.135324

2170.135324

2170.135324

2170.135324

2170.135324

2170.135324

2170.135324

2170.135324

2170.135324

2170.135324

2170.135324

2170.135324

2170.135324

2170.135324

2170.135324

2170.135324

2170.135324

2170.135324

2170.135324

2170.135324

2170.135324

2170.135324

2170.135324

2170.135324

2170.135324

2170.135324

2170.135324

2170.135324

2170.135324

2170.135324

2170.135324

2170.135324

2170.135324

2170.135324

2170.135324

2170.135324

2170.135324

2170.135324

2170.135324

2170.135324

2170.135324

2170.135324

2170.135324

2170.135324

2170.135324

2170.135324

2170.135324

2170.135324

2170.135324

2170.135324

2170.135324

2170.135324

2170.135324

2170.135324

2170.135324

2170.135324

2170.135324

2170.135324

2170.135324

2170.135324

2170.135324

2170.135324

2170.135324

2170.135324

2170.135324

2170.135324

2170.135324

2170.135324

2170.135324

2170.135324

2170.135324

2170.135324

2170.135324

2170.135324

2170.135324

2170.135324

2170.135324

2170.135324

2170.135324

2170.135324

2170.135324

2170.135324

2170.135324

2170.135324

2170.135324

2170.135324

2170.135324

2170.135324

2170.135324

2170.135324

2170.135324

2170.135324

2170.135324

2170.135324

2170.135324

2170.135324

2170.135324

2170.135324

2170.135324

2170.135324

2170.135324

2170.135324

2170.135324

2170.135324

2170.135324

2170.135324

2170.135324

2170.135324

2170.135324

2170.135324

2170.135324

2170.135324

2170.135324

2170.135324

2170.135324

2170.135324

2170.135324

2170.135324

2170.135324

2170.135324

2170.135324

2170.135324

2170.135324

2170.135324

2170.135324

2170.135324

2170.135324

2170.135324

2170.135324

2170.135324

2170.135324

2170.135324

2170.135324

2170.135324

2170.135324

2170.135324

2170.135324

2170.135324

2170.135324

2170.135324

2170.135324

2170.135324

2170.135324

2170.135324

2170.135324

2170.135324

2170.135324

2170.135324

2170.135324

2170.135324

2170.135324

2170.135324

2170.135324

2170.135324

2170.135324

2170.135324

2170.135324

2170.135324

2170.135324

2170.135324

2170.135324

2170.135324

2170.135324

2170.135324

2170.135324

2170.135324

2170.135324

2170.135324

2170.135324

2170.135324

2170.135324

2170.135324

2170.135324

2170.135324

2170.135324

2170.135324

2170.135324

2170.135324

2170.135324

2170.135324

2170.135324

2170.135324

2170.135324

2170.135324

2170.135324

2170.135324

2170.135324

2170.135324

2170.135324

2170.135324

2170.135324

2170.135324

2170.135324

2170.135324

2170.135324

2170.135324

2170.135324

2170.135324

2170.135324

2170.135324

2170.135324

2170.135324

2170.135324

2170.135324

2170.135324

2170.135324

2170.135324

2943.854988

2943.271589

4481.215200

4481.215200

2943.271589

2943.854988

2170.135324

2170.135324

2170.135324

2170.135324

2170.135324

2170.135324

2170.135324

2170.135324

2170.135324

2170.135324

2170.135324

2170.135324

2170.135324

2170.135324

2170.135324

2170.135324

2170.135324

2170.135324

2170.135324

2170.135324

2170.135324

2170.135324

2170.135324

3909.224933

3729.638739

4825.445830

12102.268695

12102.268695

4825.445830

3729.638739

3909.224933

2170.135324

2170.135324

2170.135324

2170.135324

2170.135324

2170.135324

2170.135324

2170.135324

2170.135324

2170.135324

2170.135324

2170.135324

2170.135324

2170.135324

2170.135324

2170.135324

2170.135324

2170.135324

2170.135324

2170.135324

2170.135324

5283.102063

7275.300253

10690.081377

10728.958278

8869.646963

8869.646963

10728.958278

10690.081377

7275.300253

5283.102063

2170.135324

2170.135324

2170.135324

2170.135324

2170.135324

2170.135324

2170.135324

2170.135324

2170.135324

2170.135324

2170.135324

2170.135324

2170.135324

2170.135324

2170.135324

2170.135324

2170.135324

2170.135324

2170.135324

3564.994570

5319.194945

10556.655137

14178.488510

7675.124357

6213.748637

6213.748637

7675.124357

14178.488510

10556.655137

5319.194945

3564.994570

2170.135324

2170.135324

2170.135324

2170.135324

2170.135324

2170.135324

2170.135324

2170.135324

2170.135324

2170.135324

2170.135324

2170.135324

2170.135324

2170.135324

2170.135324

2170.135324

2170.135324

2903.163129

3588.944347

4967.583655

7453.309435

7153.983443

6497.043490

8844.707528

8844.707528

6497.043490

7153.983443

7453.309435

4967.583655

3588.944347

2903.163129

2170.135324

2170.135324

2170.135324

2170.135324

2170.135324

2170.135324

2170.135324

2170.135324

2170.135324

2170.135324

2170.135324

2170.135324

2170.135324

2170.135324

2170.135324

2170.135324

3916.254985

4536.635208

5670.499219

6067.006438

6250.811124

7995.119529

6869.074937

6869.074937

7995.119529

6250.811124

6067.006438

5670.499219

4536.635208

3916.254985

2170.135324

2170.135324

2170.135324

2170.135324

2170.135324

2170.135324

2170.135324

2170.135324

2170.135324

2170.135324

2170.135324

2170.135324

2170.135324

2170.135324

2170.135324

2170.135324

3950.518800

5065.682411

5228.662342

5160.703098

6138.589284

11207.186809

6414.174810

6414.174810

11207.186809

6138.589284

5160.703098

5228.662342

5065.682411

3950.518800

2170.135324

2170.135324

2170.135324

2170.135324

2170.135324

2170.135324

2170.135324

2170.135324

2170.135324

2170.135324

2170.135324

2170.135324

2170.135324

2170.135324

2170.135324

2170.135324

3582.725039

4256.929837

4367.637417

4524.903928

5455.099310

10094.505099

6286.816562

6286.816562

10094.505099

5455.099310

4524.903928

4367.637417

4256.929837

3582.725039

2170.135324

2170.135324

2170.135324

2170.135324

2170.135324

2170.135324

2170.135324

2170.135324

2170.135324

2170.135324

2170.135324

2170.135324

2170.135324

2170.135324

2170.135324

2170.135324

3252.357048

3833.123847

4130.004632

4096.872491

4718.005706

6995.562203

5573.273972

5573.273972

6995.562203

4718.005706

4096.872491

4130.004632

3833.123847

3252.357048

2170.135324

2170.135324

2170.135324

2170.135324

2170.135324

2170.135324

2170.135324

2170.135324

2170.135324

2170.135324

2170.135324

2170.135324

2170.135324

2170.135324

2170.135324

2170.135324

2859.229523

3986.874190

4061.802685

3812.222135

4951.734700

8933.990838

3831.786608

3831.786608

8933.990838

4951.734700

3812.222135

4061.802685

3986.874190

2859.229523

2170.135324

2170.135324

2170.135324

2170.135324

2170.135324

2170.135324

2170.135324

2170.135324

2170.135324

2170.135324

2170.135324

2170.135324

2170.135324

2170.135324

2170.135324

2170.135324

2170.135324

4552.065773

3769.064559

3911.426402

7490.994927

13629.391539

3416.942821

3416.942821

13629.391539

7490.994927

3911.426402

3769.064559

4552.065773

2170.135324

2170.135324

2170.135324

2170.135324

2170.135324

2170.135324

2170.135324

2170.135324

2170.135324

2170.135324

2170.135324

2170.135324

2170.135324

2170.135324

2170.135324

2170.135324

2170.135324

2170.135324

2170.135324

3428.533293

3717.307327

5655.057189

4317.475361

4135.897407

4135.897407

4317.475361

5655.057189

3717.307327

3428.533293

2170.135324

2170.135324

2170.135324

2170.135324

2170.135324

2170.135324

2170.135324

2170.135324

2170.135324

2170.135324

2170.135324

2170.135324

2170.135324

2170.135324

2170.135324

2170.135324

2170.135324

2170.135324

2170.135324

2170.135324

2170.135324

3287.226657

4753.791978

4191.158726

560.142921

560.142921

4191.158726

4753.791978

3287.226657

2170.135324

2170.135324

2170.135324

2170.135324

2170.135324

2170.135324

2170.135324

2170.135324

2170.135324

2170.135324

2170.135324

2170.135324

2170.135324

2170.135324

2170.135324

2170.135324

2170.135324

2170.135324

2170.135324

2170.135324

2170.135324

2170.135324

2170.135324

4393.208513

3722.898104

5287.330014

5287.330014

3722.898104

4393.208513

2170.135324

2170.135324

2170.135324

2170.135324

2170.135324

2170.135324

2170.135324

2170.135324

2170.135324

2170.135324

2170.135324

2170.135324

2170.135324

2170.135324

2170.135324

2170.135324

2170.135324

2170.135324

2170.135324

2170.135324

2170.135324

2170.135324

2170.135324

2170.135324

2170.135324

2170.135324

2170.135324

2170.135324

2170.135324

2170.135324

2170.135324

2170.135324

2170.135324

2170.135324

2170.135324

2170.135324

2170.135324

2170.135324

2170.135324

2170.135324

2170.135324

2170.135324

2170.135324

2170.135324

2170.135324

2170.135324

2170.135324

2170.135324

2170.135324

2170.135324

2170.135324

2170.135324

2170.135324

2170.135324

2170.135324

2170.135324

2170.135324

2170.135324

2170.135324

2170.135324

2170.135324

2170.135324

2170.135324

2170.135324

2170.135324

2170.135324

2170.135324

2170.135324

2170.135324

2170.135324

2170.135324

2170.135324

2170.135324

2170.135324

2170.135324

2170.135324

2170.135324

2170.135324

2170.135324

2170.135324

2170.135324

2170.135324

2170.135324

2170.135324

2170.135324

2170.135324

2170.135324

2170.135324

2170.135324

2170.135324

2170.135324

2170.135324

2170.135324

2170.135324

2170.135324

2170.135324

2170.135324

2170.135324

2170.135324

2170.135324

2170.135324

2170.135324

2170.135324

2170.135324

2170.135324

2170.135324

2170.135324

2170.135324

2170.135324

2170.135324

2170.135324

2170.135324

2170.135324

2170.135324

2170.135324

2170.135324

2170.135324

2170.135324

2170.135324

2170.135324

2170.135324

2170.135324

2170.135324

2170.135324

2170.135324

2170.135324

2170.135324

2170.135324

2170.135324

2170.135324

2170.135324

2170.135324

2170.135324

2170.135324

2170.135324

2170.135324

2170.135324

2170.135324

2170.135324

2170.135324

2170.135324

2170.135324

2170.135324

2170.135324

2170.135324

2170.135324

2170.135324

2170.135324

2170.135324

2170.135324

2170.135324

2170.135324

2170.135324

2170.135324

2170.135324

2170.135324

2170.135324

2170.135324

2170.135324

2170.135324

2170.135324

2170.135324

2170.135324

2170.135324

2170.135324

2170.135324

2170.135324

2170.135324

2170.135324

2170.135324

2170.135324

2170.135324

2170.135324

2170.135324

2170.135324

2170.135324

2170.135324

2170.135324

2170.135324

2170.135324

2170.135324

2170.135324

2170.135324

2170.135324

2170.135324

2170.135324

2170.135324

2170.135324

2170.135324

2170.135324

2170.135324

2170.135324

2170.135324

2170.135324

2170.135324

2170.135324

2170.135324

2170.135324

2170.135324

2170.135324

2170.135324

2170.135324

2170.135324

2170.135324

2170.135324

2170.135324

2170.135324

2170.135324

2170.135324

2170.135324

2170.135324

2170.135324

2170.135324

2170.135324

2170.135324

2170.135324

2170.135324

2170.135324

2170.135324

2170.135324

2170.135324

2170.135324

2170.135324

2170.135324

2170.135324

2170.135324

2170.135324

2170.135324

2170.135324

2170.135324

2170.135324

2170.135324

2170.135324

2170.135324

2170.135324

2170.135324

2170.135324

2170.135324

2170.135324

2170.135324

2170.135324

2170.135324

2170.135324

2170.135324

2170.135324

2170.135324

2170.135324

2170.135324

2170.135324

2170.135324

2170.135324

2170.135324

