AXIS X

0.000000 0.001000 0.002000 0.003000 0.004000 0.005000 0.006000 0.007000 0.008000 0.009000 0.010000 0.011000 0.012000 0.013000 0.014000 0.015000 0.016000 0.017000 0.018000 0.019000 0.020000 0.021000 0.022000 0.023000 0.024000 0.025000 0.026000 0.027000 0.028000 0.029000 

AXIS Y

0.000000 0.001000 0.002000 0.003000 0.004000 0.005000 0.006000 0.007000 0.008000 0.009000 0.010000 0.011000 0.012000 0.013000 0.014000 0.015000 0.016000 0.017000 0.018000 0.019000 0.020000 0.021000 0.022000 0.023000 0.024000 0.025000 0.026000 0.027000 0.028000 0.029000 



DATA
942.477796

942.477796

942.477796

942.477796

942.477796

942.477796

942.477796

942.477796

942.477796

942.477796

942.477796

942.477796

942.477796

942.477796

942.477796

942.477796

942.477796

942.477796

942.477796

942.477796

942.477796

942.477796

942.477796

942.477796

942.477796

942.477796

942.477796

942.477796

942.477796

942.477796

942.477796

942.477796

942.477796

942.477796

942.477796

942.477796

942.477796

942.477796

942.477796

942.477796

942.477796

942.477796

942.477796

942.477796

942.477796

942.477796

942.477796

942.477796

942.477796

942.477796

942.477796

942.477796

942.477796

942.477796

942.477796

942.477796

942.477796

942.477796

942.477796

942.477796

942.477796

942.477796

942.477796

942.477796

942.477796

942.477796

942.477796

942.477796

942.477796

942.477796

942.477796

942.477796

942.477796

942.477796

942.477796

942.477796

942.477796

942.477796

942.477796

942.477796

942.477796

942.477796

942.477796

942.477796

942.477796

942.477796

942.477796

942.477796

942.477796

942.477796

942.477796

942.477796

942.477796

942.477796

942.477796

942.477796

942.477796

942.477796

942.477796

942.477796

942.477796

942.477796

942.477796

942.477796

942.477796

942.477796

942.477796

942.477796

942.477796

942.477796

942.477796

942.477796

942.477796

942.477796

942.477796

942.477796

942.477796

942.477796

942.477796

942.477796

942.477796

942.477796

942.477796

942.477796

942.477796

942.477796

942.477796

942.477796

942.477796

942.477796

942.477796

942.477796

942.477796

942.477796

942.477796

942.477796

942.477796

942.477796

942.477796

942.477796

942.477796

942.477796

942.477796

942.477796

942.477796

942.477796

942.477796

942.477796

942.477796

942.477796

942.477796

942.477796

942.477796

942.477796

942.477796

942.477796

942.477796

942.477796

942.477796

942.477796

942.477796

942.477796

942.477796

942.477796

942.477796

942.477796

942.477796

942.477796

942.477796

942.477796

942.477796

942.477796

942.477796

942.477796

942.477796

942.477796

942.477796

942.477796

942.477796

942.477796

942.477796

942.477796

942.477796

942.477796

942.477796

942.477796

942.477796

942.477796

942.477796

942.477796

942.477796

942.477796

942.477796

942.477796

942.477796

942.477796

942.477796

942.477796

942.477796

942.477796

942.477796

942.477796

942.477796

942.477796

942.477796

942.477796

942.477796

942.477796

942.477796

942.477796

942.477796

942.477796

942.477796

942.477796

942.477796

942.477796

942.477796

942.477796

942.477796

942.477796

942.477796

942.477796

942.477796

942.477796

942.477796

942.477796

942.477796

942.477796

942.477796

942.477796

942.477796

942.477796

942.477796

942.477796

942.477796

942.477796

942.477796

942.477796

942.477796

942.477796

942.477796

942.477796

942.477796

942.477796

942.477796

942.477796

942.477796

942.477796

942.477796

942.477796

942.477796

942.477796

1278.499977

1278.246610

1946.167033

1946.167033

1278.246610

1278.499977

942.477796

942.477796

942.477796

942.477796

942.477796

942.477796

942.477796

942.477796

942.477796

942.477796

942.477796

942.477796

942.477796

942.477796

942.477796

942.477796

942.477796

942.477796

942.477796

942.477796

942.477796

942.477796

942.477796

1697.754817

1619.761524

2095.664497

5255.948513

5255.948513

2095.664497

1619.761524

1697.754817

942.477796

942.477796

942.477796

942.477796

942.477796

942.477796

942.477796

942.477796

942.477796

942.477796

942.477796

942.477796

942.477796

942.477796

942.477796

942.477796

942.477796

942.477796

942.477796

942.477796

942.477796

2294.422073

3159.622754

4642.643353

4659.527377

3852.038733

3852.038733

4659.527377

4642.643353

3159.622754

2294.422073

942.477796

942.477796

942.477796

942.477796

942.477796

942.477796

942.477796

942.477796

942.477796

942.477796

942.477796

942.477796

942.477796

942.477796

942.477796

942.477796

942.477796

942.477796

942.477796

1548.257470

2310.097013

4584.697073

6157.639321

3333.264156

2698.596745

2698.596745

3333.264156

6157.639321

4584.697073

2310.097013

1548.257470

942.477796

942.477796

942.477796

942.477796

942.477796

942.477796

942.477796

942.477796

942.477796

942.477796

942.477796

942.477796

942.477796

942.477796

942.477796

942.477796

942.477796

1260.827727

1558.658726

2157.394170

3236.931159

3106.935533

2821.630137

3841.207673

3841.207673

2821.630137

3106.935533

3236.931159

2157.394170

1558.658726

1260.827727

942.477796

942.477796

942.477796

942.477796

942.477796

942.477796

942.477796

942.477796

942.477796

942.477796

942.477796

942.477796

942.477796

942.477796

942.477796

942.477796

1700.807930

1970.235637

2462.666521

2634.867418

2714.692779

3472.236294

2983.201341

2983.201341

3472.236294

2714.692779

2634.867418

2462.666521

1970.235637

1700.807930

942.477796

942.477796

942.477796

942.477796

942.477796

942.477796

942.477796

942.477796

942.477796

942.477796

942.477796

942.477796

942.477796

942.477796

942.477796

942.477796

1715.688515

2199.997918

2270.779203

2241.264878

2665.955453

4867.219389

2785.640726

2785.640726

4867.219389

2665.955453

2241.264878

2270.779203

2199.997918

1715.688515

942.477796

942.477796

942.477796

942.477796

942.477796

942.477796

942.477796

942.477796

942.477796

942.477796

942.477796

942.477796

942.477796

942.477796

942.477796

942.477796

1555.957715

1848.761138

1896.840829

1965.140807

2369.119528

4383.987862

2730.329742

2730.329742

4383.987862

2369.119528

1965.140807

1896.840829

1848.761138

1555.957715

942.477796

942.477796

942.477796

942.477796

942.477796

942.477796

942.477796

942.477796

942.477796

942.477796

942.477796

942.477796

942.477796

942.477796

942.477796

942.477796

1412.480719

1664.704535

1793.638222

1779.249116

2049.003844

3038.134063

2420.442132

2420.442132

3038.134063

2049.003844

1779.249116

1793.638222

1664.704535

1412.480719

942.477796

942.477796

942.477796

942.477796

942.477796

942.477796

942.477796

942.477796

942.477796

942.477796

942.477796

942.477796

942.477796

942.477796

942.477796

942.477796

1241.747604

1731.477461

1764.018493

1655.627037

2150.511056

3879.982922

1664.123779

1664.123779

3879.982922

2150.511056

1655.627037

1764.018493

1731.477461

1241.747604

942.477796

942.477796

942.477796

942.477796

942.477796

942.477796

942.477796

942.477796

942.477796

942.477796

942.477796

942.477796

942.477796

942.477796

942.477796

942.477796

942.477796

1976.937046

1636.883940

1698.710903

3253.297761

5919.169537

1483.959412

1483.959412

5919.169537

3253.297761

1698.710903

1636.883940

1976.937046

942.477796

942.477796

942.477796

942.477796

942.477796

942.477796

942.477796

942.477796

942.477796

942.477796

942.477796

942.477796

942.477796

942.477796

942.477796

942.477796

942.477796

942.477796

942.477796

1488.993090

1614.406060

2455.960132

1875.055725

1796.197421

1796.197421

1875.055725

2455.960132

1614.406060

1488.993090

942.477796

942.477796

942.477796

942.477796

942.477796

942.477796

942.477796

942.477796

942.477796

942.477796

942.477796

942.477796

942.477796

942.477796

942.477796

942.477796

942.477796

942.477796

942.477796

942.477796

942.477796

1427.624398

2064.545624

1820.197108

243.266980

243.266980

1820.197108

2064.545624

1427.624398

942.477796

942.477796

942.477796

942.477796

942.477796

942.477796

942.477796

942.477796

942.477796

942.477796

942.477796

942.477796

942.477796

942.477796

942.477796

942.477796

942.477796

942.477796

942.477796

942.477796

942.477796

942.477796

942.477796

1907.946215

1616.834103

2296.258249

2296.258249

1616.834103

1907.946215

942.477796

942.477796

942.477796

942.477796

942.477796

942.477796

942.477796

942.477796

942.477796

942.477796

942.477796

942.477796

942.477796

942.477796

942.477796

942.477796

942.477796

942.477796

942.477796

942.477796

942.477796

942.477796

942.477796

942.477796

942.477796

942.477796

942.477796

942.477796

942.477796

942.477796

942.477796

942.477796

942.477796

942.477796

942.477796

942.477796

942.477796

942.477796

942.477796

942.477796

942.477796

942.477796

942.477796

942.477796

942.477796

942.477796

942.477796

942.477796

942.477796

942.477796

942.477796

942.477796

942.477796

942.477796

942.477796

942.477796

942.477796

942.477796

942.477796

942.477796

942.477796

942.477796

942.477796

942.477796

942.477796

942.477796

942.477796

942.477796

942.477796

942.477796

942.477796

942.477796

942.477796

942.477796

942.477796

942.477796

942.477796

942.477796

942.477796

942.477796

942.477796

942.477796

942.477796

942.477796

942.477796

942.477796

942.477796

942.477796

942.477796

942.477796

942.477796

942.477796

942.477796

942.477796

942.477796

942.477796

942.477796

942.477796

942.477796

942.477796

942.477796

942.477796

942.477796

942.477796

942.477796

942.477796

942.477796

942.477796

942.477796

942.477796

942.477796

942.477796

942.477796

942.477796

942.477796

942.477796

942.477796

942.477796

942.477796

942.477796

942.477796

942.477796

942.477796

942.477796

942.477796

942.477796

942.477796

942.477796

942.477796

942.477796

942.477796

942.477796

942.477796

942.477796

942.477796

942.477796

942.477796

942.477796

942.477796

942.477796

942.477796

942.477796

942.477796

942.477796

942.477796

942.477796

942.477796

942.477796

942.477796

942.477796

942.477796

942.477796

942.477796

942.477796

942.477796

942.477796

942.477796

942.477796

942.477796

942.477796

942.477796

942.477796

942.477796

942.477796

942.477796

942.477796

942.477796

942.477796

942.477796

942.477796

942.477796

942.477796

942.477796

942.477796

942.477796

942.477796

942.477796

942.477796

942.477796

942.477796

942.477796

942.477796

942.477796

942.477796

942.477796

942.477796

942.477796

942.477796

942.477796

942.477796

942.477796

942.477796

942.477796

942.477796

942.477796

942.477796

942.477796

942.477796

942.477796

942.477796

942.477796

942.477796

942.477796

942.477796

942.477796

942.477796

942.477796

942.477796

942.477796

942.477796

942.477796

942.477796

942.477796

942.477796

942.477796

942.477796

942.477796

942.477796

942.477796

942.477796

942.477796

942.477796

942.477796

942.477796

942.477796

942.477796

942.477796

942.477796

942.477796

942.477796

942.477796

942.477796

942.477796

942.477796

942.477796

942.477796

942.477796

942.477796

942.477796

942.477796

942.477796

942.477796

942.477796

942.477796

942.477796

942.477796

942.477796

942.477796

942.477796

942.477796

942.477796

942.477796

