AXIS X

0.000000 0.001000 0.002000 0.003000 0.004000 0.005000 0.006000 0.007000 0.008000 0.009000 0.010000 0.011000 0.012000 0.013000 0.014000 0.015000 0.016000 0.017000 0.018000 0.019000 0.020000 0.021000 0.022000 0.023000 0.024000 0.025000 0.026000 0.027000 0.028000 0.029000 

AXIS Y

0.000000 0.001000 0.002000 0.003000 0.004000 0.005000 0.006000 0.007000 0.008000 0.009000 0.010000 0.011000 0.012000 0.013000 0.014000 0.015000 0.016000 0.017000 0.018000 0.019000 0.020000 0.021000 0.022000 0.023000 0.024000 0.025000 0.026000 0.027000 0.028000 0.029000 



DATA
5063.649089

5063.649089

5063.649089

5063.649089

5063.649089

5063.649089

5063.649089

5063.649089

5063.649089

5063.649089

5063.649089

5063.649089

5063.649089

5063.649089

5063.649089

5063.649089

5063.649089

5063.649089

5063.649089

5063.649089

5063.649089

5063.649089

5063.649089

5063.649089

5063.649089

5063.649089

5063.649089

5063.649089

5063.649089

5063.649089

5063.649089

5063.649089

5063.649089

5063.649089

5063.649089

5063.649089

5063.649089

5063.649089

5063.649089

5063.649089

5063.649089

5063.649089

5063.649089

5063.649089

5063.649089

5063.649089

5063.649089

5063.649089

5063.649089

5063.649089

5063.649089

5063.649089

5063.649089

5063.649089

5063.649089

5063.649089

5063.649089

5063.649089

5063.649089

5063.649089

5063.649089

5063.649089

5063.649089

5063.649089

5063.649089

5063.649089

5063.649089

5063.649089

5063.649089

5063.649089

5063.649089

5063.649089

5063.649089

5063.649089

5063.649089

5063.649089

5063.649089

5063.649089

5063.649089

5063.649089

5063.649089

5063.649089

5063.649089

5063.649089

5063.649089

5063.649089

5063.649089

5063.649089

5063.649089

5063.649089

5063.649089

5063.649089

5063.649089

5063.649089

5063.649089

5063.649089

5063.649089

5063.649089

5063.649089

5063.649089

5063.649089

5063.649089

5063.649089

5063.649089

5063.649089

5063.649089

5063.649089

5063.649089

5063.649089

5063.649089

5063.649089

5063.649089

5063.649089

5063.649089

5063.649089

5063.649089

5063.649089

5063.649089

5063.649089

5063.649089

5063.649089

5063.649089

5063.649089

5063.649089

5063.649089

5063.649089

5063.649089

5063.649089

5063.649089

5063.649089

5063.649089

5063.649089

5063.649089

5063.649089

5063.649089

5063.649089

5063.649089

5063.649089

5063.649089

5063.649089

5063.649089

5063.649089

5063.649089

5063.649089

5063.649089

5063.649089

5063.649089

5063.649089

5063.649089

5063.649089

5063.649089

5063.649089

5063.649089

5063.649089

5063.649089

5063.649089

5063.649089

5063.649089

5063.649089

5063.649089

5063.649089

5063.649089

5063.649089

5063.649089

5063.649089

5063.649089

5063.649089

5063.649089

5063.649089

5063.649089

5063.649089

5063.649089

5063.649089

5063.649089

5063.649089

5063.649089

5063.649089

5063.649089

5063.649089

5063.649089

5063.649089

5063.649089

5063.649089

5063.649089

5063.649089

5063.649089

5063.649089

5063.649089

5063.649089

5063.649089

5063.649089

5063.649089

5063.649089

5063.649089

5063.649089

5063.649089

5063.649089

5063.649089

5063.649089

5063.649089

5063.649089

5063.649089

5063.649089

5063.649089

5063.649089

5063.649089

5063.649089

5063.649089

5063.649089

5063.649089

5063.649089

5063.649089

5063.649089

5063.649089

5063.649089

5063.649089

5063.649089

5063.649089

5063.649089

5063.649089

5063.649089

5063.649089

5063.649089

5063.649089

5063.649089

5063.649089

5063.649089

5063.649089

5063.649089

5063.649089

5063.649089

5063.649089

5063.649089

5063.649089

5063.649089

5063.649089

5063.649089

5063.649089

5063.649089

5063.649089

5063.649089

5063.649089

5063.649089

5063.649089

5063.649089

5063.649089

5063.649089

5063.649089

5063.649089

5063.649089

5063.649089

5063.649089

6868.994971

6867.633707

10456.168799

10456.168799

6867.633707

6868.994971

5063.649089

5063.649089

5063.649089

5063.649089

5063.649089

5063.649089

5063.649089

5063.649089

5063.649089

5063.649089

5063.649089

5063.649089

5063.649089

5063.649089

5063.649089

5063.649089

5063.649089

5063.649089

5063.649089

5063.649089

5063.649089

5063.649089

5063.649089

9121.524843

8702.490391

11259.373603

28238.626956

28238.626956

11259.373603

8702.490391

9121.524843

5063.649089

5063.649089

5063.649089

5063.649089

5063.649089

5063.649089

5063.649089

5063.649089

5063.649089

5063.649089

5063.649089

5063.649089

5063.649089

5063.649089

5063.649089

5063.649089

5063.649089

5063.649089

5063.649089

5063.649089

5063.649089

12327.238147

16975.700589

24943.523213

25034.235982

20695.842914

20695.842914

25034.235982

24943.523213

16975.700589

12327.238147

5063.649089

5063.649089

5063.649089

5063.649089

5063.649089

5063.649089

5063.649089

5063.649089

5063.649089

5063.649089

5063.649089

5063.649089

5063.649089

5063.649089

5063.649089

5063.649089

5063.649089

5063.649089

5063.649089

8318.320664

12411.454872

24632.195320

33083.139856

17908.623500

14498.746819

14498.746819

17908.623500

33083.139856

24632.195320

12411.454872

8318.320664

5063.649089

5063.649089

5063.649089

5063.649089

5063.649089

5063.649089

5063.649089

5063.649089

5063.649089

5063.649089

5063.649089

5063.649089

5063.649089

5063.649089

5063.649089

5063.649089

5063.649089

6774.047301

8374.203477

11591.028529

17391.055347

16692.628035

15159.768144

20637.650899

20637.650899

15159.768144

16692.628035

17391.055347

11591.028529

8374.203477

6774.047301

5063.649089

5063.649089

5063.649089

5063.649089

5063.649089

5063.649089

5063.649089

5063.649089

5063.649089

5063.649089

5063.649089

5063.649089

5063.649089

5063.649089

5063.649089

5063.649089

9137.928297

10585.482151

13231.164845

14156.348356

14585.225956

18655.278901

16027.841519

16027.841519

18655.278901

14585.225956

14156.348356

13231.164845

10585.482151

9137.928297

5063.649089

5063.649089

5063.649089

5063.649089

5063.649089

5063.649089

5063.649089

5063.649089

5063.649089

5063.649089

5063.649089

5063.649089

5063.649089

5063.649089

5063.649089

5063.649089

9217.877199

11819.925626

12200.212132

12041.640562

14323.374995

26150.102555

14966.407890

14966.407890

26150.102555

14323.374995

12041.640562

12200.212132

11819.925626

9217.877199

5063.649089

5063.649089

5063.649089

5063.649089

5063.649089

5063.649089

5063.649089

5063.649089

5063.649089

5063.649089

5063.649089

5063.649089

5063.649089

5063.649089

5063.649089

5063.649089

8359.691758

9932.836286

10191.153974

10558.109164

12728.565056

23553.845231

14669.238645

14669.238645

23553.845230

12728.565056

10558.109164

10191.153974

9932.836286

8359.691758

5063.649089

5063.649089

5063.649089

5063.649089

5063.649089

5063.649089

5063.649089

5063.649089

5063.649089

5063.649089

5063.649089

5063.649089

5063.649089

5063.649089

5063.649089

5063.649089

7588.833111

8943.955643

9636.677474

9559.369145

11008.679980

16322.978475

13004.305935

13004.305935

16322.978475

11008.679980

9559.369145

9636.677474

8943.955643

7588.833111

5063.649089

5063.649089

5063.649089

5063.649089

5063.649089

5063.649089

5063.649089

5063.649089

5063.649089

5063.649089

5063.649089

5063.649089

5063.649089

5063.649089

5063.649089

5063.649089

6671.535553

9302.706444

9477.539599

8895.184982

11554.047634

20845.978622

8940.835418

8940.835418

20845.978622

11554.047634

8895.184982

9477.539599

9302.706444

6671.535553

5063.649089

5063.649089

5063.649089

5063.649089

5063.649089

5063.649089

5063.649089

5063.649089

5063.649089

5063.649089

5063.649089

5063.649089

5063.649089

5063.649089

5063.649089

5063.649089

5063.649089

10621.486804

8794.483972

9126.661604

17478.988164

31801.913591

7972.866583

7972.866583

31801.913591

17478.988164

9126.661604

8794.483972

10621.486804

5063.649089

5063.649089

5063.649089

5063.649089

5063.649089

5063.649089

5063.649089

5063.649089

5063.649089

5063.649089

5063.649089

5063.649089

5063.649089

5063.649089

5063.649089

5063.649089

5063.649089

5063.649089

5063.649089

7999.911017

8673.717097

13195.133441

10074.109176

9650.427282

9650.427282

10074.109176

13195.133441

8673.717097

7999.911017

5063.649089

5063.649089

5063.649089

5063.649089

5063.649089

5063.649089

5063.649089

5063.649089

5063.649089

5063.649089

5063.649089

5063.649089

5063.649089

5063.649089

5063.649089

5063.649089

5063.649089

5063.649089

5063.649089

5063.649089

5063.649089

7670.195532

11092.181283

9779.370361

1307.000149

1307.000149

9779.370361

11092.181283

7670.195532

5063.649089

5063.649089

5063.649089

5063.649089

5063.649089

5063.649089

5063.649089

5063.649089

5063.649089

5063.649089

5063.649089

5063.649089

5063.649089

5063.649089

5063.649089

5063.649089

5063.649089

5063.649089

5063.649089

5063.649089

5063.649089

5063.649089

5063.649089

10250.819864

8686.762243

12337.103366

12337.103366

8686.762243

10250.819864

5063.649089

5063.649089

5063.649089

5063.649089

5063.649089

5063.649089

5063.649089

5063.649089

5063.649089

5063.649089

5063.649089

5063.649089

5063.649089

5063.649089

5063.649089

5063.649089

5063.649089

5063.649089

5063.649089

5063.649089

5063.649089

5063.649089

5063.649089

5063.649089

5063.649089

5063.649089

5063.649089

5063.649089

5063.649089

5063.649089

5063.649089

5063.649089

5063.649089

5063.649089

5063.649089

5063.649089

5063.649089

5063.649089

5063.649089

5063.649089

5063.649089

5063.649089

5063.649089

5063.649089

5063.649089

5063.649089

5063.649089

5063.649089

5063.649089

5063.649089

5063.649089

5063.649089

5063.649089

5063.649089

5063.649089

5063.649089

5063.649089

5063.649089

5063.649089

5063.649089

5063.649089

5063.649089

5063.649089

5063.649089

5063.649089

5063.649089

5063.649089

5063.649089

5063.649089

5063.649089

5063.649089

5063.649089

5063.649089

5063.649089

5063.649089

5063.649089

5063.649089

5063.649089

5063.649089

5063.649089

5063.649089

5063.649089

5063.649089

5063.649089

5063.649089

5063.649089

5063.649089

5063.649089

5063.649089

5063.649089

5063.649089

5063.649089

5063.649089

5063.649089

5063.649089

5063.649089

5063.649089

5063.649089

5063.649089

5063.649089

5063.649089

5063.649089

5063.649089

5063.649089

5063.649089

5063.649089

5063.649089

5063.649089

5063.649089

5063.649089

5063.649089

5063.649089

5063.649089

5063.649089

5063.649089

5063.649089

5063.649089

5063.649089

5063.649089

5063.649089

5063.649089

5063.649089

5063.649089

5063.649089

5063.649089

5063.649089

5063.649089

5063.649089

5063.649089

5063.649089

5063.649089

5063.649089

5063.649089

5063.649089

5063.649089

5063.649089

5063.649089

5063.649089

5063.649089

5063.649089

5063.649089

5063.649089

5063.649089

5063.649089

5063.649089

5063.649089

5063.649089

5063.649089

5063.649089

5063.649089

5063.649089

5063.649089

5063.649089

5063.649089

5063.649089

5063.649089

5063.649089

5063.649089

5063.649089

5063.649089

5063.649089

5063.649089

5063.649089

5063.649089

5063.649089

5063.649089

5063.649089

5063.649089

5063.649089

5063.649089

5063.649089

5063.649089

5063.649089

5063.649089

5063.649089

5063.649089

5063.649089

5063.649089

5063.649089

5063.649089

5063.649089

5063.649089

5063.649089

5063.649089

5063.649089

5063.649089

5063.649089

5063.649089

5063.649089

5063.649089

5063.649089

5063.649089

5063.649089

5063.649089

5063.649089

5063.649089

5063.649089

5063.649089

5063.649089

5063.649089

5063.649089

5063.649089

5063.649089

5063.649089

5063.649089

5063.649089

5063.649089

5063.649089

5063.649089

5063.649089

5063.649089

5063.649089

5063.649089

5063.649089

5063.649089

5063.649089

5063.649089

5063.649089

5063.649089

5063.649089

5063.649089

5063.649089

5063.649089

5063.649089

5063.649089

5063.649089

5063.649089

5063.649089

5063.649089

5063.649089

5063.649089

5063.649089

5063.649089

5063.649089

5063.649089

5063.649089

5063.649089

5063.649089

5063.649089

5063.649089

5063.649089

5063.649089

5063.649089

5063.649089

5063.649089

5063.649089

5063.649089

5063.649089

5063.649089

5063.649089

5063.649089

5063.649089

