AXIS X

0.000000 0.001000 0.002000 0.003000 0.004000 0.005000 0.006000 0.007000 0.008000 0.009000 0.010000 0.011000 0.012000 0.013000 0.014000 0.015000 0.016000 0.017000 0.018000 0.019000 0.020000 0.021000 0.022000 0.023000 0.024000 0.025000 0.026000 0.027000 0.028000 0.029000 

AXIS Y

0.000000 0.001000 0.002000 0.003000 0.004000 0.005000 0.006000 0.007000 0.008000 0.009000 0.010000 0.011000 0.012000 0.013000 0.014000 0.015000 0.016000 0.017000 0.018000 0.019000 0.020000 0.021000 0.022000 0.023000 0.024000 0.025000 0.026000 0.027000 0.028000 0.029000 



DATA
2199.114858

2199.114858

2199.114858

2199.114858

2199.114858

2199.114858

2199.114858

2199.114858

2199.114858

2199.114858

2199.114858

2199.114858

2199.114858

2199.114858

2199.114858

2199.114858

2199.114858

2199.114858

2199.114858

2199.114858

2199.114858

2199.114858

2199.114858

2199.114858

2199.114858

2199.114858

2199.114858

2199.114858

2199.114858

2199.114858

2199.114858

2199.114858

2199.114858

2199.114858

2199.114858

2199.114858

2199.114858

2199.114858

2199.114858

2199.114858

2199.114858

2199.114858

2199.114858

2199.114858

2199.114858

2199.114858

2199.114858

2199.114858

2199.114858

2199.114858

2199.114858

2199.114858

2199.114858

2199.114858

2199.114858

2199.114858

2199.114858

2199.114858

2199.114858

2199.114858

2199.114858

2199.114858

2199.114858

2199.114858

2199.114858

2199.114858

2199.114858

2199.114858

2199.114858

2199.114858

2199.114858

2199.114858

2199.114858

2199.114858

2199.114858

2199.114858

2199.114858

2199.114858

2199.114858

2199.114858

2199.114858

2199.114858

2199.114858

2199.114858

2199.114858

2199.114858

2199.114858

2199.114858

2199.114858

2199.114858

2199.114858

2199.114858

2199.114858

2199.114858

2199.114858

2199.114858

2199.114858

2199.114858

2199.114858

2199.114858

2199.114858

2199.114858

2199.114858

2199.114858

2199.114858

2199.114858

2199.114858

2199.114858

2199.114858

2199.114858

2199.114858

2199.114858

2199.114858

2199.114858

2199.114858

2199.114858

2199.114858

2199.114858

2199.114858

2199.114858

2199.114858

2199.114858

2199.114858

2199.114858

2199.114858

2199.114858

2199.114858

2199.114858

2199.114858

2199.114858

2199.114858

2199.114858

2199.114858

2199.114858

2199.114858

2199.114858

2199.114858

2199.114858

2199.114858

2199.114858

2199.114858

2199.114858

2199.114858

2199.114858

2199.114858

2199.114858

2199.114858

2199.114858

2199.114858

2199.114858

2199.114858

2199.114858

2199.114858

2199.114858

2199.114858

2199.114858

2199.114858

2199.114858

2199.114858

2199.114858

2199.114858

2199.114858

2199.114858

2199.114858

2199.114858

2199.114858

2199.114858

2199.114858

2199.114858

2199.114858

2199.114858

2199.114858

2199.114858

2199.114858

2199.114858

2199.114858

2199.114858

2199.114858

2199.114858

2199.114858

2199.114858

2199.114858

2199.114858

2199.114858

2199.114858

2199.114858

2199.114858

2199.114858

2199.114858

2199.114858

2199.114858

2199.114858

2199.114858

2199.114858

2199.114858

2199.114858

2199.114858

2199.114858

2199.114858

2199.114858

2199.114858

2199.114858

2199.114858

2199.114858

2199.114858

2199.114858

2199.114858

2199.114858

2199.114858

2199.114858

2199.114858

2199.114858

2199.114858

2199.114858

2199.114858

2199.114858

2199.114858

2199.114858

2199.114858

2199.114858

2199.114858

2199.114858

2199.114858

2199.114858

2199.114858

2199.114858

2199.114858

2199.114858

2199.114858

2199.114858

2199.114858

2199.114858

2199.114858

2199.114858

2199.114858

2199.114858

2199.114858

2199.114858

2199.114858

2199.114858

2199.114858

2199.114858

2199.114858

2199.114858

2199.114858

2199.114858

2199.114858

2199.114858

2199.114858

2199.114858

2199.114858

2199.114858

2983.166612

2982.575423

4541.056411

4541.056411

2982.575423

2983.166612

2199.114858

2199.114858

2199.114858

2199.114858

2199.114858

2199.114858

2199.114858

2199.114858

2199.114858

2199.114858

2199.114858

2199.114858

2199.114858

2199.114858

2199.114858

2199.114858

2199.114858

2199.114858

2199.114858

2199.114858

2199.114858

2199.114858

2199.114858

3961.427906

3779.443556

4889.883826

12263.879863

12263.879863

4889.883826

3779.443556

3961.427906

2199.114858

2199.114858

2199.114858

2199.114858

2199.114858

2199.114858

2199.114858

2199.114858

2199.114858

2199.114858

2199.114858

2199.114858

2199.114858

2199.114858

2199.114858

2199.114858

2199.114858

2199.114858

2199.114858

2199.114858

2199.114858

5353.651505

7372.453092

10832.834491

10872.230546

8988.090376

8988.090376

10872.230546

10832.834491

7372.453092

5353.651505

2199.114858

2199.114858

2199.114858

2199.114858

2199.114858

2199.114858

2199.114858

2199.114858

2199.114858

2199.114858

2199.114858

2199.114858

2199.114858

2199.114858

2199.114858

2199.114858

2199.114858

2199.114858

2199.114858

3612.600763

5390.226363

10697.626505

14367.825083

7777.616365

6296.725738

6296.725738

7777.616365

14367.825083

10697.626505

5390.226363

3612.600763

2199.114858

2199.114858

2199.114858

2199.114858

2199.114858

2199.114858

2199.114858

2199.114858

2199.114858

2199.114858

2199.114858

2199.114858

2199.114858

2199.114858

2199.114858

2199.114858

2199.114858

2941.931363

3636.870361

5033.919730

7552.839372

7249.516244

6583.803652

8962.817905

8962.817905

6583.803652

7249.516244

7552.839372

5033.919730

3636.870361

2941.931363

2199.114858

2199.114858

2199.114858

2199.114858

2199.114858

2199.114858

2199.114858

2199.114858

2199.114858

2199.114858

2199.114858

2199.114858

2199.114858

2199.114858

2199.114858

2199.114858

3968.551836

4597.216487

5746.221881

6148.023975

6334.283150

8101.884685

6960.803129

6960.803129

8101.884685

6334.283150

6148.023975

5746.221881

4597.216487

3968.551836

2199.114858

2199.114858

2199.114858

2199.114858

2199.114858

2199.114858

2199.114858

2199.114858

2199.114858

2199.114858

2199.114858

2199.114858

2199.114858

2199.114858

2199.114858

2199.114858

4003.273202

5133.328476

5298.484807

5229.618049

6220.562723

11356.845241

6499.828361

6499.828361

11356.845241

6220.562723

5229.618049

5298.484807

5133.328476

4003.273202

2199.114858

2199.114858

2199.114858

2199.114858

2199.114858

2199.114858

2199.114858

2199.114858

2199.114858

2199.114858

2199.114858

2199.114858

2199.114858

2199.114858

2199.114858

2199.114858

3630.568001

4313.775989

4425.961935

4585.328549

5527.945566

10229.305011

6370.769397

6370.769397

10229.305011

5527.945566

4585.328549

4425.961935

4313.775989

3630.568001

2199.114858

2199.114858

2199.114858

2199.114858

2199.114858

2199.114858

2199.114858

2199.114858

2199.114858

2199.114858

2199.114858

2199.114858

2199.114858

2199.114858

2199.114858

2199.114858

3295.788344

3884.310582

4185.155851

4151.581270

4781.008968

7088.979480

5647.698309

5647.698309

7088.979480

4781.008968

4151.581270

4185.155851

3884.310582

3295.788344

2199.114858

2199.114858

2199.114858

2199.114858

2199.114858

2199.114858

2199.114858

2199.114858

2199.114858

2199.114858

2199.114858

2199.114858

2199.114858

2199.114858

2199.114858

2199.114858

2897.411077

4040.114075

4116.043150

3863.129753

5017.859131

9053.293486

3882.955485

3882.955485

9053.293486

5017.859131

3863.129753

4116.043150

4040.114075

2897.411077

2199.114858

2199.114858

2199.114858

2199.114858

2199.114858

2199.114858

2199.114858

2199.114858

2199.114858

2199.114858

2199.114858

2199.114858

2199.114858

2199.114858

2199.114858

2199.114858

2199.114858

4612.853108

3819.395860

3963.658773

7591.028109

13811.395587

3462.571962

3462.571962

13811.395587

7591.028109

3963.658773

3819.395860

4612.853108

2199.114858

2199.114858

2199.114858

2199.114858

2199.114858

2199.114858

2199.114858

2199.114858

2199.114858

2199.114858

2199.114858

2199.114858

2199.114858

2199.114858

2199.114858

2199.114858

2199.114858

2199.114858

2199.114858

3474.317210

3766.947473

5730.573641

4375.130025

4191.127317

4191.127317

4375.130025

5730.573641

3766.947473

3474.317210

2199.114858

2199.114858

2199.114858

2199.114858

2199.114858

2199.114858

2199.114858

2199.114858

2199.114858

2199.114858

2199.114858

2199.114858

2199.114858

2199.114858

2199.114858

2199.114858

2199.114858

2199.114858

2199.114858

2199.114858

2199.114858

3331.123595

4817.273123

4247.126584

567.622952

567.622952

4247.126584

4817.273123

3331.123595

2199.114858

2199.114858

2199.114858

2199.114858

2199.114858

2199.114858

2199.114858

2199.114858

2199.114858

2199.114858

2199.114858

2199.114858

2199.114858

2199.114858

2199.114858

2199.114858

2199.114858

2199.114858

2199.114858

2199.114858

2199.114858

2199.114858

2199.114858

4451.874502

3772.612908

5357.935915

5357.935915

3772.612908

4451.874502

2199.114858

2199.114858

2199.114858

2199.114858

2199.114858

2199.114858

2199.114858

2199.114858

2199.114858

2199.114858

2199.114858

2199.114858

2199.114858

2199.114858

2199.114858

2199.114858

2199.114858

2199.114858

2199.114858

2199.114858

2199.114858

2199.114858

2199.114858

2199.114858

2199.114858

2199.114858

2199.114858

2199.114858

2199.114858

2199.114858

2199.114858

2199.114858

2199.114858

2199.114858

2199.114858

2199.114858

2199.114858

2199.114858

2199.114858

2199.114858

2199.114858

2199.114858

2199.114858

2199.114858

2199.114858

2199.114858

2199.114858

2199.114858

2199.114858

2199.114858

2199.114858

2199.114858

2199.114858

2199.114858

2199.114858

2199.114858

2199.114858

2199.114858

2199.114858

2199.114858

2199.114858

2199.114858

2199.114858

2199.114858

2199.114858

2199.114858

2199.114858

2199.114858

2199.114858

2199.114858

2199.114858

2199.114858

2199.114858

2199.114858

2199.114858

2199.114858

2199.114858

2199.114858

2199.114858

2199.114858

2199.114858

2199.114858

2199.114858

2199.114858

2199.114858

2199.114858

2199.114858

2199.114858

2199.114858

2199.114858

2199.114858

2199.114858

2199.114858

2199.114858

2199.114858

2199.114858

2199.114858

2199.114858

2199.114858

2199.114858

2199.114858

2199.114858

2199.114858

2199.114858

2199.114858

2199.114858

2199.114858

2199.114858

2199.114858

2199.114858

2199.114858

2199.114858

2199.114858

2199.114858

2199.114858

2199.114858

2199.114858

2199.114858

2199.114858

2199.114858

2199.114858

2199.114858

2199.114858

2199.114858

2199.114858

2199.114858

2199.114858

2199.114858

2199.114858

2199.114858

2199.114858

2199.114858

2199.114858

2199.114858

2199.114858

2199.114858

2199.114858

2199.114858

2199.114858

2199.114858

2199.114858

2199.114858

2199.114858

2199.114858

2199.114858

2199.114858

2199.114858

2199.114858

2199.114858

2199.114858

2199.114858

2199.114858

2199.114858

2199.114858

2199.114858

2199.114858

2199.114858

2199.114858

2199.114858

2199.114858

2199.114858

2199.114858

2199.114858

2199.114858

2199.114858

2199.114858

2199.114858

2199.114858

2199.114858

2199.114858

2199.114858

2199.114858

2199.114858

2199.114858

2199.114858

2199.114858

2199.114858

2199.114858

2199.114858

2199.114858

2199.114858

2199.114858

2199.114858

2199.114858

2199.114858

2199.114858

2199.114858

2199.114858

2199.114858

2199.114858

2199.114858

2199.114858

2199.114858

2199.114858

2199.114858

2199.114858

2199.114858

2199.114858

2199.114858

2199.114858

2199.114858

2199.114858

2199.114858

2199.114858

2199.114858

2199.114858

2199.114858

2199.114858

2199.114858

2199.114858

2199.114858

2199.114858

2199.114858

2199.114858

2199.114858

2199.114858

2199.114858

2199.114858

2199.114858

2199.114858

2199.114858

2199.114858

2199.114858

2199.114858

2199.114858

2199.114858

2199.114858

2199.114858

2199.114858

2199.114858

2199.114858

2199.114858

2199.114858

2199.114858

2199.114858

2199.114858

2199.114858

2199.114858

2199.114858

2199.114858

2199.114858

2199.114858

2199.114858

2199.114858

2199.114858

2199.114858

2199.114858

2199.114858

2199.114858

2199.114858

2199.114858

2199.114858

