AXIS X

0.000000 0.000500 0.001000 0.001500 0.002000 0.002500 0.003000 0.003500 0.004000 0.004500 0.005000 0.005500 0.006000 0.006500 0.007000 0.007500 0.008000 0.008500 0.009000 0.009500 0.010000 0.010500 0.011000 0.011500 0.012000 0.012500 0.013000 0.013500 0.014000 0.014500 0.015000 0.015500 0.016000 0.016500 0.017000 0.017500 0.018000 0.018500 0.019000 0.019500 0.020000 0.020500 0.021000 0.021500 0.022000 0.022500 0.023000 0.023500 0.024000 0.024500 0.025000 0.025500 0.026000 0.026500 0.027000 0.027500 0.028000 0.028500 0.029000 0.029500 

AXIS Y

0.000000 0.000500 0.001000 0.001500 0.002000 0.002500 0.003000 0.003500 0.004000 0.004500 0.005000 0.005500 0.006000 0.006500 0.007000 0.007500 0.008000 0.008500 0.009000 0.009500 0.010000 0.010500 0.011000 0.011500 0.012000 0.012500 0.013000 0.013500 0.014000 0.014500 0.015000 0.015500 0.016000 0.016500 0.017000 0.017500 0.018000 0.018500 0.019000 0.019500 0.020000 0.020500 0.021000 0.021500 0.022000 0.022500 0.023000 0.023500 0.024000 0.024500 0.025000 0.025500 0.026000 0.026500 0.027000 0.027500 0.028000 0.028500 0.029000 0.029500 



DATA
14991.783325

14995.462661

14997.299875

14999.334896

15000.491300

14999.516077

14995.745192

14988.368720

14977.202274

14962.493485

14944.914307

14925.849766

14906.992415

14890.953174

14880.090414

14877.155031

14883.402162

14899.604679

14924.060796

14954.731265

14987.304216

15018.825516

15044.532692

15063.091558

15069.812370

15065.769810

15043.442679

15016.189600

14987.809946

14991.360563

14991.360563

14987.809946

15016.189600

15043.442679

15065.769810

15069.812370

15063.091558

15044.532692

15018.825516

14987.304216

14954.731265

14924.060796

14899.604679

14883.402162

14877.155031

14880.090414

14890.953174

14906.992415

14925.849766

14944.914307

14962.493485

14977.202274

14988.368720

14995.745192

14999.516077

15000.491300

14999.334896

14997.299875

14995.462661

14991.783325

14995.781705

15000.863726

14998.625995

14994.583056

14991.047925

14985.640708

14978.909090

14970.774558

14961.450290

14951.298226

14941.055565

14931.643452

14924.075067

14919.166037

14917.644336

14919.763854

14925.757350

14935.322066

14948.345324

14964.156674

14982.380392

15001.844617

15021.795587

15040.506969

15057.395115

15070.674963

15081.000812

15081.678837

15031.080153

14975.773363

14975.773363

15031.080153

15081.678837

15081.000812

15070.674963

15057.395115

15040.506969

15021.795587

15001.844617

14982.380392

14964.156674

14948.345324

14935.322066

14925.757350

14919.763854

14917.644336

14919.166037

14924.075067

14931.643452

14941.055565

14951.298226

14961.450290

14970.774558

14978.909090

14985.640708

14991.047925

14994.583056

14998.625995

15000.863726

14995.781705

14996.185849

14998.957996

14995.910726

14988.969521

14979.773493

14970.725627

14961.636577

14953.460273

14946.381845

14940.756091

14936.908876

14935.250649

14935.828463

14938.367579

14941.983914

14945.836988

14949.040382

14951.609586

14954.098815

14958.038663

14964.959679

14976.319173

14992.558596

15013.687311

15038.962786

15068.378557

15100.063708

15123.514018

15120.531199

15078.305639

15078.305639

15120.531199

15123.514018

15100.063708

15068.378557

15038.962786

15013.687311

14992.558596

14976.319173

14964.959679

14958.038663

14954.098815

14951.609586

14949.040382

14945.836988

14941.983914

14938.367579

14935.828463

14935.250649

14936.908876

14940.756091

14946.381845

14953.460273

14961.636577

14970.725627

14979.773493

14988.969521

14995.910726

14998.957996

14996.185849

14994.738522

14995.162704

14989.944658

14980.420667

14969.011490

14957.797198

14948.711708

14942.038553

14938.009455

14936.284787

14936.678520

14938.906461

14942.704946

14947.218695

14951.531051

14954.309504

14955.011553

14953.567678

14951.299515

14950.086737

14952.310406

14959.804118

14973.784354

14994.412658

15021.923318

15055.422393

15093.266727

15127.717719

15145.611416

15108.178447

15108.178447

15145.611416

15127.717719

15093.266727

15055.422393

15021.923318

14994.412658

14973.784354

14959.804118

14952.310406

14950.086737

14951.299515

14953.567678

14955.011553

14954.309504

14951.531051

14947.218695

14942.704946

14938.906461

14936.678520

14936.284787

14938.009455

14942.038553

14948.711708

14957.797198

14969.011490

14980.420667

14989.944658

14995.162704

14994.738522

14991.366601

14987.997157

14981.503417

14970.648118

14958.916663

14948.636727

14941.092163

14936.803230

14935.231842

14935.608773

14937.076152

14939.264982

14941.800942

14944.595358

14946.934592

14948.516460

14948.692621

14947.843884

14946.530521

14946.167620

14948.093093

14953.630303

14963.516850

14978.570768

14998.509031

15023.434267

15048.485464

15066.984333

15063.060221

15047.093123

15047.093123

15063.060221

15066.984333

15048.485464

15023.434267

14998.509031

14978.570768

14963.516850

14953.630303

14948.093093

14946.167620

14946.530521

14947.843884

14948.692621

14948.516460

14946.934592

14944.595358

14941.800942

14939.264982

14937.076152

14935.608773

14935.231842

14936.803230

14941.092163

14948.636727

14958.916663

14970.648118

14981.503417

14987.997157

14991.366601

14984.268286

14978.884692

14971.263577

14961.567868

14951.678352

14943.740141

14938.354472

14935.486465

14934.510699

14934.439149

14934.484485

14934.279123

14934.239849

14934.546266

14935.735875

14937.375873

14939.495710

14941.394635

14943.041507

14944.232660

14945.290213

14946.714890

14949.572042

14954.746682

14963.928966

14975.618304

14988.231306

14992.665197

14991.718624

14992.587348

14992.587348

14991.718624

14992.665197

14988.231306

14975.618304

14963.928966

14954.746682

14949.572042

14946.714890

14945.290213

14944.232660

14943.041507

14941.394635

14939.495710

14937.375873

14935.735875

14934.546266

14934.239849

14934.279123

14934.484485

14934.439149

14934.510699

14935.486465

14938.354472

14943.740141

14951.678352

14961.567868

14971.263577

14978.884692

14984.268286

14973.108443

14968.436613

14962.327438

14955.165147

14948.617931

14943.174339

14938.944826

14935.624046

14933.165988

14931.144622

14929.286167

14927.805417

14927.122374

14928.127152

14930.687232

14934.848326

14939.252534

14942.964001

14944.424853

14942.910307

14938.404400

14932.054182

14926.040786

14923.468144

14926.032809

14935.483478

14947.679287

14961.225421

14968.904012

14946.695103

14946.695103

14968.904012

14961.225421

14947.679287

14935.483478

14926.032809

14923.468144

14926.040786

14932.054182

14938.404400

14942.910307

14944.424853

14942.964001

14939.252534

14934.848326

14930.687232

14928.127152

14927.122374

14927.805417

14929.286167

14931.144622

14933.165988

14935.624046

14938.944826

14943.174339

14948.617931

14955.165147

14962.327438

14968.436613

14973.108443

14958.080145

14957.888585

14955.954069

14952.899090

14949.495686

14945.706162

14940.813547

14935.503751

14930.609592

14927.192045

14925.640732

14926.295883

14929.549273

14934.968398

14942.160924

14949.158676

14954.463465

14955.618587

14951.301706

14941.034363

14926.124121

14910.007322

14897.349616

14892.909620

14900.423855

14918.564775

14944.235883

14965.060030

14963.413421

14896.196676

14896.196676

14963.413421

14965.060030

14944.235883

14918.564775

14900.423855

14892.909620

14897.349616

14910.007322

14926.124121

14941.034363

14951.301706

14955.618587

14954.463465

14949.158676

14942.160924

14934.968398

14929.549273

14926.295883

14925.640732

14927.192045

14930.609592

14935.503751

14940.813547

14945.706162

14949.495686

14952.899090

14955.954069

14957.888585

14958.080145

14940.642275

14947.853040

14952.119580

14953.515112

14952.706992

14948.956086

14942.482889

14934.653916

14928.531686

14925.996286

14928.205291

14934.994670

14945.276568

14957.567066

14968.915252

14977.033368

14978.689685

14972.348014

14957.162917

14934.601583

14908.702632

14885.338086

14871.903457

14874.461557

14894.992414

14930.202060

14966.343875

14984.621910

14952.145988

14846.157852

14846.157852

14952.145988

14984.621910

14966.343875

14930.202060

14894.992414

14874.461557

14871.903457

14885.338086

14908.702632

14934.601583

14957.162917

14972.348014

14978.689685

14977.033368

14968.915252

14957.567066

14945.276568

14934.994670

14928.205291

14925.996286

14928.531686

14934.653916

14942.482889

14948.956086

14952.706992

14953.515112

14952.119580

14947.853040

14940.642275

14923.187218

14938.377678

14948.996893

14954.440560

14955.117583

14951.146994

14943.109240

14934.692520

14929.627766

14931.239189

14939.880026

14954.334631

14971.909097

14988.561520

15000.826269

15004.536004

14998.021408

14980.216740

14953.022522

14920.473568

14888.844412

14866.485686

14861.052655

14877.758756

14915.917702

14965.174074

15006.645681

15008.906349

14944.755585

14795.413667

14795.413667

14944.755585

15008.906349

15006.645681

14965.174074

14915.917702

14877.758756

14861.052655

14866.485686

14888.844412

14920.473568

14953.022522

14980.216740

14998.021408

15004.536004

15000.826269

14988.561520

14971.909097

14954.334631

14939.880026

14931.239189

14929.627766

14934.692520

14943.109240

14951.146994

14955.117583

14954.440560

14948.996893

14938.377678

14923.187218

14907.994767

14929.207845

14944.383860

14952.530443

14954.604746

14950.897817

14943.835113

14937.284940

14936.677185

14944.169413

14959.731314

14980.124275

15000.721187

15016.826082

15023.312349

15018.086964

14999.783246

14971.064205

14935.950888

14901.069829

14874.292742

14863.359468

14874.437186

14909.205432

14962.159624

15019.733575

15057.007824

15044.619802

14949.478939

14774.186668

14774.186668

14949.478939

15044.619802

15057.007824

15019.733575

14962.159624

14909.205432

14874.437186

14863.359468

14874.292742

14901.069829

14935.950888

14971.064205

14999.783246

15018.086964

15023.312349

15016.826082

15000.721187

14980.124275

14959.731314

14944.169413

14936.677185

14937.284940

14943.835113

14950.897817

14954.604746

14952.530443

14944.383860

14929.207845

14907.994767

14896.597259

14919.886213

14936.863590

14946.592936

14950.288351

14949.309414

14945.590326

14944.331354

14949.284072

14962.771201

14982.308740

15003.749748

15021.606740

15030.296484

15026.986668

15009.714720

14981.575714

14946.474590

14911.853959

14884.877716

14872.981779

14881.290264

14912.014065

14961.897265

15022.649542

15078.444629

15108.511227

15082.844201

14974.593117

14752.958658

14752.958658

14974.593117

15082.844201

15108.511227

15078.444629

15022.649542

14961.897265

14912.014065

14881.290264

14872.981779

14884.877716

14911.853959

14946.474590

14981.575714

15009.714720

15026.986668

15030.296484

15021.606740

15003.749748

14982.308740

14962.771201

14949.284072

14944.331354

14945.590326

14949.309414

14950.288351

14946.592936

14936.863590

14919.886213

14896.597259

14888.748387

14910.599777

14926.925808

14937.642623

14944.509136

14948.001632

14950.505770

14954.896966

14965.246176

14980.955397

14999.740897

15016.213580

15025.327426

15023.605440

15008.597493

14982.948333

14949.784548

14917.081544

14891.305563

14880.218698

14887.650149

14915.632346

14960.456725

15016.322727

15072.697141

15118.312510

15137.041468

15105.388250

14984.583766

14730.926663

14730.926663

14984.583766

15105.388250

15137.041468

15118.312510

15072.697141

15016.322727

14960.456725

14915.632346

14887.650149

14880.218698

14891.305563

14917.081544

14949.784548

14982.948333

15008.597493

15023.605440

15025.327426

15016.213580

14999.740897

14980.955397

14965.246176

14954.896966

14950.505770

14948.001632

14944.509136

14937.642623

14926.925808

14910.599777

14888.748387

14883.193519

14901.725025

14916.955386

14929.471998

14940.603135

14950.474373

14958.676016

14968.070198

14979.367270

14993.021591

15004.963169

15011.853872

15010.103405

14997.640455

14976.079596

14947.276167

14918.463408

14894.710280

14884.163191

14889.881153

14914.612421

14953.848613

15002.502661

15050.465260

15090.820624

15117.350103

15122.846070

15088.359071

14959.484497

14655.662803

14655.662803

14959.484497

15088.359071

15122.846070

15117.350103

15090.820624

15050.465260

15002.502661

14953.848613

14914.612421

14889.881153

14884.163191

14894.710280

14918.463408

14947.276167

14976.079596

14997.640455

15010.103405

15011.853872

15004.963169

14993.021591

14979.367270

14968.070198

14958.676016

14950.474373

14940.603135

14929.471998

14916.955386

14901.725025

14883.193519

14877.713450

14894.544463

14910.344093

14926.271955

14943.045848

14958.220711

14970.871493

14980.348636

14988.826125

14994.443192

14996.591516

14992.320136

14981.080585

14963.593428

14940.975993

14918.502198

14899.013194

14889.803353

14892.873924

14912.304365

14944.155964

14985.128050

15024.306621

15054.944067

15071.448221

15074.227044

15067.314423

15033.974446

14912.727075

14579.168413

14579.168413

14912.727075

15033.974446

15067.314423

15074.227044

15071.448221

15054.944067

15024.306621

14985.128050

14944.155964

14912.304365

14892.873924

14889.803353

14899.013194

14918.502198

14940.975993

14963.593428

14981.080585

14992.320136

14996.591516

14994.443192

14988.826125

14980.348636

14970.871493

14958.220711

14943.045848

14926.271955

14910.344093

14894.544463

14877.713450

14871.186523

14890.073300

14910.138005

14931.646155

14953.537038

14972.500213

14984.576471

14990.723859

14990.715626

14987.047314

14978.304161

14966.200495

14951.001473

14934.312535

14919.115574

14906.244842

14900.659741

14902.412270

14915.816582

14937.910079

14968.464881

14998.062610

15021.445218

15030.437058

15024.856625

15012.950324

14997.604826

14977.394359

14878.690756

14505.643075

14505.643075

14878.690756

14977.394359

14997.604826

15012.950324

15024.856625

15030.437058

15021.445218

14998.062610

14968.464881

14937.910079

14915.816582

14902.412270

14900.659741

14906.244842

14919.115574

14934.312535

14951.001473

14966.200495

14978.304161

14987.047314

14990.715626

14990.723859

14984.576471

14972.500213

14953.537038

14931.646155

14910.138005

14890.073300

14871.186523

14863.417197

14889.738535

14917.711534

14945.983721

14972.024035

14990.343877

14998.613597

14996.155999

14987.620492

14974.034548

14959.723976

14944.922306

14932.482472

14923.273473

14917.317879

14916.594529

14919.217207

14928.160129

14940.609231

14958.380385

14974.970095

14988.604816

14990.991352

14983.023054

14970.583521

14959.538122

14961.669939

14951.584130

14876.321308

14467.320983

14467.320983

14876.321308

14951.584130

14961.669939

14959.538122

14970.583521

14983.023054

14990.991352

14988.604816

14974.970095

14958.380385

14940.609231

14928.160129

14919.217207

14916.594529

14917.317879

14923.273473

14932.482472

14944.922306

14959.723976

14974.034548

14987.620492

14996.155999

14998.613597

14990.343877

14972.024035

14945.983721

14917.711534

14889.738535

14863.417197

14856.706596

14893.966201

14932.251408

14967.121005

14994.131485

15008.847562

15008.570713

14997.844981

14980.373533

14963.463993

14948.258293

14938.823345

14933.967555

14933.713785

14936.874481

14940.703151

14946.229670

14950.731880

14956.592577

14960.118595

14961.785900

14954.604282

14941.504589

14926.341017

14921.362186

14941.957979

14971.852668

14985.147110

14883.052452

14427.941207

14427.941207

14883.052452

14985.147110

14971.852668

14941.957979

14921.362186

14926.341017

14941.504589

14954.604282

14961.785900

14960.118595

14956.592577

14950.731880

14946.229670

14940.703151

14936.874481

14933.713785

14933.967555

14938.823345

14948.258293

14963.463993

14980.373533

14997.844981

15008.570713

15008.847562

14994.131485

14967.121005

14932.251408

14893.966201

14856.706596

14853.962839

14903.208699

14950.902577

14989.875004

15015.018073

15022.125666

15013.442066

14994.075924

14974.288356

14958.007511

14950.797954

14949.841551

14954.855736

14960.978281

14965.262288

14966.492703

14963.089528

14958.080271

14951.275212

14944.244290

14931.943867

14914.756599

14891.405830

14878.557848

14895.733874

14949.270551

15026.268108

15039.492022

14896.065987

14363.809979

14363.809979

14896.065987

15039.492022

15026.268108

14949.270551

14895.733874

14878.557848

14891.405830

14914.756599

14931.943867

14944.244290

14951.275212

14958.080271

14963.089528

14966.492703

14965.262288

14960.978281

14954.855736

14949.841551

14950.797954

14958.007511

14974.288356

14994.075924

15013.442066

15022.125666

15015.018073

14989.875004

14950.902577

14903.208699

14853.962839

14859.203842

14916.680162

14969.885072

15008.947800

15028.430112

15027.482724

15010.130083

14987.875898

14968.922254

14961.733302

14963.914360

14974.540694

14984.758162

14990.709965

14987.777146

14975.993553

14959.339176

14942.549718

14930.024190

14921.167987

14910.753336

14890.475774

14867.850385

14856.500443

14887.041619

14973.041764

15071.849241

15100.987116

14884.902443

14325.413133

14325.413133

14884.902443

15100.987116

15071.849241

14973.041764

14887.041619

14856.500443

14867.850385

14890.475774

14910.753336

14921.167987

14930.024190

14942.549718

14959.339176

14975.993553

14987.777146

14990.709965

14984.758162

14974.540694

14963.914360

14961.733302

14968.922254

14987.875898

15010.130083

15027.482724

15028.430112

15008.947800

14969.885072

14916.680162

14859.203842

14874.580679

14933.785229

14985.613174

15019.595505

15031.462276

15022.064865

15000.627551

14978.254458

14967.313425

14969.223346

14983.691637

14999.307736

15010.162689

15006.799001

14989.658130

14962.174833

14934.202662

14915.239895

14912.115649

14917.651362

14920.028462

14906.501451

14876.842968

14863.368834

14894.737969

14988.048615

15109.357304

15131.635190

14909.136750

14275.546027

14275.546027

14909.136750

15131.635190

15109.357304

14988.048615

14894.737969

14863.368834

14876.842968

14906.501451

14920.028462

14917.651362

14912.115649

14915.239895

14934.202662

14962.174833

14989.658130

15006.799001

15010.162689

14999.307736

14983.691637

14969.223346

14967.313425

14978.254458

15000.627551

15022.064865

15031.462276

15019.595505

14985.613174

14933.785229

14874.580679

14901.157867

14953.009362

14995.971408

15020.249058

15022.935914

15008.112221

14985.325307

14968.772997

14965.525252

14978.473867

14997.337265

15014.443877

15015.765340

15000.056341

14967.336769

14930.634732

14903.621050

14901.364042

14922.051644

14956.093566

14972.386072

14957.482447

14921.168540

14896.499826

14933.878591

15035.775538

15147.627456

15168.011970

14895.135065

14391.312912

14391.312912

14895.135065

15168.011970

15147.627456

15035.775538

14933.878591

14896.499826

14921.168540

14957.482447

14972.386072

14956.093566

14922.051644

14901.364042

14903.621050

14930.634732

14967.336769

15000.056341

15015.765340

15014.443877

14997.337265

14978.473867

14965.525252

14968.772997

14985.325307

15008.112221

15022.935914

15020.249058

14995.971408

14953.009362

14901.157867

14936.656083

14973.352781

15000.687874

15011.816905

15006.160419

14988.150775

14968.940686

14958.655841

14964.372841

14980.724490

15000.522514

15008.172323

14999.656990

14970.017515

14932.227755

14899.637466

14893.444662

14920.826680

14978.816847

15031.903787

15056.834967

15030.672871

14987.037708

14980.376751

15049.235894

15169.190081

15244.818607

15169.769213

14912.739901

14493.120253

14493.120253

14912.739901

15169.769213

15244.818607

15169.190081

15049.235894

14980.376751

14987.037708

15030.672871

15056.834967

15031.903787

14978.816847

14920.826680

14893.444662

14899.637466

14932.227755

14970.017515

14999.656990

15008.172323

15000.522514

14980.724490

14964.372841

14958.655841

14968.940686

14988.150775

15006.160419

15011.816905

15000.687874

14973.352781

14936.656083

14977.549863

14993.354651

15001.195329

14998.269740

14985.416826

14967.978642

14953.631504

14950.884399

14959.824081

14976.065823

14986.480656

14985.225484

14964.153449

14933.596532

14902.219886

14893.241658

14918.855447

14984.214586

15063.759607

15129.313967

15135.429436

15104.358125

15069.360780

15110.595325

15241.507195

15414.729303

15422.920331

15141.532841

14815.340080

14644.160951

14644.160951

14815.340080

15141.532841

15422.920331

15414.729303

15241.507195

15110.595325

15069.360780

15104.358125

15135.429436

15129.313967

15063.759607

14984.214586

14918.855447

14893.241658

14902.219886

14933.596532

14964.153449

14985.225484

14986.480656

14976.065823

14959.824081

14950.884399

14953.631504

14967.978642

14985.416826

14998.269740

15001.195329

14993.354651

14977.549863

15018.356003

15012.012835

15000.071517

14984.016126

14966.837563

14951.455008

14943.436498

14944.780642

14953.910269

14962.013788

14963.197144

14949.963433

14929.577763

14905.917679

14900.055730

14921.616853

14981.995762

15068.358019

15155.067347

15195.808779

15187.765665

15135.259564

15135.589984

15223.621131

15426.032708

15602.665413

15678.457612

15327.692843

14713.586938

14686.722948

14686.722948

14713.586938

15327.692843

15678.457612

15602.665413

15426.032708

15223.621131

15135.589984

15135.259564

15187.765665

15195.808779

15155.067347

15068.358019

14981.995762

14921.616853

14900.055730

14905.917679

14929.577763

14949.963433

14963.197144

14962.013788

14953.910269

14944.780642

14943.436498

14951.455008

14966.837563

14984.016126

15000.071517

15012.012835

15018.356003

15054.211043

15028.334583

14999.526682

14973.917313

14954.276809

14942.728198

14939.090149

14942.295422

14946.287042

14945.691856

14935.751653

14921.799048

14907.033521

14908.385962

14929.220145

14982.631479

15060.532356

15146.751500

15207.563034

15216.694813

15160.818741

15111.713273

15112.497799

15251.649605

15454.043415

15641.195563

15666.321382

15656.726449

15188.431460

14752.391277

14752.391277

15188.431460

15656.726449

15666.321382

15641.195563

15454.043415

15251.649605

15112.497799

15111.713273

15160.818741

15216.694813

15207.563034

15146.751500

15060.532356

14982.631479

14929.220145

14908.385962

14907.033521

14921.799048

14935.751653

14945.691856

14946.287042

14942.295422

14939.090149

14942.728198

14954.276809

14973.917313

14999.526682

15028.334583

15054.211043

15081.093074

15041.359608

15001.603655

14970.067925

14950.942957

14942.280196

14941.722609

14943.156495

14940.925851

14931.381620

14918.367184

14908.092036

14914.320449

14937.456704

14987.392468

15052.639693

15128.084939

15190.828399

15208.792303

15163.294689

15074.754961

14991.703288

15027.069301

15168.331828

15364.093300

15476.800906

15428.667749

15622.869872

15361.984150

15302.573410

15302.573410

15361.984150

15622.869872

15428.667749

15476.800906

15364.093300

15168.331828

15027.069301

14991.703288

15074.754961

15163.294689

15208.792303

15190.828399

15128.084939

15052.639693

14987.392468

14937.456704

14914.320449

14908.092036

14918.367184

14931.381620

14940.925851

14943.156495

14941.722609

14942.280196

14950.942957

14970.067925

15001.603655

15041.359608

15081.093074

15096.971373

15050.793828

15006.087911

14973.820614

14955.887735

14950.263612

14949.862303

14948.341301

14940.184763

14926.566907

14915.688176

14920.122758

14943.677972

14991.336800

15047.114743

15111.144899

15164.788134

15189.247218

15162.036258

15061.383275

14930.923352

14858.648890

14907.408754

15093.966896

15235.906164

15180.580989

15253.139570

15656.718323

18280.113515

21321.670861

21321.670861

18280.113515

15656.718323

15253.139570

15180.580989

15235.906164

15093.966896

14907.408754

14858.648890

14930.923352

15061.383275

15162.036258

15189.247218

15164.788134

15111.144899

15047.114743

14991.336800

14943.677972

14920.122758

14915.688176

14926.566907

14940.184763

14948.341301

14949.862303

14950.263612

14955.887735

14973.820614

15006.087911

15050.793828

15096.971373

15102.131619

15055.865594

15012.905659

14982.693468

14968.179530

14963.506098

14962.705002

14957.784924

14946.374739

14933.926828

14931.820167

14950.032238

14991.701250

15041.519598

15095.773600

15136.743572

15165.956494

15159.662645

15081.780432

14945.430847

14794.006568

14746.369475

14865.939035

15046.946949

15083.968484

14890.315050

15093.615742

17213.379917

24683.462818

24750.101096

24750.101096

24683.462818

17213.379917

15093.615742

14890.315050

15083.968484

15046.946949

14865.939035

14746.369475

14794.006568

14945.430847

15081.780432

15159.662645

15165.956494

15136.743572

15095.773600

15041.519598

14991.701250

14950.032238

14931.820167

14933.926828

14946.374739

14957.784924

14962.705002

14963.506098

14968.179530

14982.693468

15012.905659

15055.865594

15102.131619

15098.006891

15057.191173

15019.574578

14995.181114

14983.355927

14980.370381

14977.842402

14971.333563

14960.342517

14952.806037

14961.251950

14991.368167

15034.635379

15080.045290

15109.517958

15135.342925

15143.938981

15113.369730

15011.402423

14835.166607

14701.535551

14704.987132

14874.756454

15047.146871

14950.064200

14748.776107

15228.769568

18890.897342

25556.120751

24262.868933

24262.868933

25556.120751

18890.897342

15228.769568

14748.776107

14950.064200

15047.146871

14874.756454

14704.987132

14701.535551

14835.166607

15011.402423

15113.369730

15143.938981

15135.342925

15109.517958

15080.045290

15034.635379

14991.368167

14961.251950

14952.806037

14960.342517

14971.333563

14977.842402

14980.370381

14983.355927

14995.181114

15019.574578

15057.191173

15098.006891

15087.746031

15054.454208

15025.481694

15007.037849

14999.697118

14996.875973

14994.570315

14987.942909

14980.138988

14979.861146

14995.969660

15028.486336

15064.887327

15086.805260

15100.819034

15109.093045

15118.980701

15079.925908

14949.306363

14769.531935

14649.218364

14724.224748

14951.766778

15102.852007

15050.584356

15004.503559

15890.083764

18684.255262

22948.931793

24222.571227

24222.571227

22948.931793

18684.255262

15890.083764

15004.503559

15050.584356

15102.852007

14951.766778

14724.224748

14649.218364

14769.531935

14949.306363

15079.925908

15118.980701

15109.093045

15100.819034

15086.805260

15064.887327

15028.486336

14995.969660

14979.861146

14980.138988

14987.942909

14994.570315

14996.875973

14999.697118

15007.037849

15025.481694

15054.454208

15087.746031

15073.673809

15049.112051

15028.377679

15017.448503

15013.156698

15012.644627

15010.394018

15006.577118

15003.146431

15008.493359

15027.214557

15053.256495

15070.545599

15073.139187

15068.800257

15086.261620

15101.765158

15063.978200

14919.149489

14730.205670

14656.956284

14813.098190

15100.463036

15332.035028

15355.139953

15581.859777

16468.949052

18059.945549

20838.310665

24207.692112

24207.692112

20838.310665

18059.945549

16468.949052

15581.859777

15355.139953

15332.035028

15100.463036

14813.098190

14656.956284

14730.205670

14919.149489

15063.978200

15101.765158

15086.261620

15068.800257

15073.139187

15070.545599

15053.256495

15027.214557

15008.493359

15003.146431

15006.577118

15010.394018

15012.644627

15013.156698

15017.448503

15028.377679

15049.112051

15073.673809

15058.715291

15041.319495

15029.016949

15023.842619

15024.160761

15024.883019

15025.695218

15024.470768

15025.989402

15033.382985

15048.466707

15060.456671

15058.176613

15041.644790

15040.065836

15069.096106

15107.862481

15066.426665

14915.637102

14737.710418

14738.093752

14967.702521

15347.861811

15506.301426

15558.216748

15678.019759

16275.622692

16970.012318

16383.130679

18693.984194

18693.984194

16383.130679

16970.012318

16275.622692

15678.019759

15558.216748

15506.301426

15347.861811

14967.702521

14738.093752

14737.710418

14915.637102

15066.426665

15107.862481

15069.096106

15040.065836

15041.644790

15058.176613

15060.456671

15048.466707

15033.382985

15025.989402

15024.470768

15025.695218

15024.883019

15024.160761

15023.842619

15029.016949

15041.319495

15058.715291

15043.919402

15032.818810

15026.714679

15027.604303

15030.822699

15035.083882

15037.858899

15041.271308

15044.378268

15051.494822

15056.732766

15053.800810

15033.041287

15011.366826

15018.403200

15073.808212

15126.513152

15092.958593

14939.055591

14816.814744

14870.984188

15194.135614

15419.315450

15443.603684

15099.269676

15122.537690

15405.600015

15503.333718

14069.932934

14718.808657

14718.808657

14069.932934

15503.333718

15405.600015

15122.537690

15099.269676

15443.603684

15419.315450

15194.135614

14870.984188

14816.814744

14939.055591

15092.958593

15126.513152

15073.808212

15018.403200

15011.366826

15033.041287

15053.800810

15056.732766

15051.494822

15044.378268

15041.271308

15037.858899

15035.083882

15030.822699

15027.604303

15026.714679

15032.818810

15043.919402

15030.652684

15023.805791

15023.267435

15028.081674

15035.242400

15041.476780

15048.350856

15053.332617

15058.531282

15059.311751

15056.002920

15036.629909

15008.507940

14988.044936

15014.489313

15091.174486

15159.870344

15130.770543

15012.631312

14931.458868

15072.304570

15258.516926

15316.305286

14844.941983

14460.934677

14313.013717

14949.331328

14997.086615

14151.923649

15422.471102

15422.471102

14151.923649

14997.086615

14949.331328

14313.013717

14460.934677

14844.941983

15316.305286

15258.516926

15072.304570

14931.458868

15012.631312

15130.770543

15159.870344

15091.174486

15014.489313

14988.044936

15008.507940

15036.629909

15056.002920

15059.311751

15058.531282

15053.332617

15048.350856

15041.476780

15035.242400

15028.081674

15023.267435

15023.805791

15030.652684

15018.700763

15015.538053

15018.592023

15027.305502

15036.591955

15046.181568

15054.631750

15062.606540

15064.558710

15061.918106

15045.500270

15020.780626

14987.240200

14980.168547

15022.771779

15115.871358

15196.191679

15184.862760

15106.473034

15092.985082

15175.730436

15233.525010

14879.466837

14354.014117

13884.602611

14255.224006

14950.560229

15538.740009

14919.380092

15334.966855

15334.966855

14919.380092

15538.740009

14950.560229

14255.224006

13884.602611

14354.014117

14879.466837

15233.525010

15175.730436

15092.985082

15106.473034

15184.862760

15196.191679

15115.871358

15022.771779

14980.168547

14987.240200

15020.780626

15045.500270

15061.918106

15064.558710

15062.606540

15054.631750

15046.181568

15036.591955

15027.305502

15018.592023

15015.538053

15018.700763

15008.477201

15007.747689

15014.000849

15024.809611

15036.796301

15047.758487

15059.019332

15066.001928

15067.546668

15056.012943

15036.736007

15003.468852

14980.370439

14980.510368

15039.383094

15139.493090

15224.245295

15244.912042

15208.165231

15212.814184

15219.962360

15038.953391

14588.996062

14058.848759

14005.300169

14516.868714

15124.357209

15189.382103

14904.286773

15451.271718

15451.271718

14904.286773

15189.382103

15124.357209

14516.868714

14005.300169

14058.848759

14588.996062

15038.953391

15219.962360

15212.814184

15208.165231

15244.912042

15224.245295

15139.493090

15039.383094

14980.510368

14980.370439

15003.468852

15036.736007

15056.012943

15067.546668

15066.001928

15059.019332

15047.758487

15036.796301

15024.809611

15014.000849

15007.747689

15008.477201

14999.395855

15000.911214

15008.879996

15021.831741

15034.918626

15048.181157

15059.608635

15067.574102

15064.216556

15051.411482

15023.927325

14998.324804

14976.152131

14994.131378

15052.715680

15152.727976

15246.035247

15283.142362

15296.457112

15267.382578

15193.613166

14900.543173

14517.794339

14244.321143

14475.219637

14775.305840

14968.388819

14414.714726

15023.208733

15722.592791

15722.592791

15023.208733

14414.714726

14968.388819

14775.305840

14475.219637

14244.321143

14517.794339

14900.543173

15193.613166

15267.382578

15296.457112

15283.142362

15246.035247

15152.727976

15052.715680

14994.131378

14976.152131

14998.324804

15023.927325

15051.411482

15064.216556

15067.574102

15059.608635

15048.181157

15034.918626

15021.831741

15008.879996

15000.911214

14999.395855

14991.628312

14994.334103

15003.774987

15017.478435

15032.385901

15046.253919

15059.286959

15065.146295

15061.570263

15042.829273

15019.724481

14992.090093

14986.811431

15002.962942

15066.924513

15153.826025

15244.268211

15312.639564

15319.535686

15296.373287

15126.820763

14927.430985

14679.151108

14794.965885

14881.551728

15070.397939

14517.417012

14985.384936

14903.111198

15743.206422

15743.206422

14903.111198

14985.384936

14517.417012

15070.397939

14881.551728

14794.965885

14679.151108

14927.430985

15126.820763

15296.373287

15319.535686

15312.639564

15244.268211

15153.826025

15066.924513

15002.962942

14986.811431

14992.090093

15019.724481

15042.829273

15061.570263

15065.146295

15059.286959

15046.253919

15032.385901

15017.478435

15003.774987

14994.334103

14991.628312

14984.509587

14988.175616

14997.886388

15012.751902

15028.272849

15044.082469

15056.660993

15063.239586

15056.144241

15039.502231

15013.582088

14997.920201

14992.215986

15020.861016

15068.860919

15148.001221

15231.729360

15299.458473

15330.737342

15253.849253

15146.256991

14992.506590

15110.851892

15219.563665

15446.563593

14881.864565

14881.737027

14382.426083

15402.703420

15495.261747

15495.261747

15402.703420

14382.426083

14881.737027

14881.864565

15446.563593

15219.563665

15110.851892

14992.506590

15146.256991

15253.849253

15330.737342

15299.458473

15231.729360

15148.001221

15068.860919

15020.861016

14992.215986

14997.920201

15013.582088

15039.502231

15056.144241

15063.239586

15056.660993

15044.082469

15028.272849

15012.751902

14997.886388

14988.175616

14984.509587

14978.064763

14981.843597

14991.967115

15007.024520

15024.321298

15040.588708

15054.793817

15059.627060

15053.873642

15034.764056

15015.559613

14999.694691

15006.995947

15028.206334

15076.598997

15132.685324

15208.048078

15276.164368

15294.688510

15242.860391

15133.245313

15185.027369

15370.205084

15746.147373

15486.047951

15203.604932

14517.628532

14547.371833

14856.403109

15151.540701

15151.540701

14856.403109

14547.371833

14517.628532

15203.604932

15486.047951

15746.147373

15370.205084

15185.027369

15133.245313

15242.860391

15294.688510

15276.164368

15208.048078

15132.685324

15076.598997

15028.206334

15006.995947

14999.694691

15015.559613

15034.764056

15053.873642

15059.627060

15054.793817

15040.588708

15024.321298

15007.024520

14991.967115

14981.843597

14978.064763

14971.564895

14975.763180

14985.734073

15001.848304

15019.771586

15038.151238

15051.898034

15058.239323

15050.626226

15035.262261

15015.316500

15008.234017

15013.651975

15042.294721

15076.420422

15125.841570

15178.839865

15240.464702

15259.600331

15214.062916

15164.840590

15252.330262

15601.051833

15810.281493

15722.843083

15077.547480

14708.664719

14704.447763

14753.966955

14876.431087

14876.431087

14753.966955

14704.447763

14708.664719

15077.547480

15722.843083

15810.281493

15601.051833

15252.330262

15164.840590

15214.062916

15259.600331

15240.464702

15178.839865

15125.841570

15076.420422

15042.294721

15013.651975

15008.234017

15015.316500

15035.262261

15050.626226

15058.239323

15051.898034

15038.151238

15019.771586

15001.848304

14985.734073

14975.763180

14971.564895

14965.127693

14969.710730

14980.378781

14996.862093

15016.574411

15035.240935

15050.835285

15055.994371

15050.937589

15034.579341

15019.966359

15011.711862

15023.876906

15048.200145

15085.257730

15118.084108

15160.597726

15197.832068

15223.694805

15190.540413

15168.940970

15268.506278

15551.776703

15790.774638

15616.923370

15163.901063

14903.208444

14585.109377

14915.002790

14484.032395

14484.032395

14915.002790

14585.109377

14903.208444

15163.901063

15616.923370

15790.774638

15551.776703

15268.506278

15168.940970

15190.540413

15223.694805

15197.832068

15160.597726

15118.084108

15085.257730

15048.200145

15023.876906

15011.711862

15019.966359

15034.579341

15050.937589

15055.994371

15050.835285

15035.240935

15016.574411

14996.862093

14980.378781

14969.710730

14965.127693

14958.378987

14964.371392

14975.707514

14993.466334

15013.549342

15033.913104

15048.989682

15056.210116

15050.250381

15037.649874

15021.858241

15017.621896

15026.916918

15056.337791

15090.179326

15123.867935

15143.950427

15167.476797

15172.816470

15170.162132

15149.734501

15224.221865

15400.309894

15579.755901

15463.442755

15227.014342

14852.460872

14818.195215

14423.472436

14527.554104

14527.554104

14423.472436

14818.195215

14852.460872

15227.014342

15463.442755

15579.755901

15400.309894

15224.221865

15149.734501

15170.162132

15172.816470

15167.476797

15143.950427

15123.867935

15090.179326

15056.337791

15026.916918

15017.621896

15021.858241

15037.649874

15050.250381

15056.210116

15048.989682

15033.913104

15013.549342

14993.466334

14975.707514

14964.371392

14958.378987

14952.056140

14959.594404

14972.504234

14990.716213

15011.906104

15031.981059

15048.619251

15055.263606

15052.210676

15038.925408

15026.194313

15018.774638

15029.740371

15056.861320

15098.194433

15129.757251

15145.936960

15136.799575

15131.010784

15119.480758

15130.243786

15165.060152

15274.667822

15354.444452

15329.381836

15151.212067

14985.585831

14733.264887

14548.271952

14544.567385

14544.567385

14548.271952

14733.264887

14985.585831

15151.212067

15329.381836

15354.444452

15274.667822

15165.060152

15130.243786

15119.480758

15131.010784

15136.799575

15145.936960

15129.757251

15098.194433

15056.861320

15029.740371

15018.774638

15026.194313

15038.925408

15052.210676

15055.263606

15048.619251

15031.981059

15011.906104

14990.716213

14972.504234

14959.594404

14952.056140

14946.349864

14956.023178

14969.982775

14989.068166

15009.830163

15030.661690

15046.812446

15055.600248

15052.503416

15042.152050

15027.539645

15020.546940

15026.263870

15055.253820

15097.866369

15141.791312

15152.980088

15133.165347

15088.508809

15068.221384

15078.890104

15134.487310

15219.582294

15298.177755

15285.699004

15093.305860

15091.995131

14902.388178

14880.075106

14836.684578

14836.684578

14880.075106

14902.388178

15091.995131

15093.305860

15285.699004

15298.177755

15219.582294

15134.487310

15078.890104

15068.221384

15088.508809

15133.165347

15152.980088

15141.791312

15097.866369

15055.253820

15026.263870

15020.546940

15027.539645

15042.152050

15052.503416

15055.600248

15046.812446

15030.661690

15009.830163

14989.068166

14969.982775

14956.023178

14946.349864

14942.546689

14953.317399

14968.373687

14987.032516

15007.766429

15027.672516

15044.927830

15053.858020

15053.528431

15043.086054

15029.838597

15018.750474

15022.342727

15045.588518

15094.078663

15144.572294

15174.265996

15146.453363

15084.263734

15019.855153

15012.781160

15073.409101

15196.167364

15345.732556

15389.458369

15294.099900

14946.601736

15089.451368

15393.861594

15280.172674

15280.172674

15393.861594

15089.451368

14946.601736

15294.099900

15389.458369

15345.732556

15196.167364

15073.409101

15012.781160

15019.855153

15084.263734

15146.453363

15174.265996

15144.572294

15094.078663

15045.588518

15022.342727

15018.750474

15029.838597

15043.086054

15053.528431

15053.858020

15044.927830

15027.672516

15007.766429

14987.032516

14968.373687

14953.317399

14942.546689

14940.736216

14952.112894

14966.701356

14984.853348

15004.013916

15023.785124

15040.466556

15051.396796

15052.006504

15044.251311

15030.123779

15018.212595

15015.526209

15035.368688

15079.202064

15142.816978

15186.936122

15184.889544

15111.926109

15015.595287

14944.440102

14959.949145

15075.301589

15281.427972

15488.202235

15507.037086

15229.822024

14954.601610

14900.094142

16175.235290

16175.235290

14900.094142

14954.601610

15229.822024

15507.037086

15488.202235

15281.427972

15075.301589

14959.949145

14944.440102

15015.595287

15111.926109

15184.889544

15186.936122

15142.816978

15079.202064

15035.368688

15015.526209

15018.212595

15030.123779

15044.251311

15052.006504

15051.396796

15040.466556

15023.785124

15004.013916

14984.853348

14966.701356

14952.112894

14940.736216

14941.991406

14951.948768

14965.531556

14981.493708

14999.373338

15017.356140

15034.538480

15045.791463

15049.475445

15043.418305

15031.678723

15018.012813

15012.394316

15023.400617

15062.803891

15123.759384

15189.443097

15211.094268

15166.984613

15050.706402

14922.304537

14835.677767

14860.484470

15008.440354

15282.245624

15471.755296

15559.634865

15139.542827

15115.494745

14422.465932

14422.465932

15115.494745

15139.542827

15559.634865

15471.755296

15282.245624

15008.440354

14860.484470

14835.677767

14922.304537

15050.706402

15166.984613

15211.094268

15189.443097

15123.759384

15062.803891

15023.400617

15012.394316

15018.012813

15031.678723

15043.418305

15049.475445

15045.791463

15034.538480

15017.356140

14999.373338

14981.493708

14965.531556

14951.948768

14941.991406

14945.526589

14953.566708

14964.400382

14978.129211

14993.053971

15009.864810

15025.598222

15038.524006

15043.996158

15042.551585

15033.572544

15022.179184

15013.271689

15017.807465

15043.454343

15096.546241

15160.665341

15209.306999

15196.435623

15109.025124

14956.299427

14799.482066

14695.121137

14722.776467

14860.404705

15149.645650

15253.370911

15404.689119

15095.936863

15006.318577

15006.318577

15095.936863

15404.689119

15253.370911

15149.645650

14860.404705

14722.776467

14695.121137

14799.482066

14956.299427

15109.025124

15196.435623

15209.306999

15160.665341

15096.546241

15043.454343

15017.807465

15013.271689

15022.179184

15033.572544

15042.551585

15043.996158

15038.524006

15025.598222

15009.864810

14993.053971

14978.129211

14964.400382

14953.566708

14945.526589

14951.672161

14956.437518

14964.589987

14974.635877

14986.960244

15000.556735

15015.586267

15027.982345

15037.130617

15039.691340

15037.318788

15029.427119

15021.492221

15018.383821

15030.032736

15060.735742

15109.971334

15157.449895

15176.003562

15134.102387

15026.888437

14872.556311

14725.218411

14626.657483

14657.698326

14730.234852

14926.990596

14936.160193

14986.017481

15139.455971

15139.455971

14986.017481

14936.160193

14926.990596

14730.234852

14657.698326

14626.657483

14725.218411

14872.556311

15026.888437

15134.102387

15176.003562

15157.449895

15109.971334

15060.735742

15030.032736

15018.383821

15021.492221

15029.427119

15037.318788

15039.691340

15037.130617

15027.982345

15015.586267

15000.556735

14986.960244

14974.635877

14964.589987

14956.437518

14951.672161

14958.884774

14961.220935

14966.052905

14972.866290

14980.885732

14991.616114

15003.323710

15016.098007

15026.584156

15035.500433

15039.340563

15039.259272

15033.621379

15027.279169

15023.619781

15030.015710

15048.525747

15076.360995

15099.927218

15101.653422

15067.145552

14994.203624

14890.108363

14792.343348

14697.372912

14688.830076

14668.132597

14746.017296

14943.263289

15039.804646

15039.804646

14943.263289

14746.017296

14668.132597

14688.830076

14697.372912

14792.343348

14890.108363

14994.203624

15067.145552

15101.653422

15099.927218

15076.360995

15048.525747

15030.015710

15023.619781

15027.279169

15033.621379

15039.259272

15039.340563

15035.500433

15026.584156

15016.098007

15003.323710

14991.616114

14980.885732

14972.866290

14966.052905

14961.220935

14958.884774

14966.950409

14967.267244

14969.855925

14972.672946

14976.649976

14982.282371

14991.129163

15001.396044

15014.265868

15026.782139

15039.112131

15046.120308

15047.741346

15040.847004

15029.007907

15014.366067

15003.354158

15000.348421

15007.649342

15023.203263

15041.120939

15050.271313

15043.496188

14994.127767

14928.402411

14813.579966

14744.548099

14745.712198

14775.252981

14863.699668

14863.699668

14775.252981

14745.712198

14744.548099

14813.579966

14928.402411

14994.127767

15043.496188

15050.271313

15041.120939

15023.203263

15007.649342

15000.348421

15003.354158

15014.366067

15029.007907

15040.847004

15047.741346

15046.120308

15039.112131

15026.782139

15014.265868

15001.396044

14991.129163

14982.282371

14976.649976

14972.672946

14969.855925

14967.267244

14966.950409

14974.489528

14974.590799

14975.394079

14974.747451

14973.560070

14974.652506

14978.644239

14987.421038

14999.606794

15016.320276

15033.397755

15049.502755

15057.996945

15057.953521

15045.314378

15023.185776

14994.179269

14966.534679

14948.064337

14947.809171

14967.467665

15008.075739

15047.472172

15080.165791

15059.602993

15018.003397

14947.670828

14889.854342

14885.220049

14873.681337

14873.681337

14885.220049

14889.854342

14947.670828

15018.003397

15059.602993

15080.165791

15047.472172

15008.075739

14967.467665

14947.809171

14948.064337

14966.534679

14994.179269

15023.185776

15045.314378

15057.953521

15057.996945

15049.502755

15033.397755

15016.320276

14999.606794

14987.421038

14978.644239

14974.652506

14973.560070

14974.747451

14975.394079

14974.590799

14974.489528

14981.253904

14982.241802

14982.001762

14978.026673

14972.460973

14968.685803

14969.690491

14975.459324

14987.733377

15004.442545

15025.507048

15045.667126

15063.128791

15070.952103

15068.374502

15051.420734

15023.567845

14987.137480

14951.152516

14921.248306

14909.805249

14915.436611

14948.511008

14987.162008

15041.009697

15077.361189

15112.106602

15140.354552

15154.360985

15170.896301

15170.896301

15154.360985

15140.354552

15112.106602

15077.361189

15041.009697

14987.162008

14948.511008

14915.436611

14909.805249

14921.248306

14951.152516

14987.137480

15023.567845

15051.420734

15068.374502

15070.952103

15063.128791

15045.667126

15025.507048

15004.442545

14987.733377

14975.459324

14969.690491

14968.685803

14972.460973

14978.026673

14982.001762

14982.241802

14981.253904

14986.507584

14989.125643

14988.648021

14981.481559

14972.836786

14966.920688

14965.180718

14969.761337

14979.477933

14995.040922

15013.783632

15035.615638

15055.712404

15073.278488

15082.141961

15082.144409

15068.895358

15044.533692

15007.095551

14962.881678

14912.564822

14872.268200

14846.419636

14858.711545

14905.735969

14997.060627

15110.902241

15227.959744

15326.403337

15378.824713

15378.824713

15326.403337

15227.959744

15110.902241

14997.060627

14905.735969

14858.711545

14846.419636

14872.268200

14912.564822

14962.881678

15007.095551

15044.533692

15068.895358

15082.144409

15082.141961

15073.278488

15055.712404

15035.615638

15013.783632

14995.040922

14979.477933

14969.761337

14965.180718

14966.920688

14972.836786

14981.481559

14988.648021

14989.125643

14986.507584

14989.827249

14995.069664

14992.739648

14984.759567

14975.818244

14969.006070

14967.254564

14969.424283

14976.296213

14986.185640

14999.990538

15015.978768

15035.623561

15055.562027

15076.317931

15092.563684

15103.436850

15102.155272

15086.499172

15049.115215

14992.896703

14920.516979

14851.855055

14806.002954

14805.387902

14859.449448

14957.330732

15078.070921

15182.762993

15245.555313

15245.555313

15182.762993

15078.070921

14957.330732

14859.449448

14805.387902

14806.002954

14851.855055

14920.516979

14992.896703

15049.115215

15086.499172

15102.155272

15103.436850

15092.563684

15076.317931

15055.562027

15035.623561

15015.978768

14999.990538

14986.185640

14976.296213

14969.424283

14967.254564

14969.006070

14975.818244

14984.759567

14992.739648

14995.069664

14989.827249

14989.624192

14997.610356

14995.796806

14988.138677

14980.735662

14976.647397

14974.175878

14974.560901

14976.189344

14979.901585

14985.003750

14994.104718

15007.109463

15027.021526

15051.891204

15082.428368

15113.314305

15140.724552

15155.065252

15148.831813

15114.106248

15050.506267

14968.378025

14881.459276

14816.948296

14780.559889

14786.295255

14812.524872

14850.403218

14873.307252

14873.307252

14850.403218

14812.524872

14786.295255

14780.559889

14816.948296

14881.459276

14968.378025

15050.506267

15114.106248

15148.831813

15155.065252

15140.724552

15113.314305

15082.428368

15051.891204

15027.021526

15007.109463

14994.104718

14985.003750

14979.901585

14976.189344

14974.560901

14974.175878

14976.647397

14980.735662

14988.138677

14995.796806

14997.610356

14989.624192

14989.306122

15001.696593

14995.079157

14991.718479

14990.637587

14988.279019

14986.397617

14983.650559

14981.232479

14978.442806

14977.722955

14979.773808

14988.535027

15004.771809

15031.586312

15067.348923

15110.906939

15156.127447

15195.647061

15219.949672

15218.478309

15187.561528

15121.330271

15034.126330

14925.856370

14824.514121

14726.224002

14654.882298

14601.370252

14577.023218

14577.023218

14601.370252

14654.882298

14726.224002

14824.514121

14925.856370

15034.126330

15121.330271

15187.561528

15218.478309

15219.949672

15195.647061

15156.127447

15110.906939

15067.348923

15031.586312

15004.771809

14988.535027

14979.773808

14977.722955

14978.442806

14981.232479

14983.650559

14986.397617

14988.279019

14990.637587

14991.718479

14995.079157

15001.696593

14989.306122

14973.290027

14988.465641

14992.327451

14998.701779

15001.539753

15002.364587

14999.779775

14995.210240

14988.661148

14983.013980

14978.918605

14980.122182

14987.219032

15003.848689

15029.060498

15063.968565

15103.871163

15146.559001

15184.423248

15214.745717

15230.453985

15228.059282

15203.099539

15148.146160

15067.241189

14956.253255

14835.929459

14714.810785

14621.482823

14568.133291

14568.133291

14621.482823

14714.810785

14835.929459

14956.253255

15067.241189

15148.146160

15203.099539

15228.059282

15230.453985

15214.745717

15184.423248

15146.559001

15103.871163

15063.968565

15029.060498

15003.848689

14987.219032

14980.122182

14978.918605

14983.013980

14988.661148

14995.210240

14999.779775

15002.364587

15001.539753

14998.701779

14992.327451

14988.465641

14973.290027

