AXIS X

0.000000 0.001000 0.002000 0.003000 0.004000 0.005000 0.006000 0.007000 0.008000 0.009000 0.010000 0.011000 0.012000 0.013000 0.014000 0.015000 0.016000 0.017000 0.018000 0.019000 0.020000 0.021000 0.022000 0.023000 0.024000 0.025000 0.026000 0.027000 0.028000 0.029000 

AXIS Y

0.000000 0.001000 0.002000 0.003000 0.004000 0.005000 0.006000 0.007000 0.008000 0.009000 0.010000 0.011000 0.012000 0.013000 0.014000 0.015000 0.016000 0.017000 0.018000 0.019000 0.020000 0.021000 0.022000 0.023000 0.024000 0.025000 0.026000 0.027000 0.028000 0.029000 



DATA
2827.433388

2827.433388

2827.433388

2827.433388

2827.433388

2827.433388

2827.433388

2827.433388

2827.433388

2827.433388

2827.433388

2827.433388

2827.433388

2827.433388

2827.433388

2827.433388

2827.433388

2827.433388

2827.433388

2827.433388

2827.433388

2827.433388

2827.433388

2827.433388

2827.433388

2827.433388

2827.433388

2827.433388

2827.433388

2827.433388

2827.433388

2827.433388

2827.433388

2827.433388

2827.433388

2827.433388

2827.433388

2827.433388

2827.433388

2827.433388

2827.433388

2827.433388

2827.433388

2827.433388

2827.433388

2827.433388

2827.433388

2827.433388

2827.433388

2827.433388

2827.433388

2827.433388

2827.433388

2827.433388

2827.433388

2827.433388

2827.433388

2827.433388

2827.433388

2827.433388

2827.433388

2827.433388

2827.433388

2827.433388

2827.433388

2827.433388

2827.433388

2827.433388

2827.433388

2827.433388

2827.433388

2827.433388

2827.433388

2827.433388

2827.433388

2827.433388

2827.433388

2827.433388

2827.433388

2827.433388

2827.433388

2827.433388

2827.433388

2827.433388

2827.433388

2827.433388

2827.433388

2827.433388

2827.433388

2827.433388

2827.433388

2827.433388

2827.433388

2827.433388

2827.433388

2827.433388

2827.433388

2827.433388

2827.433388

2827.433388

2827.433388

2827.433388

2827.433388

2827.433388

2827.433388

2827.433388

2827.433388

2827.433388

2827.433388

2827.433388

2827.433388

2827.433388

2827.433388

2827.433388

2827.433388

2827.433388

2827.433388

2827.433388

2827.433388

2827.433388

2827.433388

2827.433388

2827.433388

2827.433388

2827.433388

2827.433388

2827.433388

2827.433388

2827.433388

2827.433388

2827.433388

2827.433388

2827.433388

2827.433388

2827.433388

2827.433388

2827.433388

2827.433388

2827.433388

2827.433388

2827.433388

2827.433388

2827.433388

2827.433388

2827.433388

2827.433388

2827.433388

2827.433388

2827.433388

2827.433388

2827.433388

2827.433388

2827.433388

2827.433388

2827.433388

2827.433388

2827.433388

2827.433388

2827.433388

2827.433388

2827.433388

2827.433388

2827.433388

2827.433388

2827.433388

2827.433388

2827.433388

2827.433388

2827.433388

2827.433388

2827.433388

2827.433388

2827.433388

2827.433388

2827.433388

2827.433388

2827.433388

2827.433388

2827.433388

2827.433388

2827.433388

2827.433388

2827.433388

2827.433388

2827.433388

2827.433388

2827.433388

2827.433388

2827.433388

2827.433388

2827.433388

2827.433388

2827.433388

2827.433388

2827.433388

2827.433388

2827.433388

2827.433388

2827.433388

2827.433388

2827.433388

2827.433388

2827.433388

2827.433388

2827.433388

2827.433388

2827.433388

2827.433388

2827.433388

2827.433388

2827.433388

2827.433388

2827.433388

2827.433388

2827.433388

2827.433388

2827.433388

2827.433388

2827.433388

2827.433388

2827.433388

2827.433388

2827.433388

2827.433388

2827.433388

2827.433388

2827.433388

2827.433388

2827.433388

2827.433388

2827.433388

2827.433388

2827.433388

2827.433388

2827.433388

2827.433388

2827.433388

2827.433388

2827.433388

2827.433388

2827.433388

2827.433388

2827.433388

2827.433388

2827.433388

2827.433388

2827.433388

2827.433388

2827.433388

2827.433388

2827.433388

2827.433388

3835.499930

3834.739829

5838.501100

5838.501100

3834.739829

3835.499930

2827.433388

2827.433388

2827.433388

2827.433388

2827.433388

2827.433388

2827.433388

2827.433388

2827.433388

2827.433388

2827.433388

2827.433388

2827.433388

2827.433388

2827.433388

2827.433388

2827.433388

2827.433388

2827.433388

2827.433388

2827.433388

2827.433388

2827.433388

5093.264450

4859.284572

6286.993490

15767.845539

15767.845539

6286.993490

4859.284572

5093.264450

2827.433388

2827.433388

2827.433388

2827.433388

2827.433388

2827.433388

2827.433388

2827.433388

2827.433388

2827.433388

2827.433388

2827.433388

2827.433388

2827.433388

2827.433388

2827.433388

2827.433388

2827.433388

2827.433388

2827.433388

2827.433388

6883.266220

9478.868262

13927.930059

13978.582130

11556.116198

11556.116198

13978.582130

13927.930059

9478.868262

6883.266220

2827.433388

2827.433388

2827.433388

2827.433388

2827.433388

2827.433388

2827.433388

2827.433388

2827.433388

2827.433388

2827.433388

2827.433388

2827.433388

2827.433388

2827.433388

2827.433388

2827.433388

2827.433388

2827.433388

4644.772410

6930.291039

13754.091220

18472.917964

9999.792469

8095.790235

8095.790235

9999.792469

18472.917964

13754.091220

6930.291039

4644.772410

2827.433388

2827.433388

2827.433388

2827.433388

2827.433388

2827.433388

2827.433388

2827.433388

2827.433388

2827.433388

2827.433388

2827.433388

2827.433388

2827.433388

2827.433388

2827.433388

2827.433388

3782.483181

4675.976178

6472.182510

9710.793478

9320.806599

8464.890410

11523.623020

11523.623020

8464.890410

9320.806599

9710.793478

6472.182510

4675.976178

3782.483181

2827.433388

2827.433388

2827.433388

2827.433388

2827.433388

2827.433388

2827.433388

2827.433388

2827.433388

2827.433388

2827.433388

2827.433388

2827.433388

2827.433388

2827.433388

2827.433388

5102.423789

5910.706911

7387.999562

7904.602253

8144.078336

10416.708881

8949.604022

8949.604022

10416.708881

8144.078336

7904.602253

7387.999562

5910.706911

5102.423789

2827.433388

2827.433388

2827.433388

2827.433388

2827.433388

2827.433388

2827.433388

2827.433388

2827.433388

2827.433388

2827.433388

2827.433388

2827.433388

2827.433388

2827.433388

2827.433388

5147.065546

6599.993755

6812.337609

6723.794634

7997.866358

14601.658167

8356.922178

8356.922178

14601.658167

7997.866358

6723.794634

6812.337609

6599.993755

5147.065546

2827.433388

2827.433388

2827.433388

2827.433388

2827.433388

2827.433388

2827.433388

2827.433388

2827.433388

2827.433388

2827.433388

2827.433388

2827.433388

2827.433388

2827.433388

2827.433388

4667.873144

5546.283414

5690.522488

5895.422421

7107.358585

13151.963586

8190.989225

8190.989225

13151.963586

7107.358585

5895.422421

5690.522488

5546.283414

4667.873144

2827.433388

2827.433388

2827.433388

2827.433388

2827.433388

2827.433388

2827.433388

2827.433388

2827.433388

2827.433388

2827.433388

2827.433388

2827.433388

2827.433388

2827.433388

2827.433388

4237.442157

4994.113605

5380.914665

5337.747347

6147.011531

9114.402188

7261.326397

7261.326397

9114.402188

6147.011531

5337.747347

5380.914665

4994.113605

4237.442157

2827.433388

2827.433388

2827.433388

2827.433388

2827.433388

2827.433388

2827.433388

2827.433388

2827.433388

2827.433388

2827.433388

2827.433388

2827.433388

2827.433388

2827.433388

2827.433388

3725.242813

5194.432383

5292.055478

4966.881111

6451.533169

11639.948767

4992.371338

4992.371338

11639.948767

6451.533169

4966.881111

5292.055478

5194.432383

3725.242813

2827.433388

2827.433388

2827.433388

2827.433388

2827.433388

2827.433388

2827.433388

2827.433388

2827.433388

2827.433388

2827.433388

2827.433388

2827.433388

2827.433388

2827.433388

2827.433388

2827.433388

5930.811139

4910.651820

5096.132708

9759.893283

17757.508611

4451.878237

4451.878237

17757.508611

9759.893283

5096.132708

4910.651820

5930.811139

2827.433388

2827.433388

2827.433388

2827.433388

2827.433388

2827.433388

2827.433388

2827.433388

2827.433388

2827.433388

2827.433388

2827.433388

2827.433388

2827.433388

2827.433388

2827.433388

2827.433388

2827.433388

2827.433388

4466.979270

4843.218179

7367.880396

5625.167176

5388.592264

5388.592264

5625.167176

7367.880396

4843.218179

4466.979270

2827.433388

2827.433388

2827.433388

2827.433388

2827.433388

2827.433388

2827.433388

2827.433388

2827.433388

2827.433388

2827.433388

2827.433388

2827.433388

2827.433388

2827.433388

2827.433388

2827.433388

2827.433388

2827.433388

2827.433388

2827.433388

4282.873193

6193.636873

5460.591323

729.800939

729.800939

5460.591323

6193.636873

4282.873193

2827.433388

2827.433388

2827.433388

2827.433388

2827.433388

2827.433388

2827.433388

2827.433388

2827.433388

2827.433388

2827.433388

2827.433388

2827.433388

2827.433388

2827.433388

2827.433388

2827.433388

2827.433388

2827.433388

2827.433388

2827.433388

2827.433388

2827.433388

5723.838645

4850.502310

6888.774747

6888.774747

4850.502310

5723.838645

2827.433388

2827.433388

2827.433388

2827.433388

2827.433388

2827.433388

2827.433388

2827.433388

2827.433388

2827.433388

2827.433388

2827.433388

2827.433388

2827.433388

2827.433388

2827.433388

2827.433388

2827.433388

2827.433388

2827.433388

2827.433388

2827.433388

2827.433388

2827.433388

2827.433388

2827.433388

2827.433388

2827.433388

2827.433388

2827.433388

2827.433388

2827.433388

2827.433388

2827.433388

2827.433388

2827.433388

2827.433388

2827.433388

2827.433388

2827.433388

2827.433388

2827.433388

2827.433388

2827.433388

2827.433388

2827.433388

2827.433388

2827.433388

2827.433388

2827.433388

2827.433388

2827.433388

2827.433388

2827.433388

2827.433388

2827.433388

2827.433388

2827.433388

2827.433388

2827.433388

2827.433388

2827.433388

2827.433388

2827.433388

2827.433388

2827.433388

2827.433388

2827.433388

2827.433388

2827.433388

2827.433388

2827.433388

2827.433388

2827.433388

2827.433388

2827.433388

2827.433388

2827.433388

2827.433388

2827.433388

2827.433388

2827.433388

2827.433388

2827.433388

2827.433388

2827.433388

2827.433388

2827.433388

2827.433388

2827.433388

2827.433388

2827.433388

2827.433388

2827.433388

2827.433388

2827.433388

2827.433388

2827.433388

2827.433388

2827.433388

2827.433388

2827.433388

2827.433388

2827.433388

2827.433388

2827.433388

2827.433388

2827.433388

2827.433388

2827.433388

2827.433388

2827.433388

2827.433388

2827.433388

2827.433388

2827.433388

2827.433388

2827.433388

2827.433388

2827.433388

2827.433388

2827.433388

2827.433388

2827.433388

2827.433388

2827.433388

2827.433388

2827.433388

2827.433388

2827.433388

2827.433388

2827.433388

2827.433388

2827.433388

2827.433388

2827.433388

2827.433388

2827.433388

2827.433388

2827.433388

2827.433388

2827.433388

2827.433388

2827.433388

2827.433388

2827.433388

2827.433388

2827.433388

2827.433388

2827.433388

2827.433388

2827.433388

2827.433388

2827.433388

2827.433388

2827.433388

2827.433388

2827.433388

2827.433388

2827.433388

2827.433388

2827.433388

2827.433388

2827.433388

2827.433388

2827.433388

2827.433388

2827.433388

2827.433388

2827.433388

2827.433388

2827.433388

2827.433388

2827.433388

2827.433388

2827.433388

2827.433388

2827.433388

2827.433388

2827.433388

2827.433388

2827.433388

2827.433388

2827.433388

2827.433388

2827.433388

2827.433388

2827.433388

2827.433388

2827.433388

2827.433388

2827.433388

2827.433388

2827.433388

2827.433388

2827.433388

2827.433388

2827.433388

2827.433388

2827.433388

2827.433388

2827.433388

2827.433388

2827.433388

2827.433388

2827.433388

2827.433388

2827.433388

2827.433388

2827.433388

2827.433388

2827.433388

2827.433388

2827.433388

2827.433388

2827.433388

2827.433388

2827.433388

2827.433388

2827.433388

2827.433388

2827.433388

2827.433388

2827.433388

2827.433388

2827.433388

2827.433388

2827.433388

2827.433388

2827.433388

2827.433388

2827.433388

2827.433388

2827.433388

2827.433388

2827.433388

2827.433388

2827.433388

2827.433388

2827.433388

2827.433388

2827.433388

2827.433388

2827.433388

2827.433388

2827.433388

2827.433388

2827.433388

2827.433388

2827.433388

2827.433388

2827.433388

