AXIS X

0.000000 0.001000 0.002000 0.003000 0.004000 0.005000 0.006000 0.007000 0.008000 0.009000 0.010000 0.011000 0.012000 0.013000 0.014000 0.015000 0.016000 0.017000 0.018000 0.019000 0.020000 0.021000 0.022000 0.023000 0.024000 0.025000 0.026000 0.027000 0.028000 0.029000 

AXIS Y

0.000000 0.001000 0.002000 0.003000 0.004000 0.005000 0.006000 0.007000 0.008000 0.009000 0.010000 0.011000 0.012000 0.013000 0.014000 0.015000 0.016000 0.017000 0.018000 0.019000 0.020000 0.021000 0.022000 0.023000 0.024000 0.025000 0.026000 0.027000 0.028000 0.029000 



DATA
6510.405971

6510.405971

6510.405971

6510.405971

6510.405971

6510.405971

6510.405971

6510.405971

6510.405971

6510.405971

6510.405971

6510.405971

6510.405971

6510.405971

6510.405971

6510.405971

6510.405971

6510.405971

6510.405971

6510.405971

6510.405971

6510.405971

6510.405971

6510.405971

6510.405971

6510.405971

6510.405971

6510.405971

6510.405971

6510.405971

6510.405971

6510.405971

6510.405971

6510.405971

6510.405971

6510.405971

6510.405971

6510.405971

6510.405971

6510.405971

6510.405971

6510.405971

6510.405971

6510.405971

6510.405971

6510.405971

6510.405971

6510.405971

6510.405971

6510.405971

6510.405971

6510.405971

6510.405971

6510.405971

6510.405971

6510.405971

6510.405971

6510.405971

6510.405971

6510.405971

6510.405971

6510.405971

6510.405971

6510.405971

6510.405971

6510.405971

6510.405971

6510.405971

6510.405971

6510.405971

6510.405971

6510.405971

6510.405971

6510.405971

6510.405971

6510.405971

6510.405971

6510.405971

6510.405971

6510.405971

6510.405971

6510.405971

6510.405971

6510.405971

6510.405971

6510.405971

6510.405971

6510.405971

6510.405971

6510.405971

6510.405971

6510.405971

6510.405971

6510.405971

6510.405971

6510.405971

6510.405971

6510.405971

6510.405971

6510.405971

6510.405971

6510.405971

6510.405971

6510.405971

6510.405971

6510.405971

6510.405971

6510.405971

6510.405971

6510.405971

6510.405971

6510.405971

6510.405971

6510.405971

6510.405971

6510.405971

6510.405971

6510.405971

6510.405971

6510.405971

6510.405971

6510.405971

6510.405971

6510.405971

6510.405971

6510.405971

6510.405971

6510.405971

6510.405971

6510.405971

6510.405971

6510.405971

6510.405971

6510.405971

6510.405971

6510.405971

6510.405971

6510.405971

6510.405971

6510.405971

6510.405971

6510.405971

6510.405971

6510.405971

6510.405971

6510.405971

6510.405971

6510.405971

6510.405971

6510.405971

6510.405971

6510.405971

6510.405971

6510.405971

6510.405971

6510.405971

6510.405971

6510.405971

6510.405971

6510.405971

6510.405971

6510.405971

6510.405971

6510.405971

6510.405971

6510.405971

6510.405971

6510.405971

6510.405971

6510.405971

6510.405971

6510.405971

6510.405971

6510.405971

6510.405971

6510.405971

6510.405971

6510.405971

6510.405971

6510.405971

6510.405971

6510.405971

6510.405971

6510.405971

6510.405971

6510.405971

6510.405971

6510.405971

6510.405971

6510.405971

6510.405971

6510.405971

6510.405971

6510.405971

6510.405971

6510.405971

6510.405971

6510.405971

6510.405971

6510.405971

6510.405971

6510.405971

6510.405971

6510.405971

6510.405971

6510.405971

6510.405971

6510.405971

6510.405971

6510.405971

6510.405971

6510.405971

6510.405971

6510.405971

6510.405971

6510.405971

6510.405971

6510.405971

6510.405971

6510.405971

6510.405971

6510.405971

6510.405971

6510.405971

6510.405971

6510.405971

6510.405971

6510.405971

6510.405971

6510.405971

6510.405971

6510.405971

6510.405971

6510.405971

6510.405971

6510.405971

6510.405971

6510.405971

6510.405971

6510.405971

6510.405971

6510.405971

6510.405971

6510.405971

6510.405971

6510.405971

6510.405971

6510.405971

6510.405971

6510.405971

6510.405971

6510.405971

8831.564963

8829.814766

13443.645599

13443.645599

8829.814766

8831.564963

6510.405971

6510.405971

6510.405971

6510.405971

6510.405971

6510.405971

6510.405971

6510.405971

6510.405971

6510.405971

6510.405971

6510.405971

6510.405971

6510.405971

6510.405971

6510.405971

6510.405971

6510.405971

6510.405971

6510.405971

6510.405971

6510.405971

6510.405971

11727.674798

11188.916218

14476.337490

36306.806086

36306.806086

14476.337490

11188.916218

11727.674798

6510.405971

6510.405971

6510.405971

6510.405971

6510.405971

6510.405971

6510.405971

6510.405971

6510.405971

6510.405971

6510.405971

6510.405971

6510.405971

6510.405971

6510.405971

6510.405971

6510.405971

6510.405971

6510.405971

6510.405971

6510.405971

15849.306190

21825.900758

32070.244131

32186.874834

26608.940890

26608.940890

32186.874834

32070.244131

21825.900758

15849.306190

6510.405971

6510.405971

6510.405971

6510.405971

6510.405971

6510.405971

6510.405971

6510.405971

6510.405971

6510.405971

6510.405971

6510.405971

6510.405971

6510.405971

6510.405971

6510.405971

6510.405971

6510.405971

6510.405971

10694.983711

15957.584835

31669.965412

42535.465529

23025.373072

18641.245910

18641.245910

23025.373072

42535.465529

31669.965412

15957.584835

10694.983711

6510.405971

6510.405971

6510.405971

6510.405971

6510.405971

6510.405971

6510.405971

6510.405971

6510.405971

6510.405971

6510.405971

6510.405971

6510.405971

6510.405971

6510.405971

6510.405971

6510.405971

8709.489387

10766.833042

14902.750966

22359.928304

21461.950330

19491.130471

26534.122584

26534.122584

19491.130471

21461.950330

22359.928304

14902.750966

10766.833042

8709.489387

6510.405971

6510.405971

6510.405971

6510.405971

6510.405971

6510.405971

6510.405971

6510.405971

6510.405971

6510.405971

6510.405971

6510.405971

6510.405971

6510.405971

6510.405971

6510.405971

11748.764954

13609.905623

17011.497658

18201.019314

18752.433372

23985.358587

20607.224810

20607.224810

23985.358587

18752.433372

18201.019314

17011.497658

13609.905623

11748.764954

6510.405971

6510.405971

6510.405971

6510.405971

6510.405971

6510.405971

6510.405971

6510.405971

6510.405971

6510.405971

6510.405971

6510.405971

6510.405971

6510.405971

6510.405971

6510.405971

11851.556399

15197.047234

15685.987027

15482.109293

18415.767851

33621.560428

19242.524430

19242.524430

33621.560428

18415.767851

15482.109293

15685.987027

15197.047234

11851.556399

6510.405971

6510.405971

6510.405971

6510.405971

6510.405971

6510.405971

6510.405971

6510.405971

6510.405971

6510.405971

6510.405971

6510.405971

6510.405971

6510.405971

6510.405971

6510.405971

10748.175118

12770.789511

13102.912252

13574.711783

16365.297929

30283.515296

18860.449686

18860.449686

30283.515296

16365.297929

13574.711783

13102.912252

12770.789511

10748.175118

6510.405971

6510.405971

6510.405971

6510.405971

6510.405971

6510.405971

6510.405971

6510.405971

6510.405971

6510.405971

6510.405971

6510.405971

6510.405971

6510.405971

6510.405971

6510.405971

9757.071143

11499.371541

12390.013895

12290.617472

14154.017117

20986.686610

16719.821917

16719.821917

20986.686610

14154.017117

12290.617472

12390.013895

11499.371541

9757.071143

6510.405971

6510.405971

6510.405971

6510.405971

6510.405971

6510.405971

6510.405971

6510.405971

6510.405971

6510.405971

6510.405971

6510.405971

6510.405971

6510.405971

6510.405971

6510.405971

8577.688569

11960.622571

12185.408056

11436.666406

14855.204101

26801.972515

11495.359823

11495.359823

26801.972515

14855.204101

11436.666406

12185.408056

11960.622571

8577.688569

6510.405971

6510.405971

6510.405971

6510.405971

6510.405971

6510.405971

6510.405971

6510.405971

6510.405971

6510.405971

6510.405971

6510.405971

6510.405971

6510.405971

6510.405971

6510.405971

6510.405971

13656.197319

11307.193678

11734.279205

22472.984782

40888.174617

10250.828464

10250.828464

40888.174617

22472.984782

11734.279205

11307.193678

13656.197319

6510.405971

6510.405971

6510.405971

6510.405971

6510.405971

6510.405971

6510.405971

6510.405971

6510.405971

6510.405971

6510.405971

6510.405971

6510.405971

6510.405971

6510.405971

6510.405971

6510.405971

6510.405971

6510.405971

10285.599879

11151.921981

16965.171566

12952.426084

12407.692220

12407.692220

12952.426084

16965.171566

11151.921981

10285.599879

6510.405971

6510.405971

6510.405971

6510.405971

6510.405971

6510.405971

6510.405971

6510.405971

6510.405971

6510.405971

6510.405971

6510.405971

6510.405971

6510.405971

6510.405971

6510.405971

6510.405971

6510.405971

6510.405971

6510.405971

6510.405971

9861.679970

14261.375935

12573.476178

1680.428763

1680.428763

12573.476178

14261.375935

9861.679970

6510.405971

6510.405971

6510.405971

6510.405971

6510.405971

6510.405971

6510.405971

6510.405971

6510.405971

6510.405971

6510.405971

6510.405971

6510.405971

6510.405971

6510.405971

6510.405971

6510.405971

6510.405971

6510.405971

6510.405971

6510.405971

6510.405971

6510.405971

13179.625540

11168.694312

15861.990043

15861.990043

11168.694312

13179.625540

6510.405971

6510.405971

6510.405971

6510.405971

6510.405971

6510.405971

6510.405971

6510.405971

6510.405971

6510.405971

6510.405971

6510.405971

6510.405971

6510.405971

6510.405971

6510.405971

6510.405971

6510.405971

6510.405971

6510.405971

6510.405971

6510.405971

6510.405971

6510.405971

6510.405971

6510.405971

6510.405971

6510.405971

6510.405971

6510.405971

6510.405971

6510.405971

6510.405971

6510.405971

6510.405971

6510.405971

6510.405971

6510.405971

6510.405971

6510.405971

6510.405971

6510.405971

6510.405971

6510.405971

6510.405971

6510.405971

6510.405971

6510.405971

6510.405971

6510.405971

6510.405971

6510.405971

6510.405971

6510.405971

6510.405971

6510.405971

6510.405971

6510.405971

6510.405971

6510.405971

6510.405971

6510.405971

6510.405971

6510.405971

6510.405971

6510.405971

6510.405971

6510.405971

6510.405971

6510.405971

6510.405971

6510.405971

6510.405971

6510.405971

6510.405971

6510.405971

6510.405971

6510.405971

6510.405971

6510.405971

6510.405971

6510.405971

6510.405971

6510.405971

6510.405971

6510.405971

6510.405971

6510.405971

6510.405971

6510.405971

6510.405971

6510.405971

6510.405971

6510.405971

6510.405971

6510.405971

6510.405971

6510.405971

6510.405971

6510.405971

6510.405971

6510.405971

6510.405971

6510.405971

6510.405971

6510.405971

6510.405971

6510.405971

6510.405971

6510.405971

6510.405971

6510.405971

6510.405971

6510.405971

6510.405971

6510.405971

6510.405971

6510.405971

6510.405971

6510.405971

6510.405971

6510.405971

6510.405971

6510.405971

6510.405971

6510.405971

6510.405971

6510.405971

6510.405971

6510.405971

6510.405971

6510.405971

6510.405971

6510.405971

6510.405971

6510.405971

6510.405971

6510.405971

6510.405971

6510.405971

6510.405971

6510.405971

6510.405971

6510.405971

6510.405971

6510.405971

6510.405971

6510.405971

6510.405971

6510.405971

6510.405971

6510.405971

6510.405971

6510.405971

6510.405971

6510.405971

6510.405971

6510.405971

6510.405971

6510.405971

6510.405971

6510.405971

6510.405971

6510.405971

6510.405971

6510.405971

6510.405971

6510.405971

6510.405971

6510.405971

6510.405971

6510.405971

6510.405971

6510.405971

6510.405971

6510.405971

6510.405971

6510.405971

6510.405971

6510.405971

6510.405971

6510.405971

6510.405971

6510.405971

6510.405971

6510.405971

6510.405971

6510.405971

6510.405971

6510.405971

6510.405971

6510.405971

6510.405971

6510.405971

6510.405971

6510.405971

6510.405971

6510.405971

6510.405971

6510.405971

6510.405971

6510.405971

6510.405971

6510.405971

6510.405971

6510.405971

6510.405971

6510.405971

6510.405971

6510.405971

6510.405971

6510.405971

6510.405971

6510.405971

6510.405971

6510.405971

6510.405971

6510.405971

6510.405971

6510.405971

6510.405971

6510.405971

6510.405971

6510.405971

6510.405971

6510.405971

6510.405971

6510.405971

6510.405971

6510.405971

6510.405971

6510.405971

6510.405971

6510.405971

6510.405971

6510.405971

6510.405971

6510.405971

6510.405971

6510.405971

6510.405971

6510.405971

6510.405971

6510.405971

6510.405971

6510.405971

6510.405971

6510.405971

6510.405971

6510.405971

6510.405971

6510.405971

