AXIS X

0.000000 0.000500 0.001000 0.001500 0.002000 0.002500 0.003000 0.003500 0.004000 0.004500 0.005000 0.005500 0.006000 0.006500 0.007000 0.007500 0.008000 0.008500 0.009000 0.009500 0.010000 0.010500 0.011000 0.011500 0.012000 0.012500 0.013000 0.013500 0.014000 0.014500 0.015000 0.015500 0.016000 0.016500 0.017000 0.017500 0.018000 0.018500 0.019000 0.019500 0.020000 0.020500 0.021000 0.021500 0.022000 0.022500 0.023000 0.023500 0.024000 0.024500 0.025000 0.025500 0.026000 0.026500 0.027000 0.027500 0.028000 0.028500 0.029000 0.029500 

AXIS Y

0.000000 0.000500 0.001000 0.001500 0.002000 0.002500 0.003000 0.003500 0.004000 0.004500 0.005000 0.005500 0.006000 0.006500 0.007000 0.007500 0.008000 0.008500 0.009000 0.009500 0.010000 0.010500 0.011000 0.011500 0.012000 0.012500 0.013000 0.013500 0.014000 0.014500 0.015000 0.015500 0.016000 0.016500 0.017000 0.017500 0.018000 0.018500 0.019000 0.019500 0.020000 0.020500 0.021000 0.021500 0.022000 0.022500 0.023000 0.023500 0.024000 0.024500 0.025000 0.025500 0.026000 0.026500 0.027000 0.027500 0.028000 0.028500 0.029000 0.029500 



DATA
2827.361774

2827.362115

2827.504154

2827.930661

2828.831797

2830.300959

2832.320067

2834.736939

2837.333386

2839.836409

2842.044715

2843.828398

2845.255860

2846.534637

2848.098860

2850.469670

2854.305991

2860.213986

2868.799095

2880.479445

2895.553225

2914.051652

2935.746004

2960.081365

2985.938925

3011.997216

3035.846808

3055.889650

3071.301282

3076.558645

3076.558645

3071.301282

3055.889650

3035.846808

3011.997216

2985.938925

2960.081365

2935.746004

2914.051652

2895.553225

2880.479445

2868.799095

2860.213986

2854.305991

2850.469670

2848.098860

2846.534637

2845.255860

2843.828398

2842.044715

2839.836409

2837.333386

2834.736939

2832.320067

2830.300959

2828.831797

2827.930661

2827.504154

2827.362115

2827.361774

2827.374494

2827.545578

2828.123435

2829.008236

2830.109837

2831.406987

2832.844382

2834.396862

2836.051078

2837.803411

2839.675675

2841.722630

2844.029551

2846.729214

2849.969570

2853.942223

2858.811532

2864.765996

2871.911663

2880.371357

2890.137963

2901.231027

2913.470445

2926.704608

2940.473761

2954.416695

2967.496634

2979.840847

2985.971580

2981.707443

2981.707443

2985.971580

2979.840847

2967.496634

2954.416695

2940.473761

2926.704608

2913.470445

2901.231027

2890.137963

2880.371357

2871.911663

2864.765996

2858.811532

2853.942223

2849.969570

2846.729214

2844.029551

2841.722630

2839.675675

2837.803411

2836.051078

2834.396862

2832.844382

2831.406987

2830.109837

2829.008236

2828.123435

2827.545578

2827.374494

2827.474794

2828.044337

2828.992789

2830.287191

2831.649800

2832.937730

2834.094876

2835.174484

2836.305747

2837.674992

2839.458379

2841.808831

2844.803489

2848.438925

2852.620051

2857.172546

2861.888356

2866.544340

2870.995980

2875.154699

2879.088591

2882.878865

2886.713932

2890.602906

2894.591197

2898.284382

2901.538195

2902.725338

2901.222005

2899.538078

2899.538078

2901.222005

2902.725338

2901.538195

2898.284382

2894.591197

2890.602906

2886.713932

2882.878865

2879.088591

2875.154699

2870.995980

2866.544340

2861.888356

2857.172546

2852.620051

2848.438925

2844.803489

2841.808831

2839.458379

2837.674992

2836.305747

2835.174484

2834.094876

2832.937730

2831.649800

2830.287191

2828.992789

2828.044337

2827.474794

2827.833027

2828.819481

2830.048621

2831.560889

2833.118577

2834.508910

2835.670349

2836.652874

2837.628992

2838.812390

2840.433843

2842.643609

2845.501578

2848.911614

2852.655036

2856.401578

2859.800507

2862.566748

2864.563128

2865.867293

2866.703500

2867.404705

2868.154274

2868.981754

2869.479571

2869.181141

2867.250516

2863.814895

2859.761429

2856.963545

2856.963545

2859.761429

2863.814895

2867.250516

2869.181141

2869.479571

2868.981754

2868.154274

2867.404705

2866.703500

2865.867293

2864.563128

2862.566748

2859.800507

2856.401578

2852.655036

2848.911614

2845.501578

2842.643609

2840.433843

2838.812390

2837.628992

2836.652874

2835.670349

2834.508910

2833.118577

2831.560889

2830.048621

2828.819481

2827.833027

2828.490926

2829.716181

2831.207008

2832.823234

2834.501957

2836.062888

2837.399904

2838.511245

2839.469156

2840.422816

2841.516997

2842.888071

2844.574509

2846.540394

2848.633634

2850.672619

2852.486399

2854.029194

2855.422004

2856.946540

2858.962608

2861.700694

2865.141129

2868.785410

2871.853561

2873.252259

2872.444325

2869.256482

2864.787587

2859.848116

2859.848116

2864.787587

2869.256482

2872.444325

2873.252259

2871.853561

2868.785410

2865.141129

2861.700694

2858.962608

2856.946540

2855.422004

2854.029194

2852.486399

2850.672619

2848.633634

2846.540394

2844.574509

2842.888071

2841.516997

2840.422816

2839.469156

2838.511245

2837.399904

2836.062888

2834.501957

2832.823234

2831.207008

2829.716181

2828.490926

2829.507740

2830.732876

2832.352836

2834.096906

2835.882521

2837.617375

2839.148656

2840.361067

2841.201202

2841.667225

2841.836011

2841.803365

2841.710842

2841.677465

2841.851450

2842.381976

2843.492350

2845.463379

2848.633155

2853.302604

2859.600508

2867.364167

2876.001228

2884.599802

2891.951777

2897.080780

2899.157796

2898.184229

2894.215935

2887.956626

2887.956626

2894.215935

2898.184229

2899.157796

2897.080780

2891.951777

2884.599802

2876.001228

2867.364167

2859.600508

2853.302604

2848.633155

2845.463379

2843.492350

2842.381976

2841.851450

2841.677465

2841.710842

2841.803365

2841.836011

2841.667225

2841.201202

2840.361067

2839.148656

2837.617375

2835.882521

2834.096906

2832.352836

2830.732876

2829.507740

2830.794766

2831.895182

2833.582607

2835.439743

2837.349853

2839.167922

2840.710601

2841.767885

2842.181593

2841.896539

2840.956275

2839.543968

2837.925749

2836.486184

2835.660336

2835.959280

2837.890214

2841.919134

2848.341826

2857.176297

2868.061443

2880.224335

2892.598457

2903.961872

2913.297530

2919.814777

2923.279050

2923.518117

2920.683000

2914.527399

2914.527399

2920.683000

2923.518117

2923.279050

2919.814777

2913.297530

2903.961872

2892.598457

2880.224335

2868.061443

2857.176297

2848.341826

2841.919134

2837.890214

2835.959280

2835.660336

2836.486184

2837.925749

2839.543968

2840.956275

2841.896539

2842.181593

2841.767885

2840.710601

2839.167922

2837.349853

2835.439743

2833.582607

2831.895182

2830.794766

2832.282275

2833.250127

2834.999099

2836.978990

2838.924206

2840.624020

2841.825610

2842.314540

2841.973879

2840.823872

2839.050298

2836.954619

2834.977473

2833.626582

2833.496053

2835.170314

2839.180771

2845.857370

2855.224681

2866.883458

2880.013523

2893.473184

2906.027657

2916.643021

2924.663235

2929.964906

2932.685978

2933.157717

2931.325030

2926.619705

2926.619705

2931.325030

2933.157717

2932.685978

2929.964906

2924.663235

2916.643021

2906.027657

2893.473184

2880.013523

2866.883458

2855.224681

2845.857370

2839.180771

2835.170314

2833.496053

2833.626582

2834.977473

2836.954619

2839.050298

2840.823872

2841.973879

2842.314540

2841.825610

2840.624020

2838.924206

2836.978990

2834.999099

2833.250127

2832.282275

2833.903529

2834.819564

2836.671808

2838.711585

2840.525038

2841.782496

2842.243113

2841.798356

2840.534443

2838.729274

2836.772017

2835.130902

2834.262814

2834.641340

2836.685991

2840.770812

2847.110972

2855.710454

2866.248343

2878.092591

2890.331824

2901.984344

2912.168431

2920.330165

2926.291940

2930.197357

2932.362062

2932.989925

2931.981628

2928.398173

2928.398173

2931.981628

2932.989925

2932.362062

2930.197357

2926.291940

2920.330165

2912.168431

2901.984344

2890.331824

2878.092591

2866.248343

2855.710454

2847.110972

2840.770812

2836.685991

2834.641340

2834.262814

2835.130902

2836.772017

2838.729274

2840.534443

2841.798356

2842.243113

2841.782496

2840.525038

2838.711585

2836.671808

2834.819564

2833.903529

2835.657264

2836.597957

2838.528117

2840.487171

2841.897925

2842.401634

2841.845995

2840.358003

2838.336860

2836.345261

2834.986583

2834.747180

2835.992221

2838.912338

2843.599599

2849.992905

2857.917658

2867.017736

2876.828542

2886.778540

2896.366069

2905.176785

2913.030846

2919.846074

2925.626794

2930.261334

2933.528892

2935.079505

2934.425167

2930.600342

2930.600342

2934.425167

2935.079505

2933.528892

2930.261334

2925.626794

2919.846074

2913.030846

2905.176785

2896.366069

2886.778540

2876.828542

2867.017736

2857.917658

2849.992905

2843.599599

2838.912338

2835.992221

2834.747180

2834.986583

2836.345261

2838.336860

2840.358003

2841.845995

2842.401634

2841.897925

2840.487171

2838.528117

2836.597957

2835.657264

2837.579937

2838.514888

2840.374636

2841.992324

2842.730280

2842.295431

2840.740479

2838.466092

2836.137381

2834.514669

2834.223956

2835.671765

2838.968756

2844.041369

2850.619722

2858.349938

2866.750083

2875.348509

2883.694443

2891.578444

2898.993319

2906.244097

2913.639323

2921.392418

2929.238186

2936.483207

2942.048615

2944.868569

2944.127402

2939.250927

2939.250927

2944.127402

2944.868569

2942.048615

2936.483207

2929.238186

2921.392418

2913.639323

2906.244097

2898.993319

2891.578444

2883.694443

2875.348509

2866.750083

2858.349938

2850.619722

2844.041369

2838.968756

2835.671765

2834.223956

2834.514669

2836.137381

2838.466092

2840.740479

2842.295431

2842.730280

2841.992324

2840.374636

2838.514888

2837.579937

2839.719528

2840.431903

2841.922923

2842.900142

2842.781243

2841.462684

2839.228046

2836.674539

2834.571149

2833.631355

2834.363250

2836.948677

2841.343653

2847.288267

2854.456673

2862.390970

2870.636243

2878.707191

2886.356448

2893.562484

2900.745742

2908.454071

2917.272221

2927.259705

2937.872968

2947.815576

2955.461319

2959.306687

2958.416355

2952.429794

2952.429794

2958.416355

2959.306687

2955.461319

2947.815576

2937.872968

2927.259705

2917.272221

2908.454071

2900.745742

2893.562484

2886.356448

2878.707191

2870.636243

2862.390970

2854.456673

2847.288267

2841.343653

2836.948677

2834.363250

2833.631355

2834.571149

2836.674539

2839.228046

2841.462684

2842.781243

2842.900142

2841.922923

2840.431903

2839.719528

2842.042409

2842.159140

2842.913589

2843.016575

2842.044544

2840.111288

2837.662785

2835.329348

2833.752864

2833.446674

2834.664307

2837.463382

2841.723297

2847.313521

2854.010763

2861.585240

2869.654112

2877.901045

2886.045012

2894.192697

2902.653387

2912.049513

2922.752526

2934.767432

2947.299734

2958.949952

2967.985591

2972.828242

2972.493893

2966.384333

2966.384333

2972.493893

2972.828242

2967.985591

2958.949952

2947.299734

2934.767432

2922.752526

2912.049513

2902.653387

2894.192697

2886.045012

2877.901045

2869.654112

2861.585240

2854.010763

2847.313521

2841.723297

2837.463382

2834.664307

2833.446674

2833.752864

2835.329348

2837.662785

2840.111288

2842.044544

2843.016575

2842.913589

2842.159140

2842.042409

2844.396769

2843.506107

2843.240548

2842.415474

2840.784916

2838.595945

2836.310353

2834.417859

2833.332239

2833.295744

2834.416026

2836.680963

2840.125691

2844.775197

2850.710149

2857.834455

2865.979070

2874.763197

2883.959778

2893.410630

2903.386653

2914.189190

2926.203536

2939.308586

2952.893584

2965.744463

2976.294107

2983.039822

2984.530911

2979.661839

2979.661839

2984.530911

2983.039822

2976.294107

2965.744463

2952.893584

2939.308586

2926.203536

2914.189190

2903.386653

2893.410630

2883.959778

2874.763197

2865.979070

2857.834455

2850.710149

2844.775197

2840.125691

2836.680963

2834.416026

2833.295744

2833.332239

2834.417859

2836.310353

2838.595945

2840.784916

2842.415474

2843.240548

2843.506107

2844.396769

2846.470987

2844.354988

2843.018440

2841.441131

2839.457555

2837.299638

2835.295599

2833.748145

2832.863787

2832.769921

2833.505591

2835.149288

2837.803858

2841.695738

2846.968439

2853.712605

2861.721245

2870.736153

2880.347175

2890.452788

2901.047014

2912.523172

2925.123151

2938.975565

2953.638270

2968.156918

2981.194393

2990.956786

2995.587915

2992.339529

2992.339529

2995.587915

2990.956786

2981.194393

2968.156918

2953.638270

2938.975565

2925.123151

2912.523172

2901.047014

2890.452788

2880.347175

2870.736153

2861.721245

2853.712605

2846.968439

2841.695738

2837.803858

2835.149288

2833.505591

2832.769921

2832.863787

2833.748145

2835.295599

2837.299638

2839.457555

2841.441131

2843.018440

2844.354988

2846.470987

2847.895682

2844.678750

2842.547349

2840.570013

2838.539115

2836.526352

2834.696798

2833.229440

2832.313596

2832.082912

2832.641383

2834.035992

2836.394703

2839.849822

2844.609929

2850.714706

2858.131834

2866.568414

2875.826169

2885.687781

2896.355824

2908.080339

2921.338510

2936.221842

2952.457901

2969.191962

2984.974115

2998.064705

3005.840082

3005.259510

3005.259510

3005.840082

2998.064705

2984.974115

2969.191962

2952.457901

2936.221842

2921.338510

2908.080339

2896.355824

2885.687781

2875.826169

2866.568414

2858.131834

2850.714706

2844.609929

2839.849822

2836.394703

2834.035992

2832.641383

2832.082912

2832.313596

2833.229440

2834.696798

2836.526352

2838.539115

2840.570013

2842.547349

2844.678750

2847.895682

2848.333528

2844.541489

2842.154230

2840.214537

2838.349188

2836.464570

2834.631184

2833.085085

2832.121444

2831.988895

2832.746783

2834.353804

2836.718205

2839.908699

2844.052073

2849.362695

2855.875902

2863.567343

2872.242700

2881.917564

2892.683199

2904.993861

2919.143558

2935.302683

2953.009435

2971.298077

2988.819944

3003.684880

3013.654728

3014.502349

3014.502349

3013.654728

3003.684880

2988.819944

2971.298077

2953.009435

2935.302683

2919.143558

2904.993861

2892.683199

2881.917564

2872.242700

2863.567343

2855.875902

2849.362695

2844.052073

2839.908699

2836.718205

2834.353804

2832.746783

2831.988895

2832.121444

2833.085085

2834.631184

2836.464570

2838.349188

2840.214537

2842.154230

2844.541489

2848.333528

2847.647143

2844.029634

2842.048995

2840.542387

2838.974268

2837.168731

2835.281696

2833.704824

2832.899285

2833.110797

2834.298587

2836.180135

2838.555159

2841.422329

2845.082159

2849.870635

2856.036809

2863.561600

2872.332061

2882.242324

2893.485477

2906.357113

2921.254501

2938.075410

2956.296181

2974.771994

2992.134542

3006.982511

3017.195101

3019.072961

3019.072961

3017.195101

3006.982511

2992.134542

2974.771994

2956.296181

2938.075410

2921.254501

2906.357113

2893.485477

2882.242324

2872.332061

2863.561600

2856.036809

2849.870635

2845.082159

2841.422329

2838.555159

2836.180135

2834.298587

2833.110797

2832.899285

2833.704824

2835.281696

2837.168731

2838.974268

2840.542387

2842.048995

2844.029634

2847.647143

2845.931579

2843.227638

2842.223942

2841.455939

2840.268855

2838.587661

2836.754230

2835.353273

2834.869753

2835.466441

2836.901515

2838.826994

2841.051933

2843.798376

2847.533653

2852.722181

2859.538916

2867.790554

2877.167359

2887.461899

2898.837361

2911.741081

2926.533421

2943.264202

2961.177306

2979.175140

2995.811352

3009.825029

3019.541877

3021.383111

3021.383111

3019.541877

3009.825029

2995.811352

2979.175140

2961.177306

2943.264202

2926.533421

2911.741081

2898.837361

2887.461899

2877.167359

2867.790554

2859.538916

2852.722181

2847.533653

2843.798376

2841.051933

2838.826994

2836.901515

2835.466441

2834.869753

2835.353273

2836.754230

2838.587661

2840.268855

2841.455939

2842.223942

2843.227638

2845.931579

2843.516355

2842.190028

2842.514727

2842.664430

2841.973494

2840.547276

2838.960691

2837.861559

2837.667792

2838.366690

2839.694443

2841.401404

2843.606068

2846.755866

2851.406838

2857.865561

2865.925667

2875.123810

2884.854412

2895.036273

2905.949839

2918.351637

2932.882823

2949.614284

2968.021720

2986.650008

3004.117244

3018.675851

3028.594970

3029.464318

3029.464318

3028.594970

3018.675851

3004.117244

2986.650008

2968.021720

2949.614284

2932.882823

2918.351637

2905.949839

2895.036273

2884.854412

2875.123810

2865.925667

2857.865561

2851.406838

2846.755866

2843.606068

2841.401404

2839.694443

2838.366690

2837.667792

2837.861559

2838.960691

2840.547276

2841.973494

2842.664430

2842.514727

2842.190028

2843.516355

2840.833716

2840.980439

2842.702879

2843.865317

2843.798196

2842.793848

2841.538438

2840.673526

2840.483112

2840.943308

2841.914627

2843.494180

2846.058493

2850.149081

2856.116423

2863.820617

2872.783581

2882.221360

2891.845885

2901.653647

2912.490948

2925.230566

2940.732916

2959.223920

2979.955603

3001.721415

3022.310372

3039.916080

3051.612416

3053.874600

3053.874600

3051.612416

3039.916080

3022.310372

3001.721415

2979.955603

2959.223920

2940.732916

2925.230566

2912.490948

2901.653647

2891.845885

2882.221360

2872.783581

2863.820617

2856.116423

2850.149081

2846.058493

2843.494180

2841.914627

2840.943308

2840.483112

2840.673526

2841.538438

2842.793848

2843.798196

2843.865317

2842.702879

2840.980439

2840.833716

2838.307307

2839.686570

2842.663191

2844.843348

2845.519323

2844.999639

2843.988021

2843.073391

2842.579912

2842.621469

2843.371993

2845.142854

2848.377772

2853.372275

2860.075863

2868.140246

2876.942592

2886.238870

2895.914766

2906.669265

2919.149170

2934.378261

2952.867627

2974.715696

2999.389876

3025.280576

3050.596853

3072.247789

3087.438876

3090.235629

3090.235629

3087.438876

3072.247789

3050.596853

3025.280576

2999.389876

2974.715696

2952.867627

2934.378261

2919.149170

2906.669265

2895.914766

2886.238870

2876.942592

2868.140246

2860.075863

2853.372275

2848.377772

2845.142854

2843.371993

2842.621469

2842.579912

2843.073391

2843.988021

2844.999639

2845.519323

2844.843348

2842.663191

2839.686570

2838.307307

2836.244517

2838.445530

2842.397474

2845.533973

2846.959733

2846.850377

2845.825720

2844.567844

2843.614444

2843.399204

2844.256781

2846.477239

2850.173254

2855.282101

2861.609200

2868.922352

2877.319662

2886.942938

2898.399575

2911.964160

2928.178881

2947.145653

2969.141367

2994.145739

3021.782300

3051.137486

3080.010001

3105.811852

3124.148315

3129.286870

3129.286870

3124.148315

3105.811852

3080.010001

3051.137486

3021.782300

2994.145739

2969.141367

2947.145653

2928.178881

2911.964160

2898.399575

2886.942938

2877.319662

2868.922352

2861.609200

2855.282101

2850.173254

2846.477239

2844.256781

2843.399204

2843.614444

2844.567844

2845.825720

2846.850377

2846.959733

2845.533973

2842.397474

2838.445530

2836.244517

2834.813933

2837.409967

2842.030017

2845.946391

2847.993825

2848.071425

2846.778460

2845.025172

2843.742650

2843.580984

2844.813974

2847.307293

2850.779378

2855.022303

2860.160959

2866.771333

2875.531877

2887.188328

2901.817178

2919.265109

2938.884033

2960.390823

2983.828205

3009.723673

3038.411825

3069.535720

3101.283261

3130.341331

3151.967949

3159.341494

3159.341494

3151.967949

3130.341331

3101.283261

3069.535720

3038.411825

3009.723673

2983.828205

2960.390823

2938.884033

2919.265109

2901.817178

2887.188328

2875.531877

2866.771333

2860.160959

2855.022303

2850.779378

2847.307293

2844.813974

2843.580984

2843.742650

2845.025172

2846.778460

2848.071425

2847.993825

2845.946391

2842.030017

2837.409967

2834.813933

2834.060256

2836.728088

2841.696632

2846.119520

2848.494191

2848.504449

2846.801542

2844.662717

2843.331869

2843.490186

2844.998039

2847.271290

2849.807552

2852.783833

2857.128463

2864.103299

2874.796997

2889.337726

2907.063645

2926.658996

2947.046898

2968.121927

2990.718402

3016.375519

3046.387153

3080.272699

3116.407316

3150.011734

3175.507554

3181.077770

3181.077770

3175.507554

3150.011734

3116.407316

3080.272699

3046.387153

3016.375519

2990.718402

2968.121927

2947.046898

2926.658996

2907.063645

2889.337726

2874.796997

2864.103299

2857.128463

2852.783833

2849.807552

2847.271290

2844.998039

2843.490186

2843.331869

2844.662717

2846.801542

2848.504449

2848.494191

2846.119520

2841.696632

2836.728088

2834.060256

2833.962271

2836.475074

2841.500281

2846.036123

2848.380472

2848.100032

2846.054851

2843.798595

2842.711026

2843.168434

2844.607882

2846.142515

2847.607827

2849.896831

2854.649553

2863.374282

2876.459818

2893.108920

2911.615594

2930.385893

2949.189448

2968.889164

2992.024763

3020.712719

3055.905745

3097.225963

3140.300620

3181.188307

3210.497922

3220.108271

3220.108271

3210.497922

3181.188307

3140.300620

3097.225963

3055.905745

3020.712719

2992.024763

2968.889164

2949.189448

2930.385893

2911.615594

2893.108920

2876.459818

2863.374282

2854.649553

2849.896831

2847.607827

2846.142515

2844.607882

2843.168434

2842.711026

2843.798595

2846.054851

2848.100032

2848.380472

2846.036123

2841.500281

2836.475074

2833.962271

2834.449459

2836.663569

2841.429612

2845.677139

2847.616986

2846.961901

2844.751668

2842.692329

2841.924001

2842.471701

2843.417985

2844.147479

2845.070315

2847.783209

2854.058136

2864.677315

2879.084184

2895.529282

2912.412929

2929.458267

2947.688347

2970.230254

2999.324462

3036.950829

3082.636526

3132.843842

3184.749525

3230.011160

3263.680508

3267.526025

3267.526025

3263.680508

3230.011160

3184.749525

3132.843842

3082.636526

3036.950829

2999.324462

2970.230254

2947.688347

2929.458267

2912.412929

2895.529282

2879.084184

2864.677315

2854.058136

2847.783209

2845.070315

2844.147479

2843.417985

2842.471701

2841.924001

2842.692329

2844.751668

2846.961901

2847.616986

2845.677139

2841.429612

2836.663569

2834.449459

2835.442537

2837.195939

2841.434396

2845.006457

2846.310634

2845.265594

2843.121683

2841.374176

2840.844293

2841.117250

2841.478455

2841.728280

2843.009201

2846.957138

2854.693796

2866.076989

2879.665454

2894.286482

2909.731194

2927.512338

2950.798789

2981.801866

3022.691836

3071.850004

3126.277395

3182.389289

3233.851774

3279.973193

3310.588439

3315.881544

3315.881544

3310.588439

3279.973193

3233.851774

3182.389289

3126.277395

3071.850004

3022.691836

2981.801866

2950.798789

2927.512338

2909.731194

2894.286482

2879.665454

2866.076989

2854.693796

2846.957138

2843.009201

2841.728280

2841.478455

2841.117250

2840.844293

2841.374176

2843.121683

2845.265594

2846.310634

2845.006457

2841.434396

2837.195939

2835.442537

2836.802064

2837.950432

2841.404193

2844.091391

2844.630197

2843.292956

2841.268755

2839.811143

2839.193316

2839.068241

2838.934279

2839.392588

2841.570860

2846.681747

2854.846537

2865.138777

2876.913951

2890.202612

2907.183291

2930.693297

2963.209483

3006.222385

3057.172668

3112.858340

3167.533688

3216.733052

3260.990769

3297.180307

3327.372847

3335.036176

3335.036176

3327.372847

3297.180307

3260.990769

3216.733052

3167.533688

3112.858340

3057.172668

3006.222385

2963.209483

2930.693297

2907.183291

2890.202612

2876.913951

2865.138777

2854.846537

2846.681747

2841.570860

2839.392588

2838.934279

2839.068241

2839.193316

2839.811143

2841.268755

2843.292956

2844.630197

2844.091391

2841.404193

2837.950432

2836.802064

2838.372913

2838.749718

2841.299369

2843.014407

2842.861347

2841.249658

2839.335370

2837.856943

2837.001447

2836.376280

2836.271977

2837.258550

2840.406844

2845.795632

2852.971221

2861.549616

2871.939003

2886.752939

2908.504281

2940.160376

2982.180132

3032.343587

3086.773347

3138.435986

3183.542469

3220.769477

3253.045963

3288.611478

3323.609977

3337.070729

3337.070729

3323.609977

3288.611478

3253.045963

3220.769477

3183.542469

3138.435986

3086.773347

3032.343587

2982.180132

2940.160376

2908.504281

2886.752939

2871.939003

2861.549616

2852.971221

2845.795632

2840.406844

2837.258550

2836.271977

2836.376280

2837.001447

2837.856943

2839.335370

2841.249658

2842.861347

2843.014407

2841.299369

2838.749718

2838.372913

2839.933182

2839.467686

2841.078126

2841.945626

2841.199434

2839.382982

2837.339254

2835.683436

2834.369522

2833.646975

2833.750040

2835.541678

2838.901114

2843.647813

2849.267015

2856.517902

2867.906076

2885.914533

2913.725471

2951.160243

2997.517152

3048.681632

3099.036065

3144.087573

3179.957530

3211.854873

3248.211567

3298.931606

3364.397845

3424.359785

3424.359785

3364.397845

3298.931606

3248.211567

3211.854873

3179.957530

3144.087573

3099.036065

3048.681632

2997.517152

2951.160243

2913.725471

2885.914533

2867.906076

2856.517902

2849.267015

2843.647813

2838.901114

2835.541678

2833.750040

2833.646975

2834.369522

2835.683436

2837.339254

2839.382982

2841.199434

2841.945626

2841.078126

2839.467686

2839.933182

2841.280765

2839.980772

2840.773510

2840.973632

2839.837009

2837.760574

2835.503955

2833.435184

2831.957147

2831.252537

2832.019869

2834.009829

2837.114840

2840.478885

2844.979350

2852.519046

2865.826124

2887.650438

2917.956407

2957.564489

3003.558724

3054.328237

3104.535185

3148.971617

3188.700448

3228.434139

3287.859257

3377.484296

3498.778955

3594.844796

3594.844796

3498.778955

3377.484296

3287.859257

3228.434139

3188.700448

3148.971617

3104.535185

3054.328237

3003.558724

2957.564489

2917.956407

2887.650438

2865.826124

2852.519046

2844.979350

2840.478885

2837.114840

2834.009829

2832.019869

2831.252537

2831.957147

2833.435184

2835.503955

2837.760574

2839.837009

2840.973632

2840.773510

2839.980772

2841.280765

2842.226682

2840.227945

2840.389732

2840.177276

2838.785249

2836.509451

2833.911744

2831.642679

2830.104061

2829.953372

2830.996795

2833.076388

2835.044028

2837.539225

2841.683245

2850.426291

2865.620858

2887.871450

2918.302170

2956.700627

3006.315114

3063.538135

3123.922694

3178.431363

3223.775043

3277.191900

3356.405530

3495.769397

3680.440812

3857.921750

3857.921750

3680.440812

3495.769397

3356.405530

3277.191900

3223.775043

3178.431363

3123.922694

3063.538135

3006.315114

2956.700627

2918.302170

2887.871450

2865.620858

2850.426291

2841.683245

2837.539225

2835.044028

2833.076388

2830.996795

2829.953372

2830.104061

2831.642679

2833.911744

2836.509451

2838.785249

2840.177276

2840.389732

2840.227945

2842.226682

2842.651735

2840.179457

2839.944427

2839.530577

2838.041127

2835.588224

2832.829300

2830.488743

2829.390488

2829.639116

2831.053741

2832.387028

2833.725343

2835.506351

2840.551102

2849.934640

2864.754618

2884.951347

2913.052582

2955.761114

3015.639616

3091.822516

3166.181710

3222.878053

3258.470479

3290.952193

3375.178428

3531.647884

3777.892534

4008.587139

4008.587139

3777.892534

3531.647884

3375.178428

3290.952193

3258.470479

3222.878053

3166.181710

3091.822516

3015.639616

2955.761114

2913.052582

2884.951347

2864.754618

2849.934640

2840.551102

2835.506351

2833.725343

2832.387028

2831.053741

2829.639116

2829.390488

2830.488743

2832.829300

2835.588224

2838.041127

2839.530577

2839.944427

2840.179457

2842.651735

2842.529182

2839.837128

2839.439519

2838.991177

2837.502436

2835.022480

2832.262353

2830.265707

2829.651536

2830.457554

2831.597160

2832.511265

2833.107642

2835.625596

2840.946711

2850.182139

2861.482314

2878.061508

2907.034195

2959.464498

3040.841839

3134.853159

3213.814701

3242.761674

3224.851511

3209.690504

3252.503445

3427.730684

3695.259735

3917.247341

3917.247341

3695.259735

3427.730684

3252.503445

3209.690504

3224.851511

3242.761674

3213.814701

3134.853159

3040.841839

2959.464498

2907.034195

2878.061508

2861.482314

2850.182139

2840.946711

2835.625596

2833.107642

2832.511265

2831.597160

2830.457554

2829.651536

2830.265707

2832.262353

2835.022480

2837.502436

2838.991177

2839.439519

2839.837128

2842.529182

2841.882934

2839.251222

2838.868427

2838.498653

2837.098500

2834.724240

2832.271972

2830.796917

2830.848886

2831.813877

2832.722549

2833.019836

2834.052193

2837.044124

2842.946562

2848.889573

2855.994854

2868.560653

2902.971646

2971.642492

3073.157746

3178.300840

3231.316712

3202.458171

3109.315939

3031.217797

3069.827480

3253.714001

3581.686741

3875.760449

3875.760449

3581.686741

3253.714001

3069.827480

3031.217797

3109.315939

3202.458171

3231.316712

3178.300840

3073.157746

2971.642492

2902.971646

2868.560653

2855.994854

2848.889573

2842.946562

2837.044124

2834.052193

2833.019836

2832.722549

2831.813877

2830.848886

2830.796917

2832.271972

2834.724240

2837.098500

2838.498653

2838.868427

2839.251222

2841.882934

2840.838756

2838.463223

2838.241917

2838.006632

2836.756078

2834.661037

2832.712146

2831.967604

2832.532629

2833.525777

2833.978205

2834.222944

2835.813775

2839.871605

2844.173814

2846.636807

2846.993253

2859.534597

2900.438115

2986.679377

3101.997282

3197.911833

3210.824230

3112.553920

2966.668168

2880.552635

2953.187902

3251.904674

3677.150419

3868.517049

3868.517049

3677.150419

3251.904674

2953.187902

2880.552635

2966.668168

3112.553920

3210.824230

3197.911833

3101.997282

2986.679377

2900.438115

2859.534597

2846.993253

2846.636807

2844.173814

2839.871605

2835.813775

2834.222944

2833.978205

2833.525777

2832.532629

2831.967604

2832.712146

2834.661037

2836.756078

2838.006632

2838.241917

2838.463223

2840.838756

2839.506458

2837.548406

2837.565137

2837.497005

2836.459129

2834.747585

2833.485820

2833.468268

2834.433628

2835.243874

2835.267987

2835.712287

2838.133114

2842.359398

2844.760324

2841.321428

2837.906792

2848.572834

2899.699909

2994.958396

3115.751414

3193.154642

3165.532202

3031.922512

2879.514048

2838.155521

3027.163125

3498.763757

4130.851345

4495.594707

4495.594707

4130.851345

3498.763757

3027.163125

2838.155521

2879.514048

3031.922512

3165.532202

3193.154642

3115.751414

2994.958396

2899.699909

2848.572834

2837.906792

2841.321428

2844.760324

2842.359398

2838.133114

2835.712287

2835.267987

2835.243874

2834.433628

2833.468268

2833.485820

2834.747585

2836.459129

2837.497005

2837.565137

2837.548406

2839.506458

2838.044812

2836.568235

2836.867629

2836.998748

2836.182864

2834.956078

2834.377842

2835.060431

2836.240853

2836.696367

2836.443554

2836.984025

2840.214058

2843.926832

2843.381483

2835.480800

2826.976028

2839.950426

2892.610633

2995.583493

3108.199233

3174.639193

3129.947172

2999.181794

2876.281427

2902.889078

3164.811659

3811.987578

4807.655546

4949.496626

4949.496626

4807.655546

3811.987578

3164.811659

2902.889078

2876.281427

2999.181794

3129.947172

3174.639193

3108.199233

2995.583493

2892.610633

2839.950426

2826.976028

2835.480800

2843.381483

2843.926832

2840.214058

2836.984025

2836.443554

2836.696367

2836.240853

2835.060431

2834.377842

2834.956078

2836.182864

2836.998748

2836.867629

2836.568235

2838.044812

2836.555671

2835.601708

2836.222584

2836.529763

2835.965103

2835.139535

2835.239317

2836.419572

2837.694020

2837.777972

2837.077922

2837.955181

2841.173540

2844.459231

2840.954962

2829.301972

2818.685964

2829.350625

2884.181894

2978.762019

3089.706414

3147.137999

3120.650906

3013.802883

2926.890179

2947.064685

3203.250079

3589.882133

4402.206006

5344.343268

5344.343268

4402.206006

3589.882133

3203.250079

2947.064685

2926.890179

3013.802883

3120.650906

3147.137999

3089.706414

2978.762019

2884.181894

2829.350625

2818.685964

2829.301972

2840.954962

2844.459231

2841.173540

2837.955181

2837.077922

2837.777972

2837.694020

2836.419572

2835.239317

2835.139535

2835.965103

2836.529763

2836.222584

2835.601708

2836.555671

2835.138539

2834.751928

2835.681558

2836.166179

2835.712556

2835.240616

2835.760966

2837.391941

2838.613504

2838.354453

2837.364232

2838.063386

2841.615692

2843.728378

2839.099550

2824.949795

2812.852426

2821.643943

2868.302443

2955.267460

3051.132079

3121.858324

3117.239085

3054.059444

2963.620501

2933.985386

2984.782080

3177.257473

3064.822616

3051.395437

3051.395437

3064.822616

3177.257473

2984.782080

2933.985386

2963.620501

3054.059444

3117.239085

3121.858324

3051.132079

2955.267460

2868.302443

2821.643943

2812.852426

2824.949795

2839.099550

2843.728378

2841.615692

2838.063386

2837.364232

2838.354453

2838.613504

2837.391941

2835.760966

2835.240616

2835.712556

2836.166179

2835.681558

2834.751928

2835.138539

2833.888376

2834.077522

2835.322006

2835.843875

2835.418600

2835.017063

2835.900714

2837.747859

2839.130574

2838.579871

2837.351773

2837.965561

2841.198564

2843.498520

2837.818493

2824.360381

2810.597885

2816.048618

2852.209592

2920.677885

3005.777117

3076.320261

3110.754614

3077.172582

2986.718933

2870.258713

2788.973425

2808.869524

2899.048400

3920.209087

3920.209087

2899.048400

2808.869524

2788.973425

2870.258713

2986.718933

3077.172582

3110.754614

3076.320261

3005.777117

2920.677885

2852.209592

2816.048618

2810.597885

2824.360381

2837.818493

2843.498520

2841.198564

2837.965561

2837.351773

2838.579871

2839.130574

2837.747859

2835.900714

2835.017063

2835.418600

2835.843875

2835.322006

2834.077522

2833.888376

2832.879219

2833.633936

2835.063036

2835.535638

2834.906759

2834.498523

2835.477227

2837.725579

2839.243214

2838.891349

2837.345827

2837.784668

2840.895557

2843.176627

2838.959707

2825.737476

2813.485171

2813.002955

2838.871923

2886.015909

2950.450549

3016.520090

3068.760416

3080.083594

3007.492463

2855.447482

2722.826586

2712.944975

3134.835005

3783.774383

3783.774383

3134.835005

2712.944975

2722.826586

2855.447482

3007.492463

3080.083594

3068.760416

3016.520090

2950.450549

2886.015909

2838.871923

2813.002955

2813.485171

2825.737476

2838.959707

2843.176627

2840.895557

2837.784668

2837.345827

2838.891349

2839.243214

2837.725579

2835.477227

2834.498523

2834.906759

2835.535638

2835.063036

2833.633936

2832.879219

2832.232342

2833.341454

2834.813646

2835.061259

2834.202937

2833.614853

2834.744292

2837.253451

2839.378683

2839.158385

2837.757766

2837.507613

2840.535774

2843.370360

2840.608719

2830.438602

2817.671774

2816.565924

2829.787253

2861.891263

2897.521083

2943.181434

2993.765688

3038.802461

3040.984451

2926.465460

2778.190088

2745.938270

3113.613218

3580.976610

3580.976610

3113.613218

2745.938270

2778.190088

2926.465460

3040.984451

3038.802461

2993.765688

2943.181434

2897.521083

2861.891263

2829.787253

2816.565924

2817.671774

2830.438602

2840.608719

2843.370360

2840.535774

2837.507613

2837.757766

2839.158385

2839.378683

2837.253451

2834.744292

2833.614853

2834.202937

2835.061259

2834.813646

2833.341454

2832.232342

2831.951260

2833.124405

2834.375632

2834.381092

2833.295907

2832.605379

2833.729611

2836.614006

2839.193702

2839.655399

2837.934416

2837.392699

2839.550294

2843.444136

2842.960920

2835.311040

2825.386781

2821.324789

2833.096174

2849.363612

2866.520669

2873.106496

2893.565682

2950.739425

3017.114340

3072.052296

2903.165334

2831.747333

2975.569304

3389.899340

3389.899340

2975.569304

2831.747333

2903.165334

3072.052296

3017.114340

2950.739425

2893.565682

2873.106496

2866.520669

2849.363612

2833.096174

2821.324789

2825.386781

2835.311040

2842.960920

2843.444136

2839.550294

2837.392699

2837.934416

2839.655399

2839.193702

2836.614006

2833.729611

2832.605379

2833.295907

2834.381092

2834.375632

2833.124405

2831.951260

2832.029110

2832.840298

2833.699145

2833.488681

2832.372560

2831.619928

2832.656728

2835.612260

2838.747153

2839.642915

2838.183195

2836.511230

2838.382770

2842.580397

2845.217588

2840.945813

2832.367034

2829.959238

2839.009895

2857.122829

2858.919905

2836.034790

2805.496769

2809.971725

2925.844932

3055.189072

3204.269568

2894.137803

2902.270909

3173.846281

3173.846281

2902.270909

2894.137803

3204.269568

3055.189072

2925.844932

2809.971725

2805.496769

2836.034790

2858.919905

2857.122829

2839.009895

2829.959238

2832.367034

2840.945813

2845.217588

2842.580397

2838.382770

2836.511230

2838.183195

2839.642915

2838.747153

2835.612260

2832.656728

2831.619928

2832.372560

2833.488681

2833.699145

2832.840298

2832.029110

2832.248935

2832.458425

2832.820031

2832.553703

2831.608117

2830.840349

2831.592150

2834.307388

2837.706775

2839.322376

2837.919818

2835.743385

2836.247614

2841.403268

2846.579033

2846.242666

2839.521195

2835.430660

2846.495506

2868.443407

2878.563731

2845.996371

2766.717079

2712.882606

2725.880910

2931.603461

3124.723733

3363.043399

2851.457727

2982.309106

2982.309106

2851.457727

3363.043399

3124.723733

2931.603461

2725.880910

2712.882606

2766.717079

2845.996371

2878.563731

2868.443407

2846.495506

2835.430660

2839.521195

2846.242666

2846.579033

2841.403268

2836.247614

2835.743385

2837.919818

2839.322376

2837.706775

2834.307388

2831.592150

2830.840349

2831.608117

2832.553703

2832.820031

2832.458425

2832.248935

2832.415665

2831.973525

2831.934292

2831.762980

2831.127093

2830.389954

2830.629698

2832.864278

2836.326003

2838.701181

2837.874689

2834.956842

2834.286001

2839.019630

2846.940919

2850.506896

2845.159220

2838.620750

2845.424186

2873.794779

2904.088009

2892.012901

2819.463704

2695.271457

2639.718870

2661.273332

2899.438000

3084.720734

3385.009188

3037.706621

3037.706621

3385.009188

3084.720734

2899.438000

2661.273332

2639.718870

2695.271457

2819.463704

2892.012901

2904.088009

2873.794779

2845.424186

2838.620750

2845.159220

2850.506896

2846.940919

2839.019630

2834.286001

2834.956842

2837.874689

2838.701181

2836.326003

2832.864278

2830.629698

2830.389954

2831.127093

2831.762980

2831.934292

2831.973525

2832.415665

2832.264792

2831.459437

2831.215679

2831.239855

2830.966841

2830.243317

2830.035490

2831.601227

2835.104475

2838.216575

2838.241505

2834.884410

2832.447150

2835.787446

2845.175992

2852.429121

2850.164677

2839.263671

2838.404975

2862.972911

2910.257238

2945.386483

2913.923918

2821.131058

2684.696508

2628.766321

2622.663342

2751.579016

2781.194188

2629.333081

2629.333081

2781.194188

2751.579016

2622.663342

2628.766321

2684.696508

2821.131058

2913.923918

2945.386483

2910.257238

2862.972911

2838.404975

2839.263671

2850.164677

2852.429121

2845.175992

2835.787446

2832.447150

2834.884410

2838.241505

2838.216575

2835.104475

2831.601227

2830.035490

2830.243317

2830.966841

2831.239855

2831.215679

2831.459437

2832.264792

2831.715175

2830.958846

2830.750625

2830.971684

2830.990435

2830.420275

2829.919774

2831.051179

2834.340625

2838.107547

2838.885421

2835.487496

2831.003671

2832.061324

2840.603324

2851.793754

2852.980310

2842.682446

2830.301599

2842.378748

2888.103381

2953.116769

2995.171048

2967.345918

2888.695007

2779.643909

2723.438859

2696.199619

2669.707552

2828.949104

2828.949104

2669.707552

2696.199619

2723.438859

2779.643909

2888.695007

2967.345918

2995.171048

2953.116769

2888.103381

2842.378748

2830.301599

2842.682446

2852.980310

2851.793754

2840.603324

2832.061324

2831.003671

2835.487496

2838.885421

2838.107547

2834.340625

2831.051179

2829.919774

2830.420275

2830.990435

2830.971684

2830.750625

2830.958846

2831.715175

2830.791962

2830.476812

2830.480548

2830.810668

2831.045941

2830.762838

2830.410191

2831.267431

2834.210011

2837.937146

2839.343694

2836.102797

2830.520472

2828.378384

2835.194954

2846.990329

2854.977695

2847.227012

2831.894880

2824.199349

2850.730837

2910.678821

2984.796331

3035.194463

3033.254980

2998.225551

2948.714339

2925.958712

2928.506628

2930.809611

2930.809611

2928.506628

2925.958712

2948.714339

2998.225551

3033.254980

3035.194463

2984.796331

2910.678821

2850.730837

2824.199349

2831.894880

2847.227012

2854.977695

2846.990329

2835.194954

2828.378384

2830.520472

2836.102797

2839.343694

2837.937146

2834.210011

2831.267431

2830.410191

2830.762838

2831.045941

2830.810668

2830.480548

2830.476812

2830.791962

2829.672424

2829.995069

2830.253381

2830.596444

2830.954618

2831.119821

2831.243918

2832.078104

2834.338777

2837.364524

2838.855924

2836.483818

2830.918213

2827.067675

2830.084234

2841.366444

2852.046657

2853.723214

2839.437917

2823.879403

2821.390784

2851.561240

2907.201033

2970.650337

3018.732733

3030.373506

3025.755574

2976.747956

2936.175709

2895.891633

2895.891633

2936.175709

2976.747956

3025.755574

3030.373506

3018.732733

2970.650337

2907.201033

2851.561240

2821.390784

2823.879403

2839.437917

2853.723214

2852.046657

2841.366444

2830.084234

2827.067675

2830.918213

2836.483818

2838.855924

2837.364524

2834.338777

2832.078104

2831.243918

2831.119821

2830.954618

2830.596444

2830.253381

2829.995069

2829.672424

2828.589341

2829.462615

2829.943168

2830.224933

2830.641318

2831.267756

2832.005229

2832.979381

2834.425643

2836.340606

2837.506200

2836.428371

2832.564218

2828.480335

2828.676735

2835.518927

2846.987985

2853.638981

2850.283966

2834.405702

2819.844583

2816.376486

2833.982626

2867.436076

2898.338993

2921.880177

2902.242329

2873.452117

2816.957691

2787.317731

2787.317731

2816.957691

2873.452117

2902.242329

2921.880177

2898.338993

2867.436076

2833.982626

2816.376486

2819.844583

2834.405702

2850.283966

2853.638981

2846.987985

2835.518927

2828.676735

2828.480335

2832.564218

2836.428371

2837.506200

2836.340606

2834.425643

2832.979381

2832.005229

2831.267756

2830.641318

2830.224933

2829.943168

2829.462615

2828.589341

2827.717677

2828.893573

2829.475387

2829.715007

2830.136761

2831.039865

2832.286201

2833.457286

2834.465791

2835.345792

2836.202062

2836.175561

2834.750396

2832.053977

2830.570394

2833.052901

2840.079737

2848.871718

2852.423623

2847.845969

2834.511334

2820.723786

2813.305600

2813.372054

2822.508411

2818.876770

2812.770350

2780.341943

2753.769959

2730.179927

2730.179927

2753.769959

2780.341943

2812.770350

2818.876770

2822.508411

2813.372054

2813.305600

2820.723786

2834.511334

2847.845969

2852.423623

2848.871718

2840.079737

2833.052901

2830.570394

2832.053977

2834.750396

2836.175561

2836.202062

2835.345792

2834.465791

2833.457286

2832.286201

2831.039865

2830.136761

2829.715007

2829.475387

2828.893573

2827.717677

2827.186325

2828.293401

2828.885391

2829.158802

2829.556901

2830.455626

2831.827066

2833.306818

2834.422340

2835.191332

2835.704828

2836.201308

2836.068103

2835.253597

2833.900056

2833.881398

2836.566949

2842.049790

2848.173516

2850.927308

2848.614982

2841.632816

2832.927384

2827.883405

2822.136742

2821.297187

2810.584003

2801.513967

2785.744791

2777.803047

2777.803047

2785.744791

2801.513967

2810.584003

2821.297187

2822.136742

2827.883405

2832.927384

2841.632816

2848.614982

2850.927308

2848.173516

2842.049790

2836.566949

2833.881398

2833.900056

2835.253597

2836.068103

2836.201308

2835.704828

2835.191332

2834.422340

2833.306818

2831.827066

2830.455626

2829.556901

2829.158802

2828.885391

2828.293401

2827.186325

2826.977350

2827.731646

2828.256727

2828.664737

2829.072378

2829.660632

2830.745699

2832.389325

2834.257514

2835.701978

2836.378824

2836.229585

2835.866660

2835.570062

2835.933126

2836.749196

2838.408051

2840.726191

2843.655112

2846.913683

2849.753626

2852.402610

2855.258776

2858.229323

2863.226111

2866.418364

2870.639721

2870.923472

2871.200224

2870.234145

2870.234145

2871.200224

2870.923472

2870.639721

2866.418364

2863.226111

2858.229323

2855.258776

2852.402610

2849.753626

2846.913683

2843.655112

2840.726191

2838.408051

2836.749196

2835.933126

2835.570062

2835.866660

2836.229585

2836.378824

2835.701978

2834.257514

2832.389325

2830.745699

2829.660632

2829.072378

2828.664737

2828.256727

2827.731646

2826.977350

2827.061780

2827.324591

2827.661166

2828.345028

2828.764091

2828.869878

2829.333808

2830.865238

2833.436318

2835.998289

2837.095085

2836.208871

2834.321883

2833.625416

2835.460101

2839.686718

2844.055177

2846.442601

2846.259996

2844.713005

2845.265106

2849.203995

2858.515208

2870.679072

2885.192937

2898.757013

2911.356463

2920.790323

2927.979592

2931.298031

2931.298031

2927.979592

2920.790323

2911.356463

2898.757013

2885.192937

2870.679072

2858.515208

2849.203995

2845.265106

2844.713005

2846.259996

2846.442601

2844.055177

2839.686718

2835.460101

2833.625416

2834.321883

2836.208871

2837.095085

2835.998289

2833.436318

2830.865238

2829.333808

2828.869878

2828.764091

2828.345028

2827.661166

2827.324591

2827.061780

2827.350027

2826.960374

2827.365962

2828.147789

2828.445105

2828.214843

2828.084452

2829.101254

2831.653080

2834.738572

2836.472235

2835.709311

2833.418278

2832.265726

2834.833700

2841.175156

2848.634229

2853.551510

2853.534159

2850.629836

2847.406770

2849.773032

2856.974068

2871.479191

2886.887678

2904.813110

2918.792054

2932.186652

2940.207359

2945.286962

2945.286962

2940.207359

2932.186652

2918.792054

2904.813110

2886.887678

2871.479191

2856.974068

2849.773032

2847.406770

2850.629836

2853.534159

2853.551510

2848.634229

2841.175156

2834.833700

2832.265726

2833.418278

2835.709311

2836.472235

2834.738572

2831.653080

2829.101254

2828.084452

2828.214843

2828.445105

2828.147789

2827.365962

2826.960374

2827.350027

2827.660917

2826.932885

2827.328649

2827.722670

2827.952768

2827.802606

2827.542444

2827.870453

2829.315575

2831.598430

2833.697881

2834.701123

2834.657825

2834.913838

2836.973865

2841.485821

2847.497627

2852.869052

2856.777794

2858.402304

2861.239921

2864.905706

2874.099421

2884.401093

2899.751410

2913.005015

2928.656437

2939.747049

2949.976281

2954.467812

2954.467812

2949.976281

2939.747049

2928.656437

2913.005015

2899.751410

2884.401093

2874.099421

2864.905706

2861.239921

2858.402304

2856.777794

2852.869052

2847.497627

2841.485821

2836.973865

2834.913838

2834.657825

2834.701123

2833.697881

2831.598430

2829.315575

2827.870453

2827.542444

2827.802606

2827.952768

2827.722670

2827.328649

2826.932885

2827.660917

2828.398587

2827.771847

2827.543404

2827.385703

2827.449355

2827.804994

2828.077845

2827.982751

2827.691183

2827.951616

2829.808208

2833.416792

2837.958265

2841.405611

2842.485572

2841.325374

2840.015894

2841.913625

2848.347361

2860.692881

2875.085970

2891.619961

2905.255523

2919.622141

2931.507479

2946.206266

2959.613008

2974.241194

2984.811152

2991.368057

2991.368057

2984.811152

2974.241194

2959.613008

2946.206266

2931.507479

2919.622141

2905.255523

2891.619961

2875.085970

2860.692881

2848.347361

2841.913625

2840.015894

2841.325374

2842.485572

2841.405611

2837.958265

2833.416792

2829.808208

2827.951616

2827.691183

2827.982751

2828.077845

2827.804994

2827.449355

2827.385703

2827.543404

2827.771847

2828.398587

