AXIS X

0.000000 0.000500 0.001000 0.001500 0.002000 0.002500 0.003000 0.003500 0.004000 0.004500 0.005000 0.005500 0.006000 0.006500 0.007000 0.007500 0.008000 0.008500 0.009000 0.009500 0.010000 0.010500 0.011000 0.011500 0.012000 0.012500 0.013000 0.013500 0.014000 0.014500 0.015000 0.015500 0.016000 0.016500 0.017000 0.017500 0.018000 0.018500 0.019000 0.019500 0.020000 0.020500 0.021000 0.021500 0.022000 0.022500 0.023000 0.023500 0.024000 0.024500 0.025000 0.025500 0.026000 0.026500 0.027000 0.027500 0.028000 0.028500 0.029000 0.029500 

AXIS Y

0.000000 0.000500 0.001000 0.001500 0.002000 0.002500 0.003000 0.003500 0.004000 0.004500 0.005000 0.005500 0.006000 0.006500 0.007000 0.007500 0.008000 0.008500 0.009000 0.009500 0.010000 0.010500 0.011000 0.011500 0.012000 0.012500 0.013000 0.013500 0.014000 0.014500 0.015000 0.015500 0.016000 0.016500 0.017000 0.017500 0.018000 0.018500 0.019000 0.019500 0.020000 0.020500 0.021000 0.021500 0.022000 0.022500 0.023000 0.023500 0.024000 0.024500 0.025000 0.025500 0.026000 0.026500 0.027000 0.027500 0.028000 0.028500 0.029000 0.029500 



DATA
34517.890329

34516.654939

34508.660584

34504.776497

34510.619376

34538.144257

34602.616259

34714.467084

34868.363925

35046.676557

35213.302423

35328.107188

35347.623276

35243.596677

35003.327072

34642.004551

34197.958520

33733.512696

33328.552984

33069.829599

33053.038798

33358.704296

34076.043817

35242.665837

36905.600071

38933.996224

41212.511117

42947.008259

44038.692819

42850.443430

42850.443430

44038.692819

42947.008259

41212.511117

38933.996224

36905.600071

35242.665837

34076.043817

33358.704296

33053.038798

33069.829600

33328.552984

33733.512696

34197.958520

34642.004551

35003.327072

35243.596677

35347.623276

35328.107188

35213.302423

35046.676557

34868.363925

34714.467084

34602.616259

34538.144257

34510.619376

34504.776497

34508.660584

34516.654939

34517.890329

34529.546158

34527.032305

34501.727301

34489.504959

34510.829074

34553.270362

34612.910482

34678.751696

34743.225422

34793.955963

34824.550793

34823.863800

34789.005819

34715.298022

34611.713870

34490.111131

34377.773366

34303.550295

34304.494241

34414.314916

34665.126046

35087.175355

35699.071637

36527.136509

37563.860706

38841.688685

40303.270372

42070.965410

44312.376206

43344.748512

43344.748512

44312.376206

42070.965410

40303.270372

38841.688685

37563.860706

36527.136509

35699.071637

35087.175355

34665.126046

34414.314916

34304.494241

34303.550295

34377.773366

34490.111131

34611.713870

34715.298022

34789.005819

34823.863800

34824.550793

34793.955963

34743.225422

34678.751696

34612.910482

34553.270362

34510.829074

34489.504959

34501.727301

34527.032305

34529.546158

34524.433338

34514.770997

34496.208237

34490.338002

34515.184450

34567.475185

34619.846867

34654.717540

34657.535011

34631.416738

34585.734534

34543.008193

34522.123222

34546.656232

34629.971380

34787.335386

35020.857870

35331.522549

35704.244446

36122.791302

36562.236839

37008.724941

37457.860723

37928.745949

38459.815725

39113.215512

39952.469134

41070.768893

41697.003145

40784.769286

40784.769286

41697.003145

41070.768893

39952.469134

39113.215512

38459.815725

37928.745949

37457.860723

37008.724941

36562.236839

36122.791302

35704.244446

35331.522549

35020.857870

34787.335386

34629.971380

34546.656232

34522.123222

34543.008193

34585.734534

34631.416738

34657.535011

34654.717540

34619.846867

34567.475185

34515.184450

34490.338002

34496.208237

34514.770997

34524.433338

34500.260243

34508.392916

34519.351971

34529.802803

34558.129211

34601.907109

34644.624547

34661.946066

34646.279265

34601.109919

34550.617135

34523.483273

34556.336141

34674.683451

34899.757106

35231.199820

35658.816427

36147.184576

36655.606334

37129.717279

37533.735818

37843.923364

38078.709472

38269.581174

38475.133408

38718.854684

39005.764688

39152.767003

38916.013921

37947.102901

37947.102901

38916.013921

39152.767003

39005.764688

38718.854684

38475.133408

38269.581174

38078.709472

37843.923364

37533.735818

37129.717279

36655.606334

36147.184576

35658.816427

35231.199820

34899.757106

34674.683451

34556.336141

34523.483273

34550.617135

34601.109919

34646.279265

34661.946066

34644.624547

34601.907109

34558.129211

34529.802803

34519.351971

34508.392916

34500.260243

34470.198899

34501.901553

34554.276836

34593.259052

34629.871506

34669.836668

34705.709277

34727.535980

34726.694251

34710.527433

34693.903386

34705.143749

34769.232925

34911.277123

35137.907677

35445.356481

35804.390753

36179.192493

36520.167319

36795.897618

36986.985764

37114.952989

37213.574010

37335.055289

37496.686333

37673.678492

37761.086377

37585.384266

36918.872569

35497.926919

35497.926919

36918.872569

37585.384266

37761.086377

37673.678492

37496.686333

37335.055289

37213.574010

37114.952989

36986.985764

36795.897618

36520.167319

36179.192493

35804.390753

35445.356481

35137.907677

34911.277123

34769.232925

34705.143749

34693.903386

34710.527433

34726.694251

34727.535980

34705.709277

34669.836668

34629.871506

34593.259052

34554.276836

34501.901553

34470.198899

34444.615202

34501.050235

34584.748845

34658.156294

34715.117985

34765.692941

34813.628553

34855.940282

34889.675354

34911.482257

34927.205200

34943.596744

34974.213213

35024.839220

35099.347724

35185.929239

35271.537768

35334.942050

35371.126897

35384.397110

35408.381393

35482.934165

35655.089544

35942.386219

36318.515735

36697.704869

36911.777316

36736.472000

35821.986131

33699.444662

33699.444662

35821.986131

36736.472000

36911.777316

36697.704869

36318.515735

35942.386219

35655.089544

35482.934165

35408.381393

35384.397110

35371.126897

35334.942050

35271.537768

35185.929239

35099.347724

35024.839220

34974.213213

34943.596744

34927.205200

34911.482257

34889.675354

34855.940282

34813.628553

34765.692941

34715.117985

34658.156294

34584.748845

34501.050235

34444.615202

34438.070089

34504.560970

34611.608870

34714.897393

34805.828549

34886.831826

34963.551450

35034.513884

35091.313937

35124.323169

35122.048484

35080.096027

34994.411681

34868.193563

34701.905784

34503.785107

34283.000210

34065.156137

33883.602542

33789.331319

33831.339879

34053.682734

34470.547170

35054.176263

35726.907551

36340.952207

36700.967359

36502.754175

35342.908168

32630.357452

32630.357452

35342.908168

36502.754175

36700.967359

36340.952207

35726.907551

35054.176263

34470.547170

34053.682734

33831.339879

33789.331319

33883.602542

34065.156137

34283.000210

34503.785107

34701.905784

34868.193563

34994.411681

35080.096027

35122.048484

35124.323169

35091.313937

35034.513884

34963.551450

34886.831826

34805.828549

34714.897393

34611.608870

34504.560970

34438.070089

34458.190310

34518.889810

34636.197351

34771.063880

34904.746956

35031.802415

35144.253332

35230.958759

35276.033035

35261.596727

35175.152592

35008.422015

34764.020719

34449.001904

34082.397444

33689.829522

33313.441922

33003.598951

32822.138835

32825.120689

33057.069835

33531.988796

34224.050776

35061.722291

35917.719152

36627.029731

36957.097582

36620.963410

35202.092600

32186.842719

32186.842719

35202.092600

36620.963411

36957.097582

36627.029731

35917.719152

35061.722291

34224.050776

33531.988796

33057.069835

32825.120689

32822.138835

33003.598951

33313.441922

33689.829522

34082.397444

34449.001904

34764.020719

35008.422015

35175.152592

35261.596727

35276.033035

35230.958759

35144.253332

35031.802415

34904.746956

34771.063880

34636.197351

34518.889810

34458.190310

34508.540367

34549.018290

34671.847918

34837.307613

35020.718581

35194.877634

35332.822041

35405.799896

35390.272047

35272.994202

35052.327329

34740.918120

34358.556732

33934.028120

33499.598847

33097.989212

32777.751584

32595.394809

32601.970103

32836.483536

33310.521216

34002.335349

34852.431491

35762.499818

36606.042665

37218.470139

37402.203019

36881.302206

35291.229404

32170.525502

32170.525502

35291.229404

36881.302206

37402.203019

37218.470139

36606.042665

35762.499818

34852.431491

34002.335349

33310.521216

32836.483536

32601.970103

32595.394809

32777.751584

33097.989212

33499.598847

33934.028120

34358.556732

34740.918120

35052.327329

35272.994202

35390.272047

35405.799896

35332.822041

35194.877634

35020.718581

34837.307613

34671.847918

34549.018290

34508.540367

34586.725815

34606.405402

34732.253281

34928.954122

35154.205116

35360.515922

35495.703816

35518.280081

35406.021559

35161.442040

34810.818679

34393.772987

33956.535679

33541.983565

33191.886526

32945.403106

32843.297715

32920.518974

33200.864676

33684.261868

34343.972318

35125.412184

35955.908022

36752.837932

37425.530173

37863.136993

37901.387493

37283.269880

35625.920756

32437.914643

32437.914643

35625.920756

37283.269880

37901.387493

37863.136993

37425.530173

36752.837932

35955.908022

35125.412184

34343.972318

33684.261868

33200.864676

32920.518974

32843.297715

32945.403106

33191.886526

33541.983565

33956.535679

34393.772987

34810.818679

35161.442040

35406.021559

35518.280081

35495.703816

35360.515922

35154.205116

34928.954122

34732.253281

34606.405402

34586.725815

34692.422520

34699.186474

34833.089761

35050.478873

35296.342644

35500.032244

35596.220108

35540.972308

35326.281833

34980.587071

34557.021441

34119.356209

33725.694883

33423.926082

33249.749935

33232.216185

33392.527458

33741.347392

34268.056120

34937.457000

35688.873801

36454.200998

37170.176748

37796.286296

38295.274931

38608.233134

38588.841990

37961.519890

36273.100137

32942.009095

32942.009095

36273.100138

37961.519890

38588.841990

38608.233134

38295.274931

37796.286296

37170.176748

36454.200998

35688.873801

34937.457000

34268.056120

33741.347392

33392.527458

33232.216185

33249.749935

33423.926082

33725.694883

34119.356209

34557.021441

34980.587071

35326.281833

35540.972308

35596.220108

35500.032244

35296.342644

35050.478873

34833.089761

34699.186474

34692.422520

34826.218685

34835.755763

34975.464268

35194.929819

35423.121941

35582.615497

35607.712337

35469.167615

35181.891925

34796.792479

34383.677435

34009.978277

33730.285997

33581.572314

33588.609881

33767.730580

34128.086870

34664.024203

35348.294056

36125.205036

36925.065108

37676.590482

38340.775076

38900.442405

39357.276631

39657.192518

39652.453453

39015.345966

37240.034750

33658.844239

33658.844239

37240.034750

39015.345966

39652.453453

39657.192518

39357.276631

38900.442405

38340.775076

37676.590482

36925.065108

36125.205036

35348.294056

34664.024203

34128.086870

33767.730580

33588.609881

33581.572314

33730.285997

34009.978277

34383.677435

34796.792479

35181.891925

35469.167615

35607.712337

35582.615497

35423.121941

35194.929820

34975.464269

34835.755763

34826.218685

34996.191372

35011.951101

35146.973536

35335.727453

35506.066484

35585.136754

35525.860049

35322.266473

35009.947952

34651.547634

34313.329601

34050.767932

33899.828801

33881.679472

34009.344004

34294.335670

34745.062972

35359.479876

36112.241240

36955.526414

37820.006826

38648.484041

39396.434255

40059.211513

40612.289726

40996.479363

41013.726373

40317.954823

38356.501003

34482.926227

34482.926227

38356.501003

40317.954823

41013.726373

40996.479363

40612.289726

40059.211513

39396.434255

38648.484041

37820.006826

36955.526414

36112.241240

35359.479876

34745.062972

34294.335670

34009.344004

33881.679472

33899.828801

34050.767932

34313.329601

34651.547634

35009.947952

35322.266473

35525.860049

35585.136754

35506.066484

35335.727453

35146.973536

35011.951101

34996.191372

35209.512120

35216.276332

35316.003142

35439.408555

35519.385383

35503.759064

35369.301860

35130.818888

34834.757939

34538.552852

34294.943106

34137.968874

34085.442173

34144.156946

34321.291456

34629.606376

35086.121115

35700.540257

36465.959015

37346.078735

38291.799741

39239.364194

40151.916533

40984.541275

41704.395411

42191.696857

42241.584885

41458.612179

39298.935521

35090.605570

35090.605570

39298.935521

41458.612179

42241.584885

42191.696857

41704.395411

40984.541275

40151.916533

39239.364194

38291.799741

37346.078735

36465.959015

35700.540257

35086.121115

34629.606376

34321.291456

34144.156946

34085.442173

34137.968874

34294.943106

34538.552852

34834.757939

35130.818888

35369.301860

35503.759064

35519.385383

35439.408555

35316.003142

35216.276332

35209.512120

35469.662576

35424.827173

35449.048705

35475.436785

35454.635471

35354.425178

35169.345836

34923.326152

34657.776565

34420.202211

34245.964989

34156.900179

34158.562390

34251.852269

34439.700569

34735.638077

35160.112975

35733.760447

36459.775931

37323.591524

38280.772864

39289.576952

40291.393059

41253.420766

42092.408727

42698.235178

42808.339570

42031.321926

39754.629259

35287.954677

35287.954677

39754.629259

42031.321926

42808.339570

42698.235178

42092.408727

41253.420766

40291.393059

39289.576952

38280.772864

37323.591524

36459.775931

35733.760447

35160.112975

34735.638077

34439.700569

34251.852269

34158.562390

34156.900179

34245.964989

34420.202211

34657.776565

34923.326152

35169.345836

35354.425178

35454.635471

35475.436785

35449.048705

35424.827173

35469.662576

35763.325349

35614.521974

35520.872696

35435.662017

35325.026771

35167.397441

34959.784246

34717.371944

34473.500342

34262.959774

34118.795936

34057.574532

34085.656982

34197.265223

34389.738459

34666.317875

35043.676323

35539.558463

36168.731604

36922.962441

37786.187178

38718.789972

39700.097976

40678.723293

41609.541510

42335.654625

42614.187086

41967.975505

39737.948729

35097.197491

35097.197491

39737.948729

41967.975505

42614.187086

42335.654625

41609.541510

40678.723293

39700.097976

38718.789972

37786.187178

36922.962441

36168.731604

35539.558463

35043.676323

34666.317875

34389.738459

34197.265223

34085.656982

34057.574532

34118.795936

34262.959774

34473.500342

34717.371944

34959.784246

35167.397441

35325.026771

35435.662017

35520.872696

35614.521974

35763.325349

36059.757502

35764.250561

35530.633850

35338.446661

35163.762121

34980.293628

34768.115469

34530.298033

34286.840115

34076.514688

33932.089923

33879.455145

33919.348064

34042.540811

34229.454622

34474.350356

34780.781314

35169.389502

35654.679238

36249.607293

36946.116465

37745.726453

38632.406700

39609.720811

40611.300288

41523.313486

42028.802049

41637.523937

39547.945674

34826.260745

34826.260745

39547.945674

41637.523937

42028.802049

41523.313486

40611.300288

39609.720811

38632.406700

37745.726453

36946.116465

36249.607293

35654.679238

35169.389502

34780.781314

34474.350356

34229.454622

34042.540811

33919.348064

33879.455145

33932.089923

34076.514688

34286.840115

34530.298033

34768.115469

34980.293628

35163.762121

35338.446661

35530.633850

35764.250561

36059.757502

36311.981193

35863.705607

35498.343993

35223.053553

35014.844235

34827.184889

34621.814157

34382.245931

34132.038964

33908.744226

33758.779528

33700.948297

33737.443216

33841.316408

33992.229865

34172.650495

34394.894339

34675.354597

35042.075774

35505.607976

36080.651999

36771.267967

37604.950344

38582.487941

39691.400045

40776.192223

41546.571707

41397.896381

39481.074219

34719.386706

34719.386706

39481.074219

41397.896381

41546.571707

40776.192223

39691.400045

38582.487941

37604.950344

36771.267967

36080.651999

35505.607976

35042.075774

34675.354597

34394.894339

34172.650495

33992.229865

33841.316408

33737.443216

33700.948297

33758.779528

33908.744226

34132.038964

34382.245931

34621.814157

34827.184889

35014.844235

35223.053553

35498.343993

35863.705607

36311.981193

36470.997397

35909.179566

35454.034155

35133.358457

34915.580017

34738.832288

34541.434138

34306.512553

34050.693649

33824.694674

33662.466046

33586.188826

33577.522587

33619.919159

33687.783565

33791.069703

33941.775522

34174.146577

34499.933824

34932.497741

35469.167221

36129.379792

36937.640057

37936.501607

39104.406169

40337.003372

41282.455188

41345.049265

39513.985389

34609.842658

34609.842658

39513.985389

41345.049265

41282.455188

40337.003372

39104.406169

37936.501607

36937.640057

36129.379792

35469.167221

34932.497741

34499.933824

34174.146577

33941.775522

33791.069703

33687.783565

33619.919159

33577.522587

33586.188826

33662.466046

33824.694674

34050.693649

34306.512553

34541.434138

34738.832288

34915.580017

35133.358457

35454.034155

35909.179566

36470.997397

36501.820109

35900.914849

35421.544078

35095.993733

34890.934408

34728.656093

34548.915789

34323.666726

34080.316929

33850.553981

33671.668184

33539.673790

33452.747917

33389.813153

33369.304304

33404.702980

33540.174354

33785.208159

34150.978928

34613.853696

35168.132191

35818.837929

36611.267206

37593.149795

38788.734234

40082.646490

41167.907475

41340.024669

39537.457481

34373.175293

34373.175293

39537.457481

41340.024669

41167.907475

40082.646490

38788.734234

37593.149795

36611.267206

35818.837929

35168.132191

34613.853696

34150.978928

33785.208159

33540.174354

33404.702980

33369.304304

33389.813153

33452.747917

33539.673790

33671.668184

33850.553981

34080.316929

34323.666726

34548.915789

34728.656093

34890.934408

35095.993733

35421.544078

35900.914849

36501.820109

36394.126235

35839.904613

35403.455985

35116.059655

34937.965766

34802.714332

34643.597453

34445.113693

34211.632689

33978.549196

33752.563562

33549.820639

33359.113248

33209.025534

33114.876087

33131.510386

33270.056768

33551.464240

33941.426273

34423.573937

34972.237688

35611.138184

36389.178675

37380.429623

38614.734953

40015.482624

41230.582167

41539.963993

39646.466570

34085.888574

34085.888574

39646.466570

41539.963993

41230.582167

40015.482624

38614.734953

37380.429623

36389.178675

35611.138184

34972.237688

34423.573937

33941.426273

33551.464240

33270.056768

33131.510386

33114.876087

33209.025534

33359.113248

33549.820639

33752.563562

33978.549196

34211.632689

34445.113693

34643.597453

34802.714332

34937.965766

35116.059655

35403.455985

35839.904613

36394.126235

36167.730559

35723.557637

35386.488533

35168.691595

35042.002744

34940.874848

34819.010815

34640.686287

34416.646113

34149.919032

33871.979977

33586.702422

33333.618398

33124.640271

33013.046755

33004.262982

33131.543651

33366.696978

33714.001964

34143.170543

34676.269676

35335.630517

36192.615158

37309.125809

38728.567348

40351.272203

41825.367686

42275.176204

40266.835491

34012.714719

34012.714719

40266.835491

42275.176204

41825.367686

40351.272203

38728.567348

37309.125809

36192.615158

35335.630517

34676.269676

34143.170543

33714.001964

33366.696978

33131.543651

33004.262982

33013.046755

33124.640271

33333.618398

33586.702422

33871.979977

34149.919032

34416.646113

34640.686288

34819.010815

34940.874848

35042.002744

35168.691595

35386.488533

35723.557637

36167.730560

35857.812829

35554.149002

35342.100990

35224.628139

35166.540446

35123.884094

35035.938273

34878.751606

34631.689371

34327.057328

33984.943691

33664.320565

33379.867690

33174.777408

33033.259283

32983.196992

33000.940940

33126.303665

33355.922610

33747.407144

34313.865111

35118.375159

36183.859560

37578.789475

39295.932038

41252.717492

43017.227819

43633.398760

41361.621066

34410.718383

34410.718383

41361.621066

43633.398760

43017.227819

41252.717492

39295.932038

37578.789475

36183.859560

35118.375159

34313.865111

33747.407144

33355.922610

33126.303665

33000.940940

32983.196992

33033.259283

33174.777408

33379.867690

33664.320565

33984.943691

34327.057328

34631.689371

34878.751606

35035.938273

35123.884094

35166.540446

35224.628139

35342.100990

35554.149002

35857.812829

35508.558827

35333.853560

35254.073768

35248.325844

35288.031550

35310.378511

35266.244205

35101.776729

34828.020686

34467.226273

34100.594155

33762.953867

33500.997817

33278.569129

33099.896537

32926.688918

32819.386407

32808.112842

33002.408160

33433.024682

34170.388526

35185.717356

36523.863174

38145.679371

40105.018751

42241.983783

44175.321569

44787.563115

42198.349601

34298.576760

34298.576761

42198.349601

44787.563115

44175.321569

42241.983783

40105.018751

38145.679371

36523.863174

35185.717356

34170.388526

33433.024682

33002.408160

32808.112842

32819.386407

32926.688918

33099.896537

33278.569129

33500.997817

33762.953867

34100.594155

34467.226273

34828.020686

35101.776729

35266.244205

35310.378511

35288.031550

35248.325844

35254.073768

35333.853560

35508.558827

35149.670768

35078.841129

35113.839494

35232.233845

35376.005414

35480.683681

35461.101928

35290.696030

34970.154826

34586.440329

34200.505334

33885.025854

33608.586169

33358.873113

33071.872896

32802.025451

32593.525027

32594.518928

32861.762763

33479.369346

34384.227982

35582.220427

36958.278439

38600.961447

40431.162261

42489.674924

44266.082115

44718.028491

41767.440059

33340.191771

33340.191771

41767.440059

44718.028491

44266.082115

42489.674924

40431.162261

38600.961447

36958.278439

35582.220427

34384.227982

33479.369346

32861.762763

32594.518928

32593.525027

32802.025451

33071.872896

33358.873113

33608.586169

33885.025854

34200.505334

34586.440329

34970.154826

35290.696030

35461.101928

35480.683681

35376.005414

35232.233845

35113.839494

35078.841129

35149.670768

34803.841757

34804.223108

34941.583262

35173.465084

35430.684290

35601.145698

35610.062514

35414.245805

35077.786780

34672.488554

34302.254429

33965.734430

33660.694891

33310.791017

32954.103224

32626.106950

32487.673176

32610.072773

33085.521330

33836.479583

34830.330315

35898.670282

37113.510167

38395.695796

40005.460801

41741.357635

43379.227323

43617.161448

40426.304527

31702.527948

31702.527948

40426.304527

43617.161448

43379.227323

41741.357635

40005.460801

38395.695796

37113.510167

35898.670282

34830.330315

33836.479583

33085.521330

32610.072773

32487.673176

32626.106950

32954.103224

33310.791017

33660.694891

33965.734430

34302.254429

34672.488554

35077.786780

35414.245805

35610.062514

35601.145698

35430.684290

35173.465084

34941.583262

34804.223108

34803.841757

34473.885717

34535.528087

34756.490316

35096.424681

35442.661928

35675.073901

35688.806619

35492.337771

35140.193968

34751.962369

34362.970570

33999.996532

33596.904215

33184.434723

32782.876541

32549.221555

32552.409098

32886.914120

33471.742590

34249.197569

35043.937823

35898.098586

36753.574990

37944.188802

39388.929200

41313.078161

42952.028721

43252.949123

39818.586842

30450.617223

30450.617223

39818.586842

43252.949123

42952.028721

41313.078161

39388.929200

37944.188802

36753.574990

35898.098586

35043.937823

34249.197569

33471.742590

32886.914120

32552.409098

32549.221555

32782.876541

33184.434723

33596.904215

33999.996532

34362.970570

34751.962369

35140.193968

35492.337771

35688.806619

35675.073901

35442.661928

35096.424681

34756.490316

34535.528087

34473.885717

34166.230164

34285.955231

34587.931803

35009.568674

35429.311554

35690.652171

35720.095101

35517.503048

35187.384858

34792.970645

34393.565562

33947.487372

33487.050830

33022.463903

32703.173376

32587.991396

32775.244838

33182.747003

33752.657052

34334.545843

34952.610548

35610.655920

36625.581079

38009.221682

40128.638043

42458.403314

44664.384254

44840.178079

40843.321509

30724.634073

30724.634073

40843.321509

44840.178079

44664.384254

42458.403314

40128.638043

38009.221682

36625.581079

35610.655920

34952.610548

34334.545843

33752.657052

33182.747003

32775.244838

32587.991396

32703.173376

33022.463903

33487.050830

33947.487372

34393.565562

34792.970645

35187.384858

35517.503048

35720.095101

35690.652171

35429.311554

35009.568674

34587.931803

34285.955231

34166.230164

33880.063541

34070.262168

34441.816741

34930.010115

35386.294630

35671.643370

35702.650386

35523.358623

35198.043990

34811.280124

34355.150995

33867.064659

33352.446321

32949.140503

32707.342131

32733.378749

32944.710050

33309.259319

33706.049078

34171.699717

34774.404983

35773.007463

37285.410440

39624.915564

42434.964492

45629.288606

47701.955205

47389.781746

41955.323028

30009.402146

30009.402146

41955.323028

47389.781746

47701.955205

45629.288606

42434.964492

39624.915564

37285.410440

35773.007463

34774.404983

34171.699717

33706.049078

33309.259319

32944.710050

32733.378749

32707.342131

32949.140503

33352.446321

33867.064659

34355.150995

34811.280124

35198.043990

35523.358624

35702.650386

35671.643370

35386.294630

34930.010115

34441.816741

34070.262168

33880.063541

33627.418485

33887.498995

34323.177112

34848.873109

35328.298524

35617.405375

35668.645303

35499.939610

35192.181183

34772.027703

34288.975394

33753.610124

33285.377611

32929.784752

32796.381078

32806.395219

32963.821565

33166.791621

33497.141001

34051.108678

35041.794036

36654.949106

39066.183967

42111.763049

45601.555202

48360.545988

49590.366860

47183.912048

40085.536296

27414.424555

27414.424555

40085.536296

47183.912048

49590.366860

48360.545989

45601.555202

42111.763049

39066.183967

36654.949106

35041.794036

34051.108678

33497.141001

33166.791621

32963.821565

32806.395219

32796.381078

32929.784752

33285.377611

33753.610124

34288.975394

34772.027703

35192.181183

35499.939610

35668.645303

35617.405375

35328.298524

34848.873109

34323.177112

33887.498995

33627.418485

33415.114494

33740.061919

34218.968499

34767.365601

35248.257880

35549.622040

35612.856106

35466.690670

35143.847028

34704.910883

34180.592221

33675.842818

33240.538443

32975.335380

32811.522884

32773.533641

32769.814510

32936.725148

33360.148202

34252.057727

35779.836612

38023.125843

40996.406731

44356.274792

47337.300261

48987.554521

47886.506066

43620.350277

35112.877048

23162.826175

23162.826175

35112.877048

43620.350277

47886.506066

48987.554521

47337.300261

44356.274792

40996.406731

38023.125843

35779.836612

34252.057727

33360.148202

32936.725148

32769.814510

32773.533641

32811.522884

32975.335380

33240.538443

33675.842818

34180.592221

34704.910883

35143.847028

35466.690670

35612.856106

35549.622040

35248.257880

34767.365601

34218.968499

33740.061919

33415.114494

33255.392286

33623.037511

34126.816089

34675.238493

35156.575288

35462.780224

35548.058536

35403.449291

35071.353332

34597.843714

34084.382173

33602.078809

33241.997760

32956.181717

32758.732457

32565.167489

32536.335323

32737.578644

33407.356922

34622.424905

36469.044770

39060.700469

42167.104418

45541.688852

47993.066356

48459.231025

46022.203998

40397.222357

32018.592106

20150.011597

20150.011597

32018.592106

40397.222357

46022.203998

48459.231025

47993.066356

45541.688852

42167.104418

39060.700469

36469.044770

34622.424905

33407.356922

32737.578644

32536.335323

32565.167489

32758.732457

32956.181717

33241.997760

33602.078809

34084.382173

34597.843714

35071.353332

35403.449291

35548.058536

35462.780224

35156.575288

34675.238493

34126.816089

33623.037511

33255.392286

33150.057239

33539.163627

34041.932919

34579.978661

35050.435066

35365.577510

35458.338281

35316.418050

34963.549372

34488.777472

33989.425718

33563.703673

33203.284922

32896.955829

32567.898342

32346.374528

32293.164037

32653.358380

33403.841761

34673.570796

36563.523641

39246.509092

43035.267764

47127.791638

50682.190582

51336.111802

48686.855864

42875.358991

34174.590024

23391.810907

23391.810907

34174.590024

42875.358991

48686.855864

51336.111802

50682.190582

47127.791638

43035.267764

39246.509092

36563.523641

34673.570796

33403.841761

32653.358380

32293.164037

32346.374528

32567.898342

32896.955829

33203.284922

33563.703673

33989.425718

34488.777472

34963.549372

35316.418050

35458.338281

35365.577510

35050.435066

34579.978661

34041.932919

33539.163627

33150.057239

33099.692024

33487.548940

33973.380387

34484.661320

34941.181646

35249.890201

35345.214628

35193.881620

34840.228868

34378.265097

33921.874466

33516.542851

33145.642206

32746.919669

32379.756625

32118.011248

32167.472657

32459.891048

33092.618211

34062.637463

35930.809652

39442.611317

44964.803047

52365.998618

58438.948989

60875.477096

57449.625662

50790.359994

42190.166620

28263.923742

28263.923742

42190.166620

50790.359994

57449.625662

60875.477096

58438.948989

52365.998618

44964.803047

39442.611317

35930.809652

34062.637463

33092.618211

32459.891048

32167.472657

32118.011248

32379.756625

32746.919669

33145.642206

33516.542851

33921.874466

34378.265097

34840.228868

35193.881620

35345.214628

35249.890201

34941.181646

34484.661320

33973.380387

33487.548940

33099.692025

33096.660251

33472.518232

33925.260968

34403.250958

34828.505808

35121.012151

35199.288900

35045.324435

34703.869884

34282.693907

33866.615973

33467.264233

33047.311292

32600.165594

32212.771600

32026.916179

32008.686056

32125.439086

32235.500585

32965.216353

35222.601543

40539.876396

49990.902453

61948.770834

71911.514968

72008.072635

64111.277771

53702.810712

44386.397678

34851.290900

34851.290900

44386.397678

53702.810712

64111.277771

72008.072635

71911.514969

61948.770834

49990.902453

40539.876396

35222.601543

32965.216353

32235.500585

32125.439086

32008.686056

32026.916179

32212.771600

32600.165594

33047.311292

33467.264233

33866.615973

34282.693907

34703.869884

35045.324435

35199.288900

35121.012151

34828.505808

34403.250958

33925.260968

33472.518232

33096.660251

33135.216880

33490.918929

33907.003684

34336.449037

34721.442742

34972.171029

35029.359590

34871.464839

34567.773029

34201.168726

33822.107633

33417.818517

32953.423374

32508.959183

32180.717876

32026.098723

31878.444286

31480.203660

31137.666843

31677.607619

35053.990948

43124.124629

57262.556325

74118.084258

81227.632748

71940.063208

53383.406219

38573.689026

31257.394671

24990.009214

24990.009214

31257.394671

38573.689026

53383.406219

71940.063208

81227.632748

74118.084258

57262.556325

43124.124629

35053.990948

31677.607619

31137.666843

31480.203660

31878.444286

32026.098723

32180.717876

32508.959183

32953.423374

33417.818517

33822.107633

34201.168726

34567.773029

34871.464839

35029.359590

34972.171029

34721.442742

34336.449037

33907.003684

33490.918929

33135.216880

33205.884506

33543.034074

33913.297280

34290.907462

34611.914426

34814.029637

34832.950870

34690.383868

34434.349254

34137.790144

33798.253719

33383.718501

32933.541486

32531.339435

32329.177886

32149.719194

31701.128707

30765.815133

29884.985843

30718.250567

35225.237777

46283.598025

64091.477485

80250.124659

78265.234567

55169.737672

32095.667999

19833.178796

14668.014533

13237.502439

13237.502439

14668.014533

19833.178796

32095.667999

55169.737672

78265.234567

80250.124659

64091.477485

46283.598025

35225.237777

30718.250567

29884.985843

30765.815133

31701.128707

32149.719194

32329.177886

32531.339435

32933.541486

33383.718501

33798.253719

34137.790144

34434.349254

34690.383868

34832.950870

34814.029637

34611.914426

34290.907462

33913.297280

33543.034074

33205.884506

33305.191414

33617.766763

33944.096926

34253.956747

34509.417640

34640.156761

34634.625951

34502.582620

34322.038917

34094.868312

33803.821760

33416.931519

33003.138505

32749.738793

32621.096824

32419.032494

31542.839249

30053.718716

28869.750830

29817.498921

35466.909865

47839.803285

66324.116050

77501.331693

64961.555562

39356.462415

19205.353115

9918.870864

8015.733356

8960.851690

8960.851690

8015.733356

9918.870864

19205.353115

39356.462415

64961.555562

77501.331693

66324.116050

47839.803285

35466.909865

29817.498921

28869.750830

30053.718716

31542.839249

32419.032494

32621.096824

32749.738793

33003.138505

33416.931519

33803.821760

34094.868312

34322.038917

34502.582620

34634.625951

34640.156761

34509.417640

34253.956747

33944.096926

33617.766763

33305.191414

33423.426866

33710.608448

33983.082817

34230.555920

34404.112968

34477.935453

34433.199160

34341.047476

34221.274750

34088.120692

33847.936493

33516.508465

33213.524007

33081.844371

33108.728287

32726.297641

31538.434237

29513.713798

28075.539002

29096.481468

34692.787926

47012.739999

62742.441691

69589.740367

55589.764851

32310.197689

17256.525848

9390.050452

6281.313603

7533.368147

7533.368147

6281.313603

9390.050452

17256.525848

32310.197689

55589.764851

69589.740367

62742.441691

47012.739999

34692.787926

29096.481468

28075.539002

29513.713798

31538.434237

32726.297641

33108.728287

33081.844371

33213.524007

33516.508465

33847.936493

34088.120692

34221.274750

34341.047476

34433.199160

34477.935453

34404.112968

34230.555920

33983.082817

33710.608448

33423.426866

33556.260239

33806.158102

34030.490982

34209.266607

34320.642193

34326.341413

34270.165608

34191.870186

34159.098581

34087.423878

33933.758912

33669.102431

33490.209259

33533.125397

33606.194338

33201.446165

31622.279467

29373.538953

27604.108184

28328.166935

33219.991113

43298.284245

56675.930411

62349.841826

53097.839232

35473.596544

21525.072683

14969.657796

11287.007952

16257.085499

16257.085499

11287.007952

14969.657796

21525.072683

35473.596544

53097.839232

62349.841826

56675.930411

43298.284245

33219.991113

28328.166935

27604.108184

29373.538953

31622.279467

33201.446165

33606.194338

33533.125397

33490.209259

33669.102431

33933.758912

34087.423878

34159.098581

34191.870186

34270.165608

34326.341413

34320.642193

34209.266607

34030.490982

33806.158102

33556.260239

33688.585767

33901.436033

34076.224606

34208.297868

34258.315665

34225.641975

34135.421582

34090.903894

34091.800643

34109.766013

34000.120524

33845.965391

33772.467758

33960.957522

34147.668540

33664.558679

32065.420889

29552.552146

27678.493966

27711.452170

31192.192551

38766.210517

49117.841495

57485.615582

54999.519731

43135.173351

28341.710391

18345.450293

10891.064713

11153.605789

11153.605789

10891.064713

18345.450293

28341.710391

43135.173351

54999.519731

57485.615582

49117.841495

38766.210517

31192.192551

27711.452170

27678.493966

29552.552146

32065.420889

33664.558679

34147.668540

33960.957522

33772.467758

33845.965391

34000.120524

34109.766013

34091.800643

34090.903894

34135.421582

34225.641975

34258.315665

34208.297868

34076.224606

33901.436033

33688.585767

33811.307520

33987.702964

34131.388917

34227.017663

34247.242154

34169.450306

34064.200955

34003.421305

34049.411335

34088.783223

34069.248824

33959.395262

34026.613441

34303.957024

34614.879008

34239.854248

32681.853905

30339.405142

28175.349957

27673.579699

29342.758752

34160.364254

41820.848005

50878.003782

55591.636943

48396.432485

31342.152018

16315.087250

10096.473971

37257.260046

37257.260047

10096.473971

16315.087250

31342.152018

48396.432485

55591.636943

50878.003782

41820.848005

34160.364254

29342.758752

27673.579699

28175.349957

30339.405142

32681.853905

34239.854248

34614.879008

34303.957024

34026.613441

33959.395262

34069.248824

34088.783223

34049.411335

34003.421305

34064.200955

34169.450306

34247.242154

34227.017663

34131.388917

33987.702964

33811.307520

33910.896370

34067.537162

34195.100637

34281.749132

34279.717754

34180.035494

34033.373207

33961.171033

33989.702907

34077.181681

34075.759209

34069.834270

34163.478817

34585.846746

34969.560621

34831.782134

33555.915100

31437.856168

29412.608403

28169.435056

28574.374688

30339.070803

34921.789700

41451.549772

49613.959197

46806.662431

33952.288975

17347.409349

24497.175074

41323.291253

41323.291253

24497.175074

17347.409349

33952.288975

46806.662431

49613.959196

41451.549772

34921.789700

30339.070803

28574.374688

28169.435056

29412.608403

31437.856168

33555.915100

34831.782134

34969.560621

34585.846746

34163.478817

34069.834270

34075.759209

34077.181681

33989.702907

33961.171033

34033.373207

34180.035494

34279.717754

34281.749132

34195.100637

34067.537162

33910.896370

33984.973765

34139.497023

34271.225841

34360.924637

34358.394634

34235.326949

34060.174671

33943.799297

33965.419548

34049.485862

34114.391656

34117.918826

34300.249001

34703.327015

35285.725669

35322.453122

34508.135077

32805.465653

30994.855568

29759.706630

28848.900141

28834.528045

28918.763524

32197.294493

36260.992057

43470.122491

34815.863118

31686.368168

30679.443624

49719.020030

49719.020030

30679.443624

31686.368168

34815.863118

43470.122491

36260.992057

32197.294493

28918.763524

28834.528045

28848.900141

29759.706630

30994.855568

32805.465653

34508.135077

35322.453122

35285.725669

34703.327015

34300.249001

34117.918826

34114.391656

34049.485862

33965.419548

33943.799297

34060.174671

34235.326949

34358.394634

34360.924637

34271.225841

34139.497023

33984.973765

34037.641488

34202.198986

34347.671220

34451.435043

34455.840076

34329.352588

34127.117706

33979.702557

33973.196480

34077.535673

34163.523527

34222.288196

34353.629797

34807.367524

35383.818997

35775.598090

35288.270658

34146.134606

32839.535317

31854.333857

31202.881363

29229.151590

27050.753213

24061.988877

25702.846600

29619.897907

44360.313071

41075.625504

49496.889858

49955.220064

49955.220064

49496.889858

41075.625504

44360.313071

29619.897907

25702.846600

24061.988877

27050.753213

29229.151590

31202.881363

31854.333857

32839.535317

34146.134606

35288.270658

35775.598090

35383.818997

34807.367524

34353.629797

34222.288196

34163.523527

34077.535673

33973.196480

33979.702557

34127.117706

34329.352588

34455.840076

34451.435043

34347.671220

34202.198986

34037.641488

34078.503876

34253.291830

34408.079111

34526.662507

34550.148052

34437.472875

34231.968658

34061.919601

34037.323904

34151.406407

34280.104148

34338.569720

34442.724374

34771.349115

35421.956575

35948.966786

35941.936292

35189.848575

34377.565439

34321.081747

34300.317283

33342.823335

28181.310632

22480.922308

17400.302362

19276.338469

29193.274414

72279.064000

56261.305695

58247.966715

58247.966715

56261.305695

72279.064000

29193.274414

19276.338469

17400.302362

22480.922308

28181.310632

33342.823335

34300.317284

34321.081747

34377.565439

35189.848575

35941.936292

35948.966786

35421.956575

34771.349115

34442.724374

34338.569720

34280.104148

34151.406407

34037.323904

34061.919601

34231.968658

34437.472875

34550.148052

34526.662507

34408.079111

34253.291830

34078.503876

34120.425544

34286.305293

34439.421870

34567.140377

34619.080766

34541.270619

34356.048072

34176.636757

34139.711119

34261.800433

34433.544155

34503.037506

34520.466616

34717.726228

35271.491460

35987.535729

36305.683400

35885.730716

35420.412510

35691.647744

37684.598323

38189.474129

35200.347125

25437.418778

17225.429632

12389.351243

15055.951903

32175.967665

156132.464858

50316.302087

50316.302087

156132.464858

32175.967665

15055.951903

12389.351243

17225.429632

25437.418778

35200.347125

38189.474129

37684.598323

35691.647744

35420.412510

35885.730716

36305.683400

35987.535729

35271.491460

34717.726228

34520.466616

34503.037506

34433.544155

34261.800433

34139.711119

34176.636757

34356.048072

34541.270619

34619.080766

34567.140377

34439.421870

34286.305293

34120.425544

34164.926526

34304.687309

34437.142206

34569.186125

34652.582030

34624.022352

34473.559064

34298.972925

34243.478230

34381.390396

34592.667101

34700.822037

34630.526558

34647.889036

35029.850682

35828.709524

36407.202947

36357.127092

35608.483958

36062.460155

38034.550899

42512.372982

42674.594768

36837.011933

23749.337062

14905.460069

10479.882887

11443.223479

25626.742158

168440.186233

168440.186233

25626.742158

11443.223479

10479.882887

14905.460069

23749.337062

36837.011933

42674.594768

42512.372982

38034.550899

36062.460155

35608.483958

36357.127092

36407.202947

35828.709524

35029.850682

34647.889036

34630.526558

34700.822037

34592.667101

34381.390396

34243.478230

34298.972925

34473.559064

34624.022352

34652.582030

34569.186125

34437.142206

34304.687309

34164.926526

34212.186090

34309.992468

34416.136798

34543.421932

34654.336962

34673.682521

34565.155768

34399.312020

34334.832137

34474.564582

34749.421511

34903.317531

34805.971836

34600.843842

34768.587788

35429.744802

36337.840572

36388.856828

35777.877053

34872.524864

36661.546640

40527.562501

47511.708441

47917.079471

41923.765799

28669.949511

20046.704356

15981.636681

13702.085491

18831.570202

18831.570202

13702.085491

15981.636681

20046.704356

28669.949511

41923.765799

47917.079471

47511.708441

40527.562501

36661.546640

34872.524864

35777.877053

36388.856828

36337.840572

35429.744802

34768.587788

34600.843842

34805.971836

34903.317531

34749.421511

34474.564582

34334.832137

34399.312020

34565.155768

34673.682521

34654.336962

34543.421932

34416.136798

34309.992468

34212.186090

34249.797637

34315.144595

34394.644341

34512.660053

34635.406690

34688.575918

34620.230335

34476.038971

34408.853846

34555.420592

34871.819675

35108.906221

35003.067450

34656.561306

34480.701884

34968.174589

35815.364407

36421.386032

35552.959448

34371.337169

33595.783023

36601.664275

42046.049141

51257.941791

55222.681812

55007.684261

50652.338162

48251.524764

73801.287644

45913.123709

45913.123708

73801.287644

48251.524764

50652.338162

55007.684261

55222.681812

51257.941791

42046.049141

36601.664275

33595.783023

34371.337169

35552.959448

36421.386032

35815.364407

34968.174589

34480.701884

34656.561306

35003.067450

35108.906221

34871.819675

34555.420592

34408.853846

34476.038971

34620.230335

34688.575918

34635.406690

34512.660053

34394.644341

34315.144595

34249.797637

34275.107423

34325.444638

34392.963776

34495.253703

34609.426343

34676.110003

34642.588575

34539.019057

34487.195019

34630.874016

34959.101201

35250.577653

35198.878870

34765.239083

34342.020828

34424.909780

35213.713581

35923.145216

35826.507656

34114.105048

32644.742967

32208.770793

35549.310575

41482.622297

50612.394951

59481.831285

64019.311062

76644.013089

50382.809052

39631.228445

39631.228445

50382.809052

76644.013089

64019.311062

59481.831285

50612.394951

41482.622297

35549.310575

32208.770793

32644.742967

34114.105048

35826.507656

35923.145216

35213.713581

34424.909780

34342.020828

34765.239083

35198.878870

35250.577653

34959.101201

34630.874016

34487.195019

34539.019057

34642.588575

34676.110003

34609.426343

34495.253703

34392.963776

34325.444638

34275.107423

34285.600349

34347.409762

34415.687752

34499.837579

34587.616688

34644.737513

34643.332245

34591.798944

34578.393300

34701.990249

34995.538630

35284.133247

35315.817725

34929.303451

34385.046148

34151.085245

34559.483678

35401.177332

35722.280842

34969.334565

32983.242170

31481.884113

31229.542993

33450.726769

37894.940015

42222.261332

48049.095523

41396.876504

36402.298222

29772.581665

29772.581665

36402.298222

41396.876504

48049.095523

42222.261332

37894.940015

33450.726769

31229.542993

31481.884113

32983.242170

34969.334565

35722.280842

35401.177332

34559.483678

34151.085245

34385.046148

34929.303451

35315.817725

35284.133247

34995.538630

34701.990249

34578.393300

34591.798944

34643.332245

34644.737513

34587.616688

34499.837579

34415.687752

34347.409762

34285.600349

34293.493791

34377.640760

34455.263609

34521.780630

34571.836257

34605.985153

34619.496619

34625.731888

34650.287949

34759.220627

34965.781944

35221.117781

35315.172539

35127.683722

34657.967344

34285.795903

34312.084376

34874.122570

35523.038222

35551.430192

34584.330515

32906.661132

31455.460919

31108.524170

31543.984631

33501.635544

33081.662489

32858.445238

29834.471104

28237.170632

28237.170632

29834.471104

32858.445238

33081.662489

33501.635544

31543.984631

31108.524170

31455.460919

32906.661132

34584.330515

35551.430192

35523.038222

34874.122570

34312.084376

34285.795903

34657.967344

35127.683722

35315.172539

35221.117781

34965.781944

34759.220627

34650.287949

34625.731888

34619.496619

34605.985153

34571.836257

34521.780630

34455.263609

34377.640760

34293.493791

34310.546482

34409.953854

34495.433276

34544.983757

34561.532014

34560.193253

34571.678209

34605.028763

34669.670118

34761.787374

34913.654742

35099.188439

35279.613420

35290.651182

35119.363536

34785.981271

34624.580483

34747.035401

35241.598585

35661.590384

35683.839349

34983.956722

34002.564230

32996.661545

32866.176480

32904.663324

33753.461603

33971.796880

34067.486865

33950.381176

33950.381176

34067.486865

33971.796880

33753.461603

32904.663324

32866.176480

32996.661545

34002.564230

34983.956722

35683.839349

35661.590384

35241.598585

34747.035401

34624.580483

34785.981271

35119.363536

35290.651182

35279.613420

35099.188439

34913.654742

34761.787374

34669.670118

34605.028763

34571.678209

34560.193253

34561.532014

34544.983757

34495.433276

34409.953854

34310.546482

34345.805258

34440.328918

34517.531835

34556.253283

34546.068251

34515.311831

34496.860395

34525.233279

34599.181754

34715.358876

34855.619745

35043.189708

35245.121699

35439.519397

35497.420316

35437.460868

35251.536972

35186.607590

35261.184704

35578.015414

35851.456323

36019.511322

35946.854621

35941.957601

36264.043935

37135.836202

38723.400025

40307.432034

42090.039732

42866.349300

42866.349300

42090.039732

40307.432034

38723.400025

37135.836202

36264.043935

35941.957601

35946.854621

36019.511322

35851.456323

35578.015414

35261.184704

35186.607590

35251.536972

35437.460868

35497.420316

35439.519397

35245.121699

35043.189708

34855.619745

34715.358876

34599.181754

34525.233279

34496.860395

34515.311831

34546.068251

34556.253283

34517.531835

34440.328918

34345.805258

34400.222083

34462.225760

34520.696452

34539.770112

34525.023008

34476.700803

34423.857104

34408.765621

34473.008617

34619.890439

34832.193087

35059.809028

35284.536260

35475.819432

35648.780765

35762.109049

35842.930870

35847.389974

35853.737241

35845.295247

35890.156214

36027.311791

36262.453588

36904.328331

37766.642330

39528.752770

41308.103264

43930.545290

45671.737129

47070.280900

47070.280900

45671.737129

43930.545290

41308.103264

39528.752770

37766.642330

36904.328331

36262.453588

36027.311791

35890.156214

35845.295247

35853.737241

35847.389974

35842.930870

35762.109049

35648.780765

35475.819432

35284.536260

35059.809028

34832.193087

34619.890439

34473.008617

34408.765621

34423.857104

34476.700803

34525.023008

34539.770112

34520.696452

34462.225760

34400.222083

34454.034387

34489.148079

34500.866871

34505.768350

34500.411841

34461.929644

34390.856568

34328.877640

34354.273842

34521.627382

34802.625968

35099.071140

35305.975298

35403.062566

35477.096434

35648.414305

35967.880556

36350.619410

36639.877982

36671.612623

36517.288289

36213.606180

36225.919903

36395.842364

37392.027150

38431.672084

40378.346404

41815.113382

43564.163940

44274.770006

44274.770006

43564.163940

41815.113382

40378.346404

38431.672084

37392.027150

36395.842364

36225.919903

36213.606180

36517.288289

36671.612623

36639.877982

36350.619410

35967.880556

35648.414305

35477.096434

35403.062566

35305.975298

35099.071140

34802.625968

34521.627382

34354.273842

34328.877640

34390.856568

34461.929644

34500.411841

34505.768350

34500.866871

34489.148079

34454.034387

34511.115771

34514.917073

34481.272323

34474.866739

34486.686893

34487.182614

34429.483504

34348.435697

34330.603842

34459.078679

34725.281297

35021.243662

35195.488771

35214.044662

35174.933735

35306.687798

35717.883276

36397.944455

37057.984402

37510.197858

37499.036960

37342.712729

36993.705735

37148.306778

37321.208428

38262.564098

38920.402413

40100.430778

40663.267550

41201.318420

41201.318420

40663.267550

40100.430778

38920.402413

38262.564098

37321.208428

37148.306778

36993.705735

37342.712729

37499.036960

37510.197858

37057.984402

36397.944455

35717.883276

35306.687798

35174.933735

35214.044662

35195.488771

35021.243662

34725.281297

34459.078679

34330.603842

34348.435697

34429.483504

34487.182614

34486.686893

34474.866739

34481.272323

34514.917073

34511.115771

34532.482478

34513.586540

34489.336810

34476.448579

34509.350992

34534.446885

34525.696344

34479.584084

34443.524821

34470.376046

34588.230670

34746.847648

34885.260357

34945.283176

35000.747836

35139.074024

35510.637069

36080.620236

36830.802197

37508.905482

38167.236199

38570.450534

39132.676016

39487.716151

40274.368566

40733.251016

41619.804032

41995.199043

42578.078501

42715.211690

42715.211690

42578.078501

41995.199043

41619.804032

40733.251016

40274.368566

39487.716151

39132.676016

38570.450534

38167.236199

37508.905482

36830.802197

36080.620236

35510.637069

35139.074024

35000.747836

34945.283176

34885.260357

34746.847648

34588.230670

34470.376046

34443.524821

34479.584084

34525.696344

34534.446885

34509.350992

34476.448579

34489.336810

34513.586540

34532.482478

34574.613876

34521.764578

34526.249694

34513.381005

34519.721478

34547.611765

34598.552996

34645.231274

34636.708120

34553.998753

34427.841793

34357.536673

34424.568892

34667.826784

34999.434343

35325.603607

35530.149207

35720.639296

35971.320753

36634.196885

37623.053149

39268.807876

40973.627831

43167.469107

44838.186221

46832.973384

47996.941974

49402.711348

50012.706375

50541.364469

50541.364469

50012.706375

49402.711348

47996.941974

46832.973384

44838.186222

43167.469107

40973.627831

39268.807876

37623.053149

36634.196885

35971.320753

35720.639296

35530.149207

35325.603607

34999.434343

34667.826784

34424.568892

34357.536673

34427.841793

34553.998753

34636.708120

34645.231274

34598.552996

34547.611765

34519.721478

34513.381005

34526.249694

34521.764578

34574.613876

