AXIS X

0.000000 0.000500 0.001000 0.001500 0.002000 0.002500 0.003000 0.003500 0.004000 0.004500 0.005000 0.005500 0.006000 0.006500 0.007000 0.007500 0.008000 0.008500 0.009000 0.009500 0.010000 0.010500 0.011000 0.011500 0.012000 0.012500 0.013000 0.013500 0.014000 0.014500 0.015000 0.015500 0.016000 0.016500 0.017000 0.017500 0.018000 0.018500 0.019000 0.019500 0.020000 0.020500 0.021000 0.021500 0.022000 0.022500 0.023000 0.023500 0.024000 0.024500 0.025000 0.025500 0.026000 0.026500 0.027000 0.027500 0.028000 0.028500 0.029000 0.029500 

AXIS Y

0.000000 0.000500 0.001000 0.001500 0.002000 0.002500 0.003000 0.003500 0.004000 0.004500 0.005000 0.005500 0.006000 0.006500 0.007000 0.007500 0.008000 0.008500 0.009000 0.009500 0.010000 0.010500 0.011000 0.011500 0.012000 0.012500 0.013000 0.013500 0.014000 0.014500 0.015000 0.015500 0.016000 0.016500 0.017000 0.017500 0.018000 0.018500 0.019000 0.019500 0.020000 0.020500 0.021000 0.021500 0.022000 0.022500 0.023000 0.023500 0.024000 0.024500 0.025000 0.025500 0.026000 0.026500 0.027000 0.027500 0.028000 0.028500 0.029000 0.029500 



DATA
14990.929297

14990.392774

14986.920869

14985.234032

14987.771562

14999.725466

15027.725301

15076.301497

15143.138045

15220.578238

15292.942932

15342.802008

15351.277737

15306.099559

15201.751795

15044.831418

14851.984677

14650.278419

14474.406651

14362.044513

14354.752360

14487.501199

14799.037795

15305.695301

16027.898462

16908.819718

17898.366164

18651.648701

19125.761281

18609.711129

18609.711129

19125.761281

18651.648701

17898.366164

16908.819718

16027.898462

15305.695301

14799.037795

14487.501199

14354.752360

14362.044513

14474.406651

14650.278419

14851.984677

15044.831418

15201.751795

15306.099559

15351.277737

15342.802008

15292.942932

15220.578238

15143.138045

15076.301497

15027.725301

14999.725466

14987.771562

14985.234032

14986.920869

14990.392774

14990.929297

14995.991359

14994.899607

14983.909783

14978.601687

14987.862633

15006.294650

15032.196025

15060.790501

15088.791084

15110.823078

15124.110244

15123.811887

15108.673258

15076.662369

15031.676343

14978.864945

14930.077273

14897.842603

14898.252553

14945.947067

15054.872956

15238.166642

15503.909821

15863.533826

16313.777424

16868.731064

17503.487925

18271.188126

19244.620466

18824.385098

18824.385098

19244.620466

18271.188126

17503.487925

16868.731064

16313.777424

15863.533826

15503.909821

15238.166642

15054.872956

14945.947067

14898.252553

14897.842603

14930.077273

14978.864945

15031.676343

15076.662369

15108.673258

15123.811887

15124.110244

15110.823078

15088.791084

15060.790501

15032.196025

15006.294650

14987.862633

14978.601687

14983.909783

14994.899607

14995.991359

14993.770889

14989.574588

14981.512884

14978.963473

14989.754149

15012.463726

15035.208459

15050.352600

15051.576212

15040.233190

15020.393661

15001.837847

14992.767619

15003.422170

15039.605479

15107.947798

15209.365325

15344.285280

15506.156343

15687.928934

15878.777705

16072.685024

16267.742216

16472.245071

16702.885745

16986.653666

17351.136883

17836.808298

18108.778378

17712.600247

17712.600247

18108.778378

17836.808298

17351.136883

16986.653666

16702.885745

16472.245071

16267.742216

16072.685024

15878.777705

15687.928934

15506.156343

15344.285280

15209.365325

15107.947798

15039.605479

15003.422170

14992.767619

15001.837847

15020.393661

15040.233190

15051.576212

15050.352600

15035.208459

15012.463726

14989.754149

14978.963473

14981.512884

14989.574588

14993.770889

14983.272648

14986.804623

14991.564080

14996.102818

15008.404821

15027.417321

15045.969268

15053.491908

15046.687903

15027.071105

15005.142368

14993.358282

15007.626101

15059.023684

15156.771931

15300.715673

15486.427205

15698.522798

15919.327562

16125.231329

16300.694351

16435.407091

16537.373402

16620.267929

16709.538129

16815.384935

16939.988366

17003.830661

16901.010104

16480.217394

16480.217394

16901.010104

17003.830661

16939.988366

16815.384935

16709.538129

16620.267929

16537.373402

16435.407091

16300.694351

16125.231329

15919.327562

15698.522798

15486.427205

15300.715673

15156.771931

15059.023684

15007.626101

14993.358282

15005.142368

15027.071105

15046.687903

15053.491908

15045.969268

15027.417321

15008.404821

14996.102818

14991.564080

14986.804623

14983.272648

14970.217172

14983.985460

15006.731756

15023.661518

15039.562104

15056.918753

15072.498030

15081.977246

15081.611688

15074.590528

15067.370796

15072.252424

15100.085999

15161.775011

15260.199410

15393.722729

15549.649332

15712.423659

15860.507145

15980.255292

16063.243820

16118.819279

16161.649845

16214.408494

16284.603964

16361.470682

16399.431444

16323.124987

16033.662635

15416.553780

15416.553780

16033.662635

16323.124987

16399.431444

16361.470682

16284.603964

16214.408494

16161.649845

16118.819279

16063.243820

15980.255292

15860.507145

15712.423659

15549.649332

15393.722729

15260.199410

15161.775011

15100.086000

15072.252424

15067.370796

15074.590528

15081.611688

15081.977246

15072.498030

15056.918753

15039.562104

15023.661518

15006.731756

14983.985460

14970.217172

14959.106313

14983.615737

15019.965581

15051.846032

15076.584180

15098.548604

15119.366776

15137.742526

15152.393482

15161.864099

15168.692487

15175.811244

15189.107807

15211.094403

15243.453035

15281.054909

15318.234221

15345.770350

15361.485230

15367.248411

15377.664652

15410.042510

15484.808641

15609.580001

15772.930975

15937.610723

16030.581206

15954.447074

15557.290907

14635.482860

14635.482860

15557.290907

15954.447074

16030.581206

15937.610723

15772.930975

15609.580001

15484.808641

15410.042510

15377.664652

15367.248411

15361.485230

15345.770350

15318.234221

15281.054909

15243.453035

15211.094403

15189.107807

15175.811244

15168.692487

15161.864099

15152.393482

15137.742526

15119.366776

15098.548604

15076.584180

15051.846032

15019.965581

14983.615737

14959.106313

14956.263807

14985.140430

15031.630742

15076.488378

15115.979277

15151.158553

15184.477462

15215.296056

15239.964006

15254.299733

15253.311850

15235.092129

15197.879891

15143.064058

15070.846193

14984.803477

14888.917814

14794.309335

14715.461611

14674.520139

14692.764225

14789.326500

14970.368424

15223.835319

15515.998805

15782.675010

15939.027605

15852.944712

15349.229992

14171.184184

14171.184184

15349.229992

15852.944712

15939.027605

15782.675011

15515.998805

15223.835319

14970.368424

14789.326500

14692.764225

14674.520139

14715.461611

14794.309336

14888.917814

14984.803477

15070.846193

15143.064058

15197.879891

15235.092129

15253.311850

15254.299733

15239.964006

15215.296056

15184.477462

15151.158553

15115.979277

15076.488378

15031.630742

14985.140430

14956.263807

14965.001908

14991.363366

15042.309384

15100.881173

15158.938995

15214.118480

15262.955293

15300.610981

15320.186491

15313.916882

15276.374671

15203.964501

15097.822367

14961.011434

14801.797140

14631.307058

14467.844000

14333.280907

14254.473781

14255.768783

14356.503017

14562.757701

14863.316400

15227.112517

15598.867230

15906.916901

16050.263547

15904.282331

15288.074568

13978.568183

13978.568183

15288.074568

15904.282331

16050.263547

15906.916901

15598.867230

15227.112517

14863.316400

14562.757701

14356.503017

14255.768783

14254.473781

14333.280907

14467.844000

14631.307058

14801.797140

14961.011434

15097.822367

15203.964501

15276.374671

15313.916882

15320.186491

15300.610981

15262.955293

15214.118480

15158.938995

15100.881173

15042.309384

14991.363366

14965.001908

14986.868660

15004.447999

15057.792228

15129.650461

15209.304832

15284.941148

15344.849642

15376.543522

15369.799863

15318.866742

15223.032337

15087.789036

14921.731595

14737.361161

14548.690925

14374.274077

14235.196642

14156.000101

14158.855715

14260.703605

14466.575553

14767.026614

15136.218678

15531.456330

15897.802334

16163.776206

16243.570382

16017.346033

15326.786190

13971.481705

13971.481705

15326.786190

16017.346033

16243.570382

16163.776206

15897.802334

15531.456330

15136.218678

14767.026614

14466.575553

14260.703605

14158.855715

14156.000101

14235.196642

14374.274077

14548.690925

14737.361161

14921.731595

15087.789036

15223.032337

15318.866742

15369.799863

15376.543522

15344.849642

15284.941148

15209.304832

15129.650461

15057.792228

15004.447999

14986.868660

15020.824169

15029.370905

15084.025944

15169.452034

15267.277297

15356.876942

15415.588299

15425.393046

15376.639789

15270.420254

15118.146463

14937.025820

14747.136070

14567.098375

14415.053162

14308.006773

14263.662965

14297.199732

14418.952323

14628.889056

14915.397665

15254.772686

15615.452446

15961.554708

16253.701237

16443.751463

16460.363445

16191.918376

15472.140797

14087.607334

14087.607334

15472.140797

16191.918376

16460.363445

16443.751463

16253.701237

15961.554708

15615.452446

15254.772686

14915.397665

14628.889056

14418.952323

14297.199732

14263.662965

14308.006773

14415.053162

14567.098375

14747.136070

14937.025820

15118.146463

15270.420254

15376.639789

15425.393046

15415.588299

15356.876942

15267.277297

15169.452034

15084.025944

15029.370905

15020.824169

15066.727664

15069.665212

15127.818671

15222.229563

15329.006842

15417.468111

15459.241970

15435.248155

15342.009266

15191.875939

15007.923723

14817.848128

14646.883186

14515.826661

14440.182922

14432.568111

14502.190412

14653.680984

14882.427678

15173.144787

15499.480957

15831.858336

16142.802653

16414.718575

16631.426585

16767.342606

16758.921139

16486.478613

15753.207231

14306.532773

14306.532773

15753.207231

16486.478613

16758.921139

16767.342606

16631.426585

16414.718575

16142.802653

15831.858336

15499.480957

15173.144787

14882.427678

14653.680984

14502.190412

14432.568111

14440.182922

14515.826661

14646.883186

14817.848128

15007.923723

15191.875939

15342.009266

15435.248155

15459.241970

15417.468111

15329.006842

15222.229563

15127.818671

15069.665212

15066.727665

15124.834601

15128.976501

15189.651134

15284.963812

15384.066391

15453.333562

15464.232981

15404.063773

15279.301526

15112.054961

14932.641378

14770.345895

14648.877081

14584.291550

14587.347926

14665.139057

14821.639806

15054.394432

15351.569053

15688.977205

16036.352020

16362.735343

16651.187047

16894.247480

17092.648064

17222.899878

17220.841729

16944.149462

16173.141598

14617.850320

14617.850320

16173.141598

16944.149462

17220.841729

17222.899878

17092.648064

16894.247480

16651.187047

16362.735343

16036.352020

15688.977205

15351.569053

15054.394432

14821.639806

14665.139057

14587.347926

14584.291550

14648.877081

14770.345895

14932.641378

15112.054961

15279.301526

15404.063773

15464.232981

15453.333562

15384.066391

15284.963812

15189.651134

15128.976501

15124.834601

15198.652800

15205.497164

15264.136662

15346.111447

15420.088748

15454.428530

15428.684984

15340.265417

15204.627207

15048.975927

14902.089702

14788.060617

14722.508586

14714.626432

14770.070434

14893.840742

15089.589122

15356.426993

15683.347100

16049.581197

16425.020270

16784.823353

17109.654004

17397.494510

17637.693325

17804.544765

17812.035046

17509.865301

16658.016731

14975.744580

14975.744580

16658.016731

17509.865301

17812.035046

17804.544765

17637.693325

17397.494510

17109.654004

16784.823353

16425.020270

16049.581197

15683.347100

15356.426993

15089.589122

14893.840742

14770.070434

14714.626432

14722.508586

14788.060617

14902.089702

15048.975927

15204.627207

15340.265417

15428.684984

15454.428530

15420.088748

15346.111447

15264.136662

15205.497164

15198.652800

15291.296824

15294.234484

15337.545288

15391.139577

15425.873073

15419.086648

15360.692626

15257.120788

15128.543151

14999.902916

14894.104548

14825.931505

14803.119449

14828.618951

14905.547491

15039.446960

15237.708792

15504.547635

15836.964778

16219.195915

16629.917329

17041.439343

17437.755788

17799.360119

18111.988798

18323.621127

18345.287222

18005.246497

17067.310841

15239.656366

15239.656366

17067.310841

18005.246497

18345.287222

18323.621127

18111.988798

17799.360119

17437.755788

17041.439343

16629.917329

16219.195915

15836.964778

15504.547635

15237.708792

15039.446960

14905.547491

14828.618951

14803.119449

14825.931505

14894.104548

14999.902916

15128.543151

15257.120788

15360.692626

15419.086648

15425.873073

15391.139577

15337.545288

15294.234484

15291.296824

15404.278732

15384.806964

15395.326241

15406.786439

15397.752543

15354.231766

15273.852829

15167.007837

15051.681117

14948.503886

14872.833622

14834.153267

14834.875156

14875.390435

14956.971915

15085.495942

15269.843048

15518.974980

15834.279498

16209.429844

16625.128418

17063.246466

17498.329674

17916.132998

18280.500840

18543.607925

18591.425655

18253.971180

17265.216117

15325.363994

15325.363994

17265.216117

18253.971180

18591.425655

18543.607925

18280.500840

17916.132998

17498.329674

17063.246466

16625.128418

16209.429844

15834.279498

15518.974980

15269.843048

15085.495942

14956.971915

14875.390435

14834.875156

14834.153267

14872.833622

14948.503886

15051.681117

15167.007837

15273.852829

15354.231766

15397.752543

15406.786439

15395.326241

15384.806964

15404.278732

15531.814853

15467.190369

15426.519004

15389.512477

15341.464200

15273.006652

15182.841387

15077.563061

14971.650970

14880.214364

14817.604804

14791.016686

14803.212739

14851.683582

14935.273647

15055.390561

15219.275252

15434.634130

15707.880553

16035.438844

16410.332583

16815.356831

17241.533482

17666.545057

18070.794272

18386.141192

18507.106302

18226.460178

17257.971855

15242.519201

15242.519201

17257.971855

18226.460178

18507.106302

18386.141192

18070.794272

17666.545057

17241.533482

16815.356831

16410.332583

16035.438844

15707.880553

15434.634130

15219.275252

15055.390561

14935.273647

14851.683582

14803.212739

14791.016686

14817.604804

14880.214364

14971.650970

15077.563061

15182.841387

15273.006652

15341.464200

15389.512477

15426.519004

15467.190369

15531.814853

15660.553702

15532.216668

15430.758219

15347.292384

15271.427852

15191.748498

15099.600695

14996.317894

14890.585464

14799.242291

14736.519413

14713.660419

14730.985694

14784.487624

14865.663261

14972.020127

15105.101401

15273.871793

15484.630447

15743.004418

16045.494509

16392.760714

16777.841052

17202.283178

17637.263618

18033.345917

18252.876811

18082.946886

17175.454577

15124.852867

15124.852867

17175.454577

18082.946886

18252.876811

18033.345917

17637.263618

17202.283178

16777.841052

16392.760714

16045.494509

15743.004418

15484.630447

15273.871793

15105.101401

14972.020127

14865.663261

14784.487624

14730.985694

14713.660419

14736.519413

14799.242291

14890.585464

14996.317894

15099.600695

15191.748498

15271.427852

15347.292384

15430.758219

15532.216668

15660.553702

15770.093059

15575.409446

15416.734913

15297.177794

15206.753636

15125.254217

15036.062842

14932.019683

14823.356178

14726.380506

14661.251665

14636.135880

14651.985422

14697.096977

14762.637858

14840.993542

14937.512817

15059.315160

15218.580143

15419.889621

15669.628067

15969.558771

16331.622427

16756.161611

17237.756019

17708.875276

18043.446834

17978.877961

17146.412673

15078.438061

15078.438061

17146.412673

17978.877961

18043.446834

17708.875276

17237.756019

16756.161611

16331.622427

15969.558771

15669.628067

15419.889621

15218.580143

15059.315160

14937.512817

14840.993542

14762.637858

14697.096977

14651.985422

14636.135880

14661.251665

14726.380506

14823.356178

14932.019683

15036.062842

15125.254217

15206.753636

15297.177794

15416.734913

15575.409446

15770.093059

15839.152919

15595.158535

15397.491395

15258.223709

15163.643734

15086.883170

15001.154243

14899.129095

14788.028357

14689.878249

14619.423251

14586.296475

14582.532776

14600.945373

14630.418510

14675.275109

14740.725815

14841.643282

14983.130886

15170.991008

15404.063602

15690.790278

16041.813251

16475.613311

16982.827817

17518.137981

17928.742487

17955.926750

17160.705813

15030.863686

15030.863686

17160.705813

17955.926750

17928.742487

17518.137981

16982.827817

16475.613311

16041.813251

15690.790278

15404.063602

15170.991008

14983.130886

14841.643282

14740.725815

14675.275109

14630.418510

14600.945373

14582.532776

14586.296475

14619.423251

14689.878249

14788.028357

14899.129095

15001.154243

15086.883170

15163.643734

15258.223709

15397.491395

15595.158535

15839.152919

15852.539053

15591.569214

15383.381134

15241.996415

15152.940282

15082.463705

15004.403483

14906.579058

14800.893584

14701.108803

14623.419689

14566.095252

14528.343825

14501.011604

14492.104724

14507.478174

14566.312644

14672.729473

14831.581700

15032.605657

15273.325750

15555.923661

15900.071323

16326.497513

16845.733238

17407.672191

17878.995048

17953.744596

17170.899612

14928.080355

14928.080355

17170.899612

17953.744596

17878.995048

17407.672191

16845.733238

16326.497513

15900.071323

15555.923661

15273.325750

15032.605657

14831.581700

14672.729473

14566.312644

14507.478174

14492.104724

14501.011604

14528.343825

14566.095252

14623.419689

14701.108803

14800.893584

14906.579058

15004.403483

15082.463705

15152.940282

15241.996415

15383.381134

15591.569214

15852.539053

15805.768198

15565.072805

15375.525575

15250.710934

15173.365741

15114.626790

15045.523207

14959.322806

14857.923294

14756.696419

14658.552105

14570.501972

14487.678805

14422.496539

14381.607954

14388.832138

14449.002067

14571.215779

14740.574138

14949.968208

15188.249848

15465.720808

15803.619500

16234.114316

16770.166310

17378.503294

17906.214321

18040.577141

17218.241658

14803.313318

14803.313318

17218.241658

18040.577141

17906.214321

17378.503294

16770.166310

16234.114316

15803.619500

15465.720808

15188.249848

14949.968208

14740.574138

14571.215779

14449.002067

14388.832138

14381.607954

14422.496539

14487.678805

14570.501972

14658.552105

14756.696419

14857.923294

14959.322806

15045.523207

15114.626790

15173.365741

15250.710934

15375.525575

15565.072805

15805.768198

15707.445805

15514.543956

15368.156704

15273.568695

15218.548427

15174.629139

15121.704262

15044.258904

14946.959493

14831.121393

14710.413995

14586.519527

14476.606532

14385.848485

14337.384037

14333.569293

14388.846584

14490.972377

14641.805016

14828.190562

15059.712573

15346.069348

15718.253049

16203.147463

16819.603091

17524.334856

18164.526390

18359.875747

17487.664457

14771.534317

14771.534317

17487.664457

18359.875747

18164.526390

17524.334856

16819.603091

16203.147463

15718.253049

15346.069348

15059.712573

14828.190562

14641.805016

14490.972377

14388.846584

14333.569293

14337.384037

14385.848485

14476.606532

14586.519527

14710.413995

14831.121393

14946.959493

15044.258904

15121.704262

15174.629139

15218.548427

15273.568695

15368.156704

15514.543956

15707.445805

15572.850245

15440.970720

15348.879439

15297.861628

15272.634463

15254.109045

15215.914660

15147.649358

15040.351593

14908.051578

14759.473513

14620.228658

14496.692344

14407.622767

14346.162226

14324.420449

14332.126548

14386.570887

14486.293128

14656.312701

14902.322271

15251.716545

15714.450541

16320.260906

17066.006445

17915.827570

18682.144669

18949.744308

17963.123792

14944.385112

14944.385112

17963.123792

18949.744308

18682.144669

17915.827570

17066.006445

16320.260906

15714.450541

15251.716545

14902.322271

14656.312701

14486.293128

14386.570887

14332.126548

14324.420449

14346.162226

14407.622767

14496.692344

14620.228658

14759.473513

14908.051578

15040.351593

15147.649358

15215.914660

15254.109045

15272.634463

15297.861628

15348.879439

15440.970720

15572.850245

15421.171159

15345.297626

15310.649702

15308.153411

15325.397379

15335.102541

15315.935256

15244.507938

15125.617199

14968.926177

14809.699871

14663.064557

14549.298490

14452.698938

14375.102417

14299.879304

14253.278416

14248.382369

14332.763753

14519.778133

14840.011182

15280.962889

15862.112234

16566.458059

17417.388340

18345.460462

19185.098394

19450.991519

18326.510377

14895.682624

14895.682624

18326.510377

19450.991519

19185.098394

18345.460462

17417.388340

16566.458059

15862.112234

15280.962889

14840.011182

14519.778133

14332.763753

14248.382369

14253.278416

14299.879304

14375.102417

14452.698938

14549.298490

14663.064557

14809.699871

14968.926177

15125.617199

15244.507938

15315.935256

15335.102541

15325.397379

15308.153411

15310.649702

15345.297626

15421.171159

15265.308055

15234.547134

15249.746731

15301.164744

15363.603943

15409.065137

15400.560889

15326.554548

15187.345272

15020.700184

14853.090745

14716.079747

14596.023518

14487.574516

14362.931905

14245.738649

14155.188065

14155.619711

14271.682233

14539.905364

14932.880477

15453.161985

16050.776387

16764.184553

17559.030667

18453.031357

19224.515198

19420.793015

18139.368741

14479.461312

14479.461312

18139.368741

19420.793015

19224.515198

18453.031357

17559.030667

16764.184553

16050.776387

15453.161985

14932.880477

14539.905364

14271.682233

14155.619711

14155.188065

14245.738649

14362.931905

14487.574516

14596.023518

14716.079747

14853.090745

15020.700184

15187.345272

15326.554548

15400.560889

15409.065137

15363.603943

15301.164744

15249.746731

15234.547134

15265.308055

15115.116424

15115.282043

15174.936800

15275.641795

15387.350677

15461.381126

15465.253650

15380.211534

15234.089236

15058.070453

14897.279815

14751.131037

14618.654048

14466.692727

14311.785186

14169.338214

14109.217190

14162.374660

14368.859344

14694.996370

15126.620259

15590.594411

16118.192670

16675.038813

17374.150872

18128.041288

18839.359056

18942.692533

17556.920980

13768.232950

13768.232950

17556.920980

18942.692533

18839.359056

18128.041288

17374.150872

16675.038813

16118.192670

15590.594411

15126.620259

14694.996370

14368.859344

14162.374660

14109.217190

14169.338214

14311.785186

14466.692727

14618.654048

14751.131037

14897.279815

15058.070453

15234.089236

15380.211534

15465.253650

15461.381126

15387.350677

15275.641795

15174.936800

15115.282043

15115.116424

14971.818337

14998.589278

15094.551954

15242.183573

15392.552499

15493.487737

15499.451781

15414.126444

15261.192333

15092.585492

14923.648500

14766.010879

14590.950110

14411.816885

14237.422383

14135.947311

14137.331644

14282.605329

14536.593106

14874.237514

15219.388821

15590.346127

15961.874808

16478.951817

17106.394600

17942.041876

18653.829060

18784.517130

17292.992542

13224.535030

13224.535030

17292.992542

18784.517130

18653.829060

17942.041876

17106.394600

16478.951817

15961.874808

15590.346127

15219.388821

14874.237514

14536.593106

14282.605329

14137.331644

14135.947311

14237.422383

14411.816885

14590.950110

14766.010879

14923.648500

15092.585492

15261.192333

15414.126444

15499.451781

15493.487737

15392.552499

15242.183573

15094.551954

14998.589278

14971.818337

14838.205228

14890.201164

15021.347923

15204.462489

15386.754505

15500.253293

15513.040195

15425.055585

15281.687077

15110.395160

14936.935737

14743.206440

14543.241391

14341.473852

14202.807738

14152.784840

14234.107976

14411.083918

14658.592707

14911.303798

15179.725889

15465.511363

15906.287759

16507.195238

17427.646068

18439.450270

19397.495619

19473.841907

17738.029154

13343.539037

13343.539037

17738.029154

19473.841907

19397.495619

18439.450270

17427.646069

16507.195238

15906.287759

15465.511363

15179.725889

14911.303798

14658.592707

14411.083918

14234.107976

14152.784840

14202.807738

14341.473852

14543.241391

14743.206440

14936.935737

15110.395160

15281.687077

15425.055585

15513.040195

15500.253293

15386.754505

15204.462489

15021.347923

14890.201164

14838.205228

14713.924643

14796.526857

14957.890957

15169.910646

15368.072493

15491.997876

15505.464052

15427.598629

15286.316279

15118.346866

14920.252502

14708.279300

14484.783395

14309.629904

14204.618205

14215.925765

14307.705783

14466.027519

14638.351121

14840.580625

15102.332196

15536.019742

16192.848010

17208.882175

18429.270918

19816.548255

20716.695921

20581.120711

18220.965277

13032.917757

13032.917757

18220.965277

20581.120711

20716.695921

19816.548255

18429.270918

17208.882175

16192.848010

15536.019742

15102.332196

14840.580625

14638.351121

14466.027519

14307.705783

14215.925765

14204.618205

14309.629904

14484.783395

14708.279300

14920.252502

15118.346866

15286.316279

15427.598629

15505.464052

15491.997876

15368.072493

15169.910646

14957.890957

14796.526857

14713.924643

14604.202289

14717.153819

14906.366421

15134.673292

15342.885104

15468.442614

15490.695832

15417.427881

15283.770094

15101.299756

14891.512804

14659.006621

14455.655825

14301.223808

14243.287329

14247.636415

14316.005808

14404.154584

14547.623496

14788.208602

15218.457786

15919.042131

16966.228126

18288.906316

19804.503790

21002.718265

21536.822683

20491.712637

17408.927217

11905.933309

11905.933309

17408.927217

20491.712637

21536.822683

21002.718265

19804.503790

18288.906316

16966.228126

15919.042131

15218.457786

14788.208602

14547.623496

14404.154584

14316.005808

14247.636415

14243.287329

14301.223808

14455.655825

14659.006621

14891.512804

15101.299756

15283.770094

15417.427881

15490.695832

15468.442614

15342.885104

15134.673292

14906.366421

14717.153819

14604.202289

14511.999837

14653.122711

14861.109196

15099.275031

15308.123894

15439.004686

15466.466892

15402.988049

15262.778837

15072.151291

14844.442590

14625.232709

14436.182421

14321.006195

14249.863331

14233.364813

14231.749615

14304.237984

14488.128279

14875.479665

15538.985604

16513.233738

17804.513221

19263.685380

20558.328292

21275.024610

20796.845342

18944.077424

15249.328746

10059.487593

10059.487593

15249.328746

18944.077424

20796.845342

21275.024610

20558.328292

19263.685380

17804.513221

16513.233738

15538.985604

14875.479665

14488.128279

14304.237984

14231.749615

14233.364813

14249.863331

14321.006195

14436.182421

14625.232709

14844.442590

15072.151291

15262.778837

15402.988049

15466.466892

15439.004686

15308.123894

15099.275031

14861.109196

14653.122711

14511.999837

14442.633363

14602.299656

14821.087912

15059.264736

15268.306650

15401.289764

15438.325665

15375.522667

15231.295225

15025.652611

14802.659097

14593.197407

14436.816195

14312.687864

14226.936740

14142.872543

14130.350892

14217.749756

14508.630766

15036.328087

15838.304904

16963.846673

18312.940766

19778.504165

20843.123888

21045.576632

19987.189241

17544.290754

13905.497870

8751.038847

8751.038847

13905.497870

17544.290754

19987.189241

21045.576632

20843.123888

19778.504165

18312.940767

16963.846673

15838.304904

15036.328087

14508.630766

14217.749756

14130.350892

14142.872543

14226.936740

14312.687864

14436.816195

14593.197407

14802.659097

15025.652611

15231.295225

15375.522667

15438.325665

15401.289764

15268.306650

15059.264736

14821.087912

14602.299656

14442.633363

14396.886934

14565.873691

14784.223620

15017.893917

15222.210537

15359.075162

15399.360653

15337.725480

15184.476560

14978.285744

14761.420033

14576.531297

14420.003423

14286.966388

14144.058537

14047.851967

14024.742944

14181.173360

14507.104151

15058.540465

15879.336556

17044.542333

18689.979317

20467.339853

22010.995700

22294.990078

21144.432843

18620.531819

14841.835869

10158.934399

10158.934399

14841.835869

18620.531819

21144.432843

22294.990078

22010.995700

20467.339853

18689.979317

17044.542333

15879.336556

15058.540465

14507.104151

14181.173360

14024.742944

14047.851967

14144.058537

14286.966388

14420.003423

14576.531297

14761.420033

14978.285744

15184.476560

15337.725480

15399.360653

15359.075162

15222.210538

15017.893917

14784.223620

14565.873691

14396.886934

14375.013599

14543.457717

14754.451634

14976.498121

15174.762380

15308.832802

15350.231675

15284.508584

15130.919145

14930.290829

14732.082896

14556.049613

14394.969509

14221.806512

14062.349627

13948.675055

13970.155872

14097.151565

14371.941481

14793.215489

15604.552362

17129.708447

19527.965843

22742.264239

25379.713074

26437.883786

24950.055412

22057.973079

18322.956554

12274.866118

12274.866118

18322.956554

22057.973079

24950.055412

26437.883786

25379.713074

22742.264239

19527.965843

17129.708447

15604.552362

14793.215489

14371.941481

14097.151565

13970.155872

13948.675055

14062.349627

14221.806512

14394.969509

14556.049613

14732.082896

14930.290829

15130.919145

15284.508584

15350.231675

15308.832802

15174.762380

14976.498121

14754.451634

14543.457717

14375.013599

14373.696916

14536.929964

14733.553636

14941.142051

15125.827885

15252.861776

15286.856936

15219.991018

15071.699191

14888.784789

14708.084438

14534.648181

14352.264936

14158.072027

13989.828953

13909.112969

13901.195727

13951.900924

13999.700025

14316.611557

15296.981488

17606.244616

21710.773081

26904.009334

31230.774136

31272.708598

27843.174164

23322.834355

19276.767583

15135.723325

15135.723325

19276.767583

23322.834355

27843.174164

31272.708598

31230.774136

26904.009334

21710.773081

17606.244616

15296.981488

14316.611557

13999.700025

13951.900924

13901.195727

13909.112969

13989.828953

14158.072027

14352.264936

14534.648181

14708.084438

14888.784789

15071.699191

15219.991018

15286.856936

15252.861776

15125.827885

14941.142051

14733.553636

14536.929964

14373.696916

14390.441848

14544.921285

14725.624598

14912.130345

15079.330987

15188.220898

15213.057575

15144.484755

15012.593078

14853.378852

14688.754711

14513.174179

14311.489931

14118.461585

13975.908197

13908.757952

13844.632445

13671.678739

13522.916889

13757.410189

15223.754837

18728.569363

24868.812232

32189.075002

35276.712680

31243.172479

23184.118746

16752.340291

13574.914024

10853.023104

10853.023104

13574.914024

16752.340291

23184.118746

31243.172479

35276.712680

32189.075002

24868.812232

18728.569363

15223.754837

13757.410189

13522.916889

13671.678739

13844.632445

13908.757952

13975.908197

14118.461585

14311.489931

14513.174179

14688.754711

14853.378852

15012.593078

15144.484755

15213.057575

15188.220898

15079.330987

14912.130345

14725.624598

14544.921285

14390.441848

14421.132408

14567.554605

14728.357872

14892.351890

15031.763443

15119.540964

15127.758351

15065.842289

14954.647869

14825.853884

14678.395088

14498.364731

14302.855337

14128.181206

14040.383560

13962.445641

13767.625267

13361.423743

12978.884443

13340.766715

15298.126390

20100.711225

27834.575009

34852.186312

33990.159497

23959.912639

13938.971505

8613.440110

6370.237772

5748.974263

5748.974263

6370.237772

8613.440110

13938.971505

23959.912639

33990.159497

34852.186312

27834.575009

20100.711225

15298.126390

13340.766715

12978.884443

13361.423743

13767.625267

13962.445641

14040.383560

14128.181206

14302.855337

14498.364731

14678.395088

14825.853884

14954.647869

15065.842289

15127.758351

15119.540964

15031.763443

14892.351890

14728.357872

14567.554605

14421.132408

14464.260850

14600.010599

14741.733988

14876.304399

14987.249655

15044.028933

15041.626933

14984.281243

14905.872109

14807.213169

14680.813258

14512.788961

14333.080938

14223.030842

14167.162344

14079.406921

13698.881029

13052.164199

12537.973479

12949.575246

15403.083245

20776.562582

28804.197618

33658.400694

28212.445116

17092.294454

8340.778881

4307.710883

3481.188765

3891.648442

3891.648442

3481.188765

4307.710883

8340.778881

17092.294454

28212.445116

33658.400694

28804.197618

20776.562582

15403.083245

12949.575246

12537.973479

13052.164199

13698.881029

14079.406921

14167.162344

14223.030842

14333.080938

14512.788961

14680.813258

14807.213169

14905.872109

14984.281243

15041.626933

15044.028933

14987.249655

14876.304399

14741.733988

14600.010599

14464.260850

14515.609854

14640.331230

14758.665345

14866.141549

14941.516417

14973.577115

14954.148389

14914.127422

14862.110787

14804.282715

14699.972043

14556.034679

14424.450201

14367.262462

14378.937998

14212.850479

13696.967957

12817.643043

12193.051665

12636.441345

15066.886358

20417.373561

27248.696208

30222.440238

24142.328125

14032.140566

7494.413953

4078.047096

2727.939837

3271.700216

3271.700216

2727.939837

4078.047096

7494.413953

14032.140566

24142.328125

30222.440238

27248.696208

20417.373561

15066.886358

12636.441345

12193.051665

12817.643043

13696.967957

14212.850479

14378.937998

14367.262462

14424.450201

14556.034679

14699.972043

14804.282715

14862.110787

14914.127422

14954.148389

14973.577115

14941.516417

14866.141549

14758.665345

14640.331230

14515.609854

14573.298655

14681.827918

14779.254450

14856.895717

14905.265520

14907.740660

14883.343818

14849.340548

14835.108021

14803.980092

14737.244246

14622.305396

14544.613079

14563.251321

14594.984759

14419.204861

13733.381478

12756.765881

11988.311862

12302.766582

14427.258829

18804.205923

24614.043834

27078.192253

23060.098579

15405.987232

9348.220289

6501.239777

4901.885271

7060.362524

7060.362524

4901.885271

6501.239777

9348.220289

15405.987232

23060.098579

27078.192253

24614.043834

18804.205923

14427.258829

12302.766582

11988.311862

12756.765881

13733.381478

14419.204861

14594.984759

14563.251321

14544.613079

14622.305396

14737.244246

14803.980092

14835.108021

14849.340548

14883.343818

14907.740660

14905.265520

14856.895717

14779.254450

14681.827918

14573.298655

14630.766902

14723.206598

14799.116310

14856.474999

14878.197453

14864.007449

14824.825231

14805.491444

14805.880898

14813.683159

14766.064727

14699.116004

14667.196388

14749.056452

14830.144017

14620.332070

13925.835352

12834.510323

12020.617197

12034.930763

13546.597104

16835.951312

21331.607524

24965.685636

23885.987927

18733.367762

12308.648431

7967.327830

4729.929307

4843.949448

4843.949448

4729.929307

7967.327830

12308.648431

18733.367762

23885.987927

24965.685636

21331.607524

16835.951312

13546.597104

12034.930763

12020.617197

12834.510323

13925.835352

14620.332070

14830.144017

14749.056452

14667.196388

14699.116004

14766.064727

14813.683159

14805.880898

14805.491444

14824.825231

14864.007449

14878.197453

14856.474999

14799.116310

14723.206598

14630.766902

14684.064282

14760.671850

14823.073866

14864.604903

14873.388288

14839.603718

14793.894505

14767.498238

14787.471455

14804.570449

14796.086767

14748.377971

14777.570455

14898.019243

15033.050945

14870.179761

14193.548809

13176.236237

12236.399012

12018.482958

12743.398210

14835.657695

18162.563517

22096.036293

24143.141164

21018.303572

13611.723672

7085.552365

4384.842932

16180.622449

16180.622449

4384.842932

7085.552365

13611.723672

21018.303572

24143.141164

22096.036293

18162.563517

14835.657695

12743.398210

12018.482958

12236.399012

13176.236237

14193.548810

14870.179761

15033.050945

14898.019243

14777.570455

14748.377971

14796.086767

14804.570449

14787.471455

14767.498238

14793.894505

14839.603718

14873.388288

14864.604903

14823.073866

14760.671850

14684.064282

14727.315170

14795.343401

14850.743515

14888.374478

14887.492262

14844.200806

14780.506184

14749.149179

14761.540414

14799.531963

14798.914191

14796.341023

14837.010333

15020.442394

15187.087212

15127.250776

14573.148763

13653.287457

12773.733528

12233.830203

12409.693251

13176.091036

15166.340565

18002.179332

21547.068704

20327.875210

14745.291750

7533.884155

10638.987957

17946.477365

17946.477365

10638.987957

7533.884155

14745.291750

20327.875210

21547.068704

18002.179332

15166.340565

13176.091036

12409.693251

12233.830203

12773.733528

13653.287457

14573.148763

15127.250776

15187.087212

15020.442394

14837.010333

14796.341023

14798.914191

14799.531963

14761.540414

14749.149179

14780.506184

14844.200806

14887.492262

14888.374478

14850.743515

14795.343401

14727.315170

14759.486574

14826.595172

14883.804271

14922.759963

14921.661197

14868.213580

14792.145912

14741.604730

14750.994285

14787.503822

14815.692050

14817.223880

14896.408869

15071.463426

15324.395948

15340.346478

14986.692645

14247.232709

13460.894741

12924.476372

12528.918140

12522.676418

12559.259422

13983.107330

15747.948759

18878.834325

15120.337235

13761.214847

13323.913074

21592.696045

21592.696045

13323.913074

13761.214847

15120.337235

18878.834325

15747.948759

13983.107330

12559.259422

12522.676418

12528.918140

12924.476372

13460.894741

14247.232709

14986.692645

15340.346478

15324.395948

15071.463426

14896.408869

14817.223880

14815.692050

14787.503822

14750.994285

14741.604730

14792.145912

14868.213580

14921.661197

14922.759963

14883.804271

14826.595172

14759.486574

14782.359875

14853.826289

14917.004077

14962.068133

14963.981214

14909.048396

14821.218903

14757.197317

14754.371764

14799.685700

14837.029750

14862.550922

14919.591854

15116.647645

15366.997339

15537.144837

15325.501223

14829.477837

14262.028976

13834.161419

13551.239195

12694.059246

11747.992852

10449.988993

11162.604448

12863.758216

19265.439182

17838.917497

21496.226137

21695.276416

21695.276416

21496.226137

17838.917497

19265.439182

12863.758216

11162.604448

10449.988993

11747.992852

12694.059246

13551.239195

13834.161419

14262.028976

14829.477837

15325.501223

15537.144837

15366.997339

15116.647645

14919.591854

14862.550922

14837.029750

14799.685700

14754.371764

14757.197317

14821.218903

14909.048396

14963.981214

14962.068133

14917.004077

14853.826289

14782.359875

14800.106185

14876.015629

14943.238891

14994.739005

15004.938648

14956.004440

14866.755093

14792.903726

14782.221950

14831.767352

14887.660071

14913.051346

14958.285137

15101.005049

15383.560279

15612.437905

15609.384600

15282.757055

14929.986971

14905.456416

14896.438524

14480.604186

12238.987700

9763.340507

7556.855299

8371.607428

12678.477986

31390.398652

24433.974608

25296.770527

25296.770527

24433.974608

31390.398652

12678.477986

8371.607428

7556.855299

9763.340507

12238.987700

14480.604186

14896.438524

14905.456416

14929.986971

15282.757055

15609.384600

15612.437905

15383.560279

15101.005049

14958.285137

14913.051346

14887.660071

14831.767352

14782.221950

14792.903726

14866.755093

14956.004440

15004.938648

14994.739005

14943.238891

14876.015629

14800.106185

14818.312534

14890.353194

14956.850878

15012.318321

15034.875745

15001.083228

14920.642098

14842.724754

14826.688153

14879.710868

14954.298219

14984.478798

14992.048164

15077.716925

15318.214110

15629.188184

15767.357963

15584.974829

15382.889700

15500.685665

16366.213104

16585.477881

15287.316518

11047.330609

7480.909038

5380.626879

6538.716831

13973.845207

67807.467934

21852.092346

21852.092346

67807.467934

13973.845207

6538.716831

5380.626879

7480.909038

11047.330609

15287.316518

16585.477881

16366.213104

15500.685665

15382.889700

15584.974829

15767.357963

15629.188184

15318.214110

15077.716925

14992.048164

14984.478798

14954.298219

14879.710868

14826.688153

14842.724754

14920.642098

15001.083228

15034.875745

15012.318321

14956.850878

14890.353194

14818.312534

14837.639065

14898.336402

14955.860833

15013.206778

15049.425159

15037.021849

14971.676473

14895.854676

14871.753637

14931.648129

15023.404436

15070.375528

15039.846589

15047.387018

15213.270853

15560.210840

15811.447342

15789.699674

15464.568092

15661.727449

16518.195577

18462.888999

18533.341025

15998.111012

10314.206035

6473.359058

4551.355309

4969.728812

11129.552708

73152.643412

73152.643412

11129.552708

4969.728812

4551.355309

6473.359058

10314.206035

15998.111012

18533.341025

18462.888999

16518.195577

15661.727449

15464.568092

15789.699674

15811.447342

15560.210840

15213.270853

15047.387018

15039.846589

15070.375528

15023.404436

14931.648129

14871.753637

14895.854676

14971.676473

15037.021849

15049.425159

15013.206778

14955.860833

14898.336402

14837.639065

14858.163633

14900.640403

14946.738300

15002.017531

15050.187316

15058.588986

15011.456416

14939.431392

14911.428134

14972.113164

15091.482012

15158.318204

15116.041506

15026.955550

15099.805820

15386.942663

15781.323645

15803.479723

15538.134578

15144.945118

15921.907404

17600.896759

20634.072802

20810.123203

18207.260147

12451.200869

8706.173082

6940.736623

5950.740119

8178.447024

8178.447024

5950.740119

6940.736623

8706.173082

12451.200869

18207.260147

20810.123203

20634.072802

17600.896759

15921.907404

15144.945118

15538.134578

15803.479723

15781.323645

15386.942663

15099.805820

15026.955550

15116.041506

15158.318204

15091.482012

14972.113164

14911.428134

14939.431392

15011.456416

15058.588986

15050.187316

15002.017531

14946.738300

14900.640403

14858.163633

14874.498120

14902.877943

14937.404244

14988.657817

15041.966004

15065.057106

15035.374997

14972.753483

14943.575354

15007.228483

15144.638859

15247.604237

15201.639043

15051.153337

14974.778560

15186.485266

15554.415129

15817.606977

15440.454104

14927.282068

14590.463182

15895.900823

18260.367128

22261.041274

23982.905987

23889.533737

21998.030959

20955.370948

32051.491981

19939.816274

19939.816274

32051.491981

20955.370948

21998.030959

23889.533737

23982.905987

22261.041274

18260.367128

15895.900823

14590.463182

14927.282068

15440.454104

15817.606977

15554.415129

15186.485266

14974.778560

15051.153337

15201.639043

15247.604237

15144.638859

15007.228483

14943.575354

14972.753483

15035.374997

15065.057106

15041.966004

14988.657817

14937.404244

14902.877943

14874.498120

14885.490020

14907.351195

14936.674384

14981.098335

15030.682882

15059.643228

15045.085057

15000.105387

14977.598493

15039.997489

15182.544744

15309.131359

15286.678863

15098.351496

14914.550143

14950.548358

15293.121495

15601.223740

15559.254581

14815.567577

14177.431734

13988.091424

15438.869418

18015.673958

21980.683843

25832.631100

27803.233530

33286.071956

21880.975954

17211.623825

17211.623825

21880.975954

33286.071956

27803.233530

25832.631100

21980.683843

18015.673958

15438.869418

13988.091424

14177.431734

14815.567577

15559.254581

15601.223740

15293.121495

14950.548358

14914.550143

15098.351496

15286.678863

15309.131359

15182.544744

15039.997489

14977.598493

15000.105387

15045.085057

15059.643228

15030.682882

14981.098335

14936.674384

14907.351195

14885.490020

14890.047040

14916.890527

14946.543282

14983.089087

15021.211070

15046.018329

15045.408029

15023.027400

15017.205403

15070.882876

15198.369318

15323.704368

15337.464762

15169.603745

14933.235802

14831.627873

15008.993059

15374.535968

15513.989451

15186.989038

14324.440070

13672.408550

13562.818194

14527.466052

16457.563340

18336.895110

20867.457046

17978.435034

15809.317246

12930.067929

12930.067929

15809.317246

17978.435034

20867.457046

18336.895110

16457.563340

14527.466052

13562.818194

13672.408550

14324.440070

15186.989038

15513.989451

15374.535968

15008.993059

14831.627873

14933.235802

15169.603745

15337.464762

15323.704368

15198.369318

15070.882876

15017.205403

15023.027400

15045.408029

15046.018329

15021.211070

14983.089087

14946.543282

14916.890527

14890.047040

14893.475119

14930.019683

14963.730858

14992.618833

15014.357716

15029.188393

15035.056348

15037.764291

15048.428853

15095.737714

15185.446154

15296.337099

15337.184561

15255.759202

15051.763972

14890.131968

14901.548907

15145.638994

15427.459480

15439.789956

15019.783903

14291.181347

13660.933103

13510.260387

13699.378463

14549.575451

14367.183471

14270.241451

12956.946171

12263.247390

12263.247390

12956.946171

14270.241451

14367.183471

14549.575451

13699.378463

13510.260387

13660.933103

14291.181347

15019.783903

15439.789956

15427.459480

15145.638994

14901.548907

14890.131968

15051.763972

15255.759202

15337.184561

15296.337099

15185.446154

15095.737714

15048.428853

15037.764291

15035.056348

15029.188393

15014.357716

14992.618833

14963.730858

14930.019683

14893.475119

14900.881008

14944.053082

14981.176323

15002.695823

15009.882640

15009.301223

15014.289076

15028.773038

15056.846421

15096.852438

15162.807598

15243.383858

15321.741432

15326.535071

15252.145792

15107.359713

15037.264242

15090.445737

15305.231799

15487.631920

15497.294522

15193.339359

14767.126016

14330.268030

14273.599087

14290.313710

14658.942119

14753.763925

14795.321558

14744.463203

14744.463203

14795.321558

14753.763925

14658.942119

14290.313710

14273.599087

14330.268030

14767.126016

15193.339359

15497.294522

15487.631920

15305.231799

15090.445737

15037.264242

15107.359713

15252.145792

15326.535071

15321.741432

15243.383858

15162.807598

15096.852438

15056.846422

15028.773038

15014.289076

15009.301223

15009.882640

15002.695823

14981.176323

14944.053082

14900.881008

14916.193700

14957.244804

14990.773605

15007.590116

15003.166813

14989.809469

14981.796113

14994.118300

15026.233714

15076.688797

15137.603319

15219.063919

15306.761868

15391.187716

15416.333765

15390.293708

15309.547986

15281.349513

15313.737942

15451.335771

15570.089649

15643.075008

15611.520604

15609.393855

15749.274172

16127.888744

16817.358951

17505.295312

18279.471999

18616.618960

18616.618960

18279.471999

17505.295312

16817.358951

16127.888744

15749.274172

15609.393855

15611.520604

15643.075008

15570.089649

15451.335771

15313.737942

15281.349513

15309.547986

15390.293708

15416.333765

15391.187716

15306.761868

15219.063919

15137.603319

15076.688797

15026.233714

14994.118300

14981.796113

14989.809469

15003.166813

15007.590116

14990.773605

14957.244804

14916.193700

14939.826627

14966.754482

14992.147981

15000.431566

14994.026980

14973.040913

14950.091186

14943.537038

14971.437417

15035.227382

15127.429250

15226.281598

15323.879394

15406.952620

15482.068773

15531.286621

15566.387092

15568.323656

15571.080240

15567.413928

15586.896798

15646.462709

15748.583494

16027.346153

16401.844364

17167.119205

17939.881306

19078.793406

19834.983414

20442.363256

20442.363256

19834.983414

19078.793406

17939.881306

17167.119205

16401.844364

16027.346153

15748.583494

15646.462709

15586.896798

15567.413928

15571.080240

15568.323656

15566.387092

15531.286621

15482.068773

15406.952620

15323.879394

15226.281598

15127.429250

15035.227382

14971.437417

14943.537038

14950.091186

14973.040913

14994.026980

15000.431566

14992.147981

14966.754482

14939.826627

14963.197013

14978.446696

14983.536103

14985.664788

14983.338486

14966.625880

14935.759235

14908.842129

14919.871559

14992.552278

15114.588414

15243.332916

15333.190250

15375.354715

15407.507215

15481.909621

15620.652051

15786.873424

15912.496825

15926.279005

15859.256798

15727.369334

15732.717116

15806.513503

16239.151059

16690.663116

17536.093032

18160.073002

18919.676008

19228.288301

19228.288301

18919.676008

18160.073002

17536.093032

16690.663116

16239.151059

15806.513503

15732.717116

15727.369334

15859.256798

15926.279005

15912.496825

15786.873424

15620.652051

15481.909621

15407.507215

15375.354715

15333.190250

15243.332916

15114.588414

14992.552278

14919.871559

14908.842129

14935.759235

14966.625880

14983.338486

14985.664788

14983.536103

14978.446696

14963.197013

14987.987144

14989.638028

14975.026299

14972.244389

14977.377817

14977.593105

14952.534701

14917.336085

14909.591809

14965.387722

15080.998050

15209.532872

15285.206561

15293.265282

15276.279622

15333.499685

15512.079612

15807.426430

16094.078136

16290.471945

16285.624828

16217.734078

16066.162266

16133.304646

16208.394878

16617.220451

16902.916002

17415.395809

17659.832713

17893.505237

17893.505237

17659.832713

17415.395809

16902.916002

16617.220451

16208.394878

16133.304646

16066.162266

16217.734078

16285.624828

16290.471945

16094.078136

15807.426430

15512.079612

15333.499685

15276.279622

15293.265282

15285.206561

15209.532872

15080.998050

14965.387722

14909.591809

14917.336085

14952.534701

14977.593105

14977.377817

14972.244389

14975.026299

14989.638028

14987.987144

14997.266587

14989.060185

14978.528661

14972.931374

14987.220710

14998.119718

14994.319406

14974.293106

14958.632767

14970.294106

15021.477719

15090.364197

15150.476073

15176.543652

15200.631648

15260.705948

15422.073728

15669.614272

15995.414158

16289.910673

16575.820071

16750.933831

16995.105256

17149.297227

17490.936030

17690.226146

18075.251229

18238.283211

18491.424543

18550.980730

18550.980730

18491.424543

18238.283211

18075.251229

17690.226146

17490.936031

17149.297227

16995.105256

16750.933831

16575.820071

16289.910673

15995.414158

15669.614272

15422.073728

15260.705948

15200.631648

15176.543652

15150.476073

15090.364197

15021.477719

14970.294106

14958.632767

14974.293106

14994.319406

14998.119718

14987.220710

14972.931374

14978.528661

14989.060185

14997.266587

15015.564020

14992.611862

14994.559723

14988.970922

14991.724555

15003.837152

15025.960648

15046.232767

15042.531208

15006.610986

14951.821715

14921.288589

14950.400312

15056.045872

15200.061205

15341.714717

15430.547742

15513.276536

15622.146110

15910.029556

16339.484375

17054.226571

17794.620470

18747.393631

19472.976855

20339.301912

20844.807047

21455.324930

21720.242404

21949.835697

21949.835697

21720.242404

21455.324930

20844.807048

20339.301912

19472.976855

18747.393631

17794.620470

17054.226571

16339.484375

15910.029556

15622.146110

15513.276536

15430.547742

15341.714717

15200.061205

15056.045872

14950.400312

14921.288589

14951.821715

15006.610986

15042.531208

15046.232767

15025.960648

15003.837152

14991.724555

14988.970922

14994.559723

14992.611862

15015.564020

