AXIS X

0.000000 0.000500 0.001000 0.001500 0.002000 0.002500 0.003000 0.003500 0.004000 0.004500 0.005000 0.005500 0.006000 0.006500 0.007000 0.007500 0.008000 0.008500 0.009000 0.009500 0.010000 0.010500 0.011000 0.011500 0.012000 0.012500 0.013000 0.013500 0.014000 0.014500 0.015000 0.015500 0.016000 0.016500 0.017000 0.017500 0.018000 0.018500 0.019000 0.019500 0.020000 0.020500 0.021000 0.021500 0.022000 0.022500 0.023000 0.023500 0.024000 0.024500 0.025000 0.025500 0.026000 0.026500 0.027000 0.027500 0.028000 0.028500 0.029000 0.029500 

AXIS Y

0.000000 0.000500 0.001000 0.001500 0.002000 0.002500 0.003000 0.003500 0.004000 0.004500 0.005000 0.005500 0.006000 0.006500 0.007000 0.007500 0.008000 0.008500 0.009000 0.009500 0.010000 0.010500 0.011000 0.011500 0.012000 0.012500 0.013000 0.013500 0.014000 0.014500 0.015000 0.015500 0.016000 0.016500 0.017000 0.017500 0.018000 0.018500 0.019000 0.019500 0.020000 0.020500 0.021000 0.021500 0.022000 0.022500 0.023000 0.023500 0.024000 0.024500 0.025000 0.025500 0.026000 0.026500 0.027000 0.027500 0.028000 0.028500 0.029000 0.029500 



DATA
10391.579634

10384.832407

10382.481965

10394.450632

10415.005420

10425.274742

10413.871772

10362.726115

10255.692736

10066.845020

9770.978164

9345.183298

8798.646196

8178.821975

7578.168896

7091.491596

6797.467651

6727.071666

6884.763450

7236.390001

7752.285908

8362.865675

9042.388721

9641.679409

10179.798979

10314.367977

10414.257606

10051.242147

11843.278074

11501.066554

11501.066554

11843.278074

10051.242147

10414.257606

10314.367977

10179.798979

9641.679409

9042.388721

8362.865675

7752.285908

7236.390001

6884.763450

6727.071666

6797.467651

7091.491596

7578.168896

8178.821975

8798.646196

9345.183298

9770.978164

10066.845020

10255.692736

10362.726115

10413.871772

10425.274742

10415.005420

10394.450632

10382.481965

10384.832407

10391.579634

10414.403246

10414.218841

10397.749148

10371.706626

10346.510155

10298.457563

10220.412782

10096.969469

9915.059182

9669.801610

9368.200565

9037.590306

8712.091914

8426.589759

8195.094572

8021.804164

7900.911494

7844.784065

7870.368684

8009.585429

8271.145556

8665.441782

9159.745566

9747.202629

10326.091196

10773.188864

10766.309934

11015.819343

11961.136033

11228.708147

11228.708147

11961.136033

11015.819343

10766.309934

10773.188864

10326.091196

9747.202629

9159.745566

8665.441782

8271.145556

8009.585429

7870.368684

7844.784065

7900.911494

8021.804164

8195.094572

8426.589759

8712.091914

9037.590306

9368.200565

9669.801610

9915.059182

10096.969469

10220.412782

10298.457563

10346.510155

10371.706626

10397.749148

10414.218841

10414.403246

10434.350242

10416.141682

10392.279080

10326.331544

10226.999210

10107.518183

9955.348759

9768.264143

9548.038240

9311.462118

9088.965339

8911.750576

8804.129500

8770.384228

8805.571248

8893.239444

9022.575933

9178.929570

9362.675139

9572.266864

9825.995688

10128.163094

10493.651444

10896.456204

11268.130426

11470.213409

11668.615629

11925.695324

11476.270913

11659.391126

11659.391126

11476.270913

11925.695324

11668.615629

11470.213409

11268.130426

10896.456204

10493.651444

10128.163094

9825.995688

9572.266864

9362.675139

9178.929570

9022.575933

8893.239444

8805.571248

8770.384228

8804.129500

8911.750576

9088.965339

9311.462118

9548.038240

9768.264143

9955.348759

10107.518183

10226.999210

10326.331544

10392.279080

10416.141682

10434.350242

10439.339728

10408.293209

10370.762671

10271.473963

10114.823326

9919.271744

9701.874465

9472.576675

9254.646990

9079.211251

8975.598725

8961.628586

9035.759240

9189.870047

9413.948559

9709.060458

10077.577270

10522.691669

11026.384822

11552.268312

12035.221674

12413.008683

12640.419329

12689.531824

12576.254524

12385.999648

12313.929629

12077.665999

11496.252279

11235.179059

11235.179059

11496.252279

12077.665999

12313.929629

12385.999648

12576.254524

12689.531824

12640.419329

12413.008683

12035.221674

11552.268312

11026.384822

10522.691669

10077.577270

9709.060458

9413.948559

9189.870047

9035.759240

8961.628586

8975.598725

9079.211251

9254.646990

9472.576675

9701.874465

9919.271744

10114.823326

10271.473963

10370.762671

10408.293209

10439.339728

10427.179393

10373.799525

10324.374002

10201.731171

10007.983014

9765.748337

9507.336695

9268.487817

9085.847469

8991.229471

9002.600197

9115.257518

9314.459398

9582.930052

9918.005018

10329.513881

10838.423871

11459.204146

12182.859393

12949.424436

13638.657529

14096.359843

14189.274446

13912.514289

13351.797775

12748.920395

12049.599904

11358.361893

10526.132764

10767.819324

10767.819324

10526.132764

11358.361893

12049.599904

12748.920395

13351.797775

13912.514289

14189.274446

14096.359843

13638.657529

12949.424436

12182.859393

11459.204145

10838.423871

10329.513881

9918.005019

9582.930052

9314.459398

9115.257518

9002.600197

8991.229471

9085.847469

9268.487817

9507.336695

9765.748337

10007.983014

10201.731171

10324.374002

10373.799525

10427.179393

10386.463997

10314.855482

10243.332922

10114.005078

9907.906636

9654.887876

9397.338951

9185.023547

9057.105037

9037.781129

9125.209331

9304.853463

9552.046314

9853.269671

10205.454910

10621.367298

11118.019196

11706.275249

12370.851503

13053.276606

13642.246840

13994.905386

14006.636509

13647.626491

13037.223477

12238.288095

11381.544319

10427.723083

10073.564958

10571.909669

10571.909669

10073.564958

10427.723083

11381.544319

12238.288095

13037.223477

13647.626491

14006.636509

13994.905386

13642.246840

13053.276606

12370.851503

11706.275249

11118.019196

10621.367298

10205.454910

9853.269671

9552.046314

9304.853463

9125.209331

9037.781129

9057.105037

9185.023547

9397.338951

9654.887876

9907.906636

10114.005078

10243.332922

10314.855482

10386.463997

10326.411189

10230.373505

10142.907019

10011.018121

9821.301315

9593.446157

9378.619622

9221.684069

9156.326546

9186.272908

9302.764573

9480.842366

9704.469886

9959.790434

10248.433617

10574.877744

10946.717327

11359.838301

11795.852442

12207.130329

12531.711409

12695.985082

12655.998927

12410.774797

11991.059094

11460.201259

10860.746060

10392.147344

10489.948945

10812.387803

10812.387803

10489.948945

10392.147344

10860.746060

11460.201259

11991.059094

12410.774797

12655.998927

12695.985082

12531.711409

12207.130329

11795.852442

11359.838301

10946.717327

10574.877744

10248.433617

9959.790434

9704.469886

9480.842366

9302.764573

9186.272908

9156.326546

9221.684069

9378.619622

9593.446157

9821.301315

10011.018121

10142.907019

10230.373505

10326.411189

10248.803700

10134.059800

10031.080690

9911.749106

9755.630258

9586.199253

9439.671444

9355.038834

9340.604908

9393.235659

9489.987000

9619.254028

9765.946116

9931.317126

10113.363276

10317.446329

10539.400064

10774.465757

10998.798315

11189.868513

11304.106116

11328.054080

11247.030770

11103.795548

10933.166829

10805.368446

10745.067397

10891.184010

11306.040805

11071.542352

11071.542352

11306.040805

10891.184010

10745.067397

10805.368446

10933.166829

11103.795548

11247.030770

11328.054080

11304.106116

11189.868513

10998.798315

10774.465757

10539.400064

10317.446329

10113.363276

9931.317126

9765.946116

9619.254028

9489.987000

9393.235659

9340.604908

9355.038834

9439.671444

9586.199253

9755.630258

9911.749106

10031.080690

10134.059800

10248.803700

10164.444565

10032.266592

9926.228882

9826.709313

9724.369948

9625.612929

9560.834833

9539.639466

9561.957573

9604.300867

9657.872365

9709.904516

9769.090576

9835.830214

9920.894917

10021.919058

10141.620480

10264.403872

10380.485992

10450.603176

10462.650870

10387.319135

10276.319458

10170.463177

10198.289835

10411.506408

10877.179445

11430.595057

11731.982508

11330.390150

11330.390150

11731.982508

11430.595057

10877.179445

10411.506408

10198.289835

10170.463177

10276.319458

10387.319135

10462.650870

10450.603176

10380.485992

10264.403872

10141.620480

10021.919058

9920.894917

9835.830214

9769.090576

9709.904516

9657.872365

9604.300867

9561.957573

9539.639466

9560.834833

9625.612929

9724.369948

9826.709313

9926.228882

10032.266592

10164.444565

10082.099261

9940.215089

9836.512906

9771.557107

9725.516619

9703.309604

9706.715388

9736.916736

9768.925834

9790.788479

9787.979313

9775.229675

9758.710715

9759.502324

9780.399365

9832.574138

9906.993798

10003.154645

10084.768475

10132.078270

10085.868330

9966.402043

9785.532595

9694.115206

9787.757049

10232.309755

10990.383453

11794.246174

11916.130383

11342.980539

11342.980539

11916.130383

11794.246174

10990.383453

10232.309755

9787.757049

9694.115206

9785.532595

9966.402043

10085.868330

10132.078270

10084.768475

10003.154645

9906.993798

9832.574138

9780.399365

9759.502324

9758.710715

9775.229675

9787.979313

9790.788479

9768.925834

9736.916736

9706.715388

9703.309604

9725.516619

9771.557107

9836.512906

9940.215089

10082.099261

10012.522217

9864.968502

9776.748651

9745.740019

9757.635278

9793.994827

9851.540530

9906.223201

9941.072872

9934.157825

9897.621139

9840.007331

9791.873391

9762.458614

9772.983393

9821.697799

9920.013287

10042.692517

10174.491546

10236.983707

10201.442005

10008.025385

9761.514188

9549.219379

9614.188016

10029.235093

10811.028223

11631.373533

11722.278578

11247.538619

11247.538619

11722.278578

11631.373533

10811.028223

10029.235093

9614.188016

9549.219379

9761.514188

10008.025385

10201.442005

10236.983707

10174.491546

10042.692517

9920.013287

9821.697799

9772.983393

9762.458614

9791.873391

9840.007331

9897.621139

9934.157825

9941.072872

9906.223201

9851.540530

9793.994827

9757.635278

9745.740019

9776.748651

9864.968502

10012.522217

9964.238404

9820.963648

9748.163812

9752.482770

9802.640525

9881.579320

9964.737187

10034.663946

10062.390513

10048.884842

9997.428195

9941.382230

9894.791682

9888.287699

9926.863209

10034.958473

10203.083318

10435.465296

10661.424326

10826.161616

10792.633292

10553.880510

10112.866370

9721.869873

9530.517679

9748.055042

10210.246778

10678.070835

10774.465428

11277.855564

11277.855564

10774.465428

10678.070835

10210.246778

9748.055042

9530.517679

9721.869874

10112.866370

10553.880510

10792.633292

10826.161616

10661.424326

10435.465296

10203.083318

10034.958473

9926.863209

9888.287699

9894.791682

9941.382230

9997.428195

10048.884842

10062.390513

10034.663946

9964.737187

9881.579320

9802.640525

9752.482770

9748.163812

9820.963648

9964.238404

9943.949893

9812.046117

9758.658595

9780.193527

9853.298967

9945.239705

10040.530253

10110.689279

10145.519187

10136.798106

10110.905696

10082.402053

10087.590086

10136.103493

10262.803965

10472.191481

10793.064856

11182.189627

11601.118721

11884.706033

11918.188570

11553.358126

10912.272886

10179.276338

9721.733122

9525.563964

9536.304329

9342.361469

9465.760593

11650.551430

11650.551430

9465.760593

9342.361469

9536.304329

9525.563964

9721.733122

10179.276338

10912.272886

11553.358126

11918.188570

11884.706033

11601.118721

11182.189627

10793.064856

10472.191481

10262.803965

10136.103493

10087.590086

10082.402053

10110.905696

10136.798106

10145.519187

10110.689279

10040.530253

9945.239705

9853.298967

9780.193527

9758.658595

9812.046117

9943.949893

9959.089280

9848.637728

9801.665238

9829.080424

9897.349198

9987.565793

10075.638799

10149.863830

10192.455321

10215.791005

10229.293560

10269.231620

10347.877672

10505.082816

10753.000559

11138.254288

11645.158872

12270.078024

12873.022542

13318.943165

13366.920138

12932.825785

12077.086093

11125.467648

10332.507700

9839.144598

9158.560021

8366.364243

8044.625114

12082.032517

12082.032517

8044.625114

8366.364243

9158.560021

9839.144598

10332.507700

11125.467648

12077.086093

12932.825785

13366.920138

13318.943165

12873.022542

12270.078024

11645.158872

11138.254288

10753.000559

10505.082816

10347.877672

10269.231620

10229.293560

10215.791005

10192.455321

10149.863830

10075.638799

9987.565793

9897.349198

9829.080424

9801.665238

9848.637728

9959.089280

10014.979414

9927.114380

9881.040247

9890.750564

9943.269409

10012.542132

10091.461794

10162.084495

10224.747773

10279.509178

10356.397954

10469.350638

10658.971188

10939.185041

11361.354796

11925.701838

12648.012353

13414.464567

14119.269658

14549.390549

14577.613714

14174.970572

13411.399326

12552.625572

11747.227933

10850.492548

9668.671867

7930.612233

6698.174937

12183.646652

12183.646652

6698.174937

7930.612233

9668.671867

10850.492548

11747.227933

12552.625572

13411.399326

14174.970572

14577.613714

14549.390549

14119.269658

13414.464567

12648.012353

11925.701838

11361.354796

10939.185041

10658.971188

10469.350638

10356.397954

10279.509178

10224.747773

10162.084495

10091.461793

10012.542132

9943.269409

9890.750564

9881.040247

9927.114380

10014.979414

10120.196153

10051.353690

9987.258917

9974.287879

9995.636638

10043.874255

10104.415967

10175.072311

10247.367464

10339.964852

10466.057821

10664.979051

10951.728318

11372.719684

11932.529950

12644.538423

13402.479627

14097.567939

14556.811185

14744.986006

14717.265417

14517.620625

14372.776040

14187.498138

14030.715398

13291.521421

11239.525760

8608.976949

5941.362033

11070.019725

11070.019725

5941.362033

8608.976949

11239.525760

13291.521421

14030.715398

14187.498139

14372.776040

14517.620625

14717.265417

14744.986006

14556.811185

14097.567939

13402.479627

12644.538423

11932.529950

11372.719684

10951.728318

10664.979051

10466.057821

10339.964852

10247.367464

10175.072311

10104.415967

10043.874255

9995.636638

9974.287879

9987.258917

10051.353690

10120.196153

10277.632750

10210.413499

10125.673051

10078.349830

10074.790118

10096.523103

10142.824241

10202.131237

10281.031330

10386.637374

10553.445549

10798.890645

11162.923316

11650.106900

12264.074185

12908.613510

13449.119615

13721.941127

13730.297527

13610.569178

13510.365015

13649.308750

14040.089290

15009.796318

16167.944135

16953.370346

14917.216187

10499.601248

6787.118016

10300.347787

10300.347787

6787.118016

10499.601248

14917.216187

16953.370346

16167.944135

15009.796318

14040.089290

13649.308750

13510.365015

13610.569178

13730.297527

13721.941127

13449.119615

12908.613510

12264.074185

11650.106900

11162.923316

10798.890645

10553.445549

10386.637374

10281.031330

10202.131237

10142.824241

10096.523103

10074.790118

10078.349830

10125.673051

10210.413499

10277.632750

10490.806458

10405.648975

10287.294233

10216.483968

10187.019509

10192.830140

10218.894294

10264.404109

10326.005199

10427.129983

10585.516128

10835.973419

11184.197123

11630.048771

12102.138167

12464.069962

12564.358195

12368.733396

12017.976190

11672.026599

11508.380713

11549.169084

11994.738565

12986.011968

14823.023473

17068.577571

18483.249528

13961.141309

8790.381841

9890.441669

9890.441669

8790.381841

13961.141309

18483.249528

17068.577572

14823.023473

12986.011968

11994.738565

11549.169084

11508.380713

11672.026599

12017.976190

12368.733397

12564.358195

12464.069962

12102.138167

11630.048771

11184.197123

10835.973419

10585.516128

10427.129983

10326.005199

10264.404109

10218.894294

10192.830140

10187.019509

10216.483968

10287.294233

10405.648975

10490.806458

10750.415070

10625.508114

10479.569874

10384.330934

10345.588963

10335.658756

10345.775891

10361.679260

10390.728924

10444.589660

10552.593481

10723.401345

10959.562925

11220.405553

11402.076596

11390.088799

11100.653356

10626.327074

10081.897523

9606.462408

9183.626345

8891.477569

8742.043412

8942.759395

9833.774102

10789.177040

11917.468693

14065.406996

14752.142915

9423.792036

9423.792036

14752.142914

14065.406996

11917.468693

10789.177040

9833.774102

8942.759395

8742.043412

8891.477569

9183.626345

9606.462408

10081.897523

10626.327074

11100.653356

11390.088799

11402.076596

11220.405553

10959.562925

10723.401345

10552.593481

10444.589660

10390.728924

10361.679260

10345.775891

10335.658756

10345.588963

10384.330934

10479.569874

10625.508114

10750.415070

11049.404561

10872.953422

10692.929049

10588.256569

10541.100869

10525.982756

10512.946903

10491.636993

10459.170928

10435.251408

10432.779154

10459.792227

10500.030926

10493.418116

10376.797434

10052.479173

9564.460190

8963.864552

8356.220200

7742.274331

7147.707194

6557.146780

6126.942351

5993.398077

6313.616574

7276.851202

7800.306750

9503.958098

16946.259885

9542.759041

9542.759041

16946.259884

9503.958098

7800.306750

7276.851202

6313.616574

5993.398077

6126.942351

6557.146780

7147.707194

7742.274331

8356.220200

8963.864552

9564.460190

10052.479173

10376.797434

10493.418116

10500.030926

10459.792227

10432.779154

10435.251408

10459.170928

10491.636993

10512.946903

10525.982756

10541.100869

10588.256569

10692.929049

10872.953422

11049.404561

11366.423552

11138.398341

10932.241938

10812.582754

10765.461667

10739.078992

10700.942362

10626.323847

10515.434479

10380.814647

10236.940125

10085.526268

9900.624278

9659.980856

9287.880799

8810.456941

8226.366548

7624.376289

7013.028148

6386.556512

5779.383709

5244.116076

4900.402850

4860.381069

5303.813502

6329.219376

7812.477427

9373.794190

15631.268007

12766.138121

12766.138120

15631.268007

9373.794190

7812.477427

6329.219376

5303.813502

4860.381069

4900.402850

5244.116076

5779.383709

6386.556512

7013.028148

7624.376289

8226.366548

8810.456941

9287.880799

9659.980856

9900.624278

10085.526268

10236.940125

10380.814647

10515.434479

10626.323847

10700.942362

10739.078992

10765.461667

10812.582754

10932.241938

11138.398341

11366.423552

11695.844149

11422.196663

11184.094558

11049.735512

10987.209018

10942.727440

10865.826948

10728.603688

10528.119447

10277.329859

9993.114611

9671.238289

9310.972942

8866.193205

8364.281144

7788.351232

7232.073416

6691.997741

6170.929192

5690.429432

5232.023982

4966.648403

4854.044432

5078.925632

5585.065278

6719.869108

8465.360538

12257.779565

20727.747719

15239.158573

15239.158571

20727.747719

12257.779565

8465.360538

6719.869108

5585.065278

5078.925632

4854.044432

4966.648403

5232.023982

5690.429432

6170.929192

6691.997741

7232.073416

7788.351232

8364.281144

8866.193205

9310.972942

9671.238289

9993.114611

10277.329859

10528.119447

10728.603688

10865.826948

10942.727440

10987.209018

11049.735512

11184.094558

11422.196663

11695.844149

12018.545596

11714.637842

11444.416246

11273.512529

11176.707934

11088.588361

10956.728886

10752.860094

10470.063995

10128.854058

9735.921123

9300.802345

8794.567274

8240.433959

7633.286887

7084.605723

6598.262389

6218.633530

5908.876273

5637.470582

5533.994921

5525.994658

5799.467971

6151.144704

6768.127404

7765.586382

9951.585559

16372.666470

22335.809310

30688.915628

30688.915627

22335.809310

16372.666470

9951.585559

7765.586382

6768.127404

6151.144704

5799.467971

5525.994658

5533.994921

5637.470582

5908.876273

6218.633530

6598.262389

7084.605723

7633.286887

8240.433959

8794.567274

9300.802345

9735.921123

10128.854058

10470.063995

10752.860094

10956.728886

11088.588361

11176.707934

11273.512529

11444.416246

11714.637842

12018.545596

12343.277819

12009.841026

11694.651494

11465.290881

11297.479826

11134.221828

10932.553235

10663.173843

10332.297822

9940.905857

9502.064481

8988.445316

8406.106282

7755.465199

7158.388524

6663.520261

6369.638267

6213.674805

6192.184194

6297.547019

6490.580613

6917.096987

7308.947952

7517.181705

7626.347989

8316.349214

11626.759235

17580.594682

17703.407003

27650.849979

27650.849979

17703.407003

17580.594682

11626.759234

8316.349214

7626.347989

7517.181705

7308.947952

6917.096987

6490.580613

6297.547019

6192.184194

6213.674805

6369.638267

6663.520261

7158.388524

7755.465199

8406.106282

8988.445316

9502.064481

9940.905857

10332.297822

10663.173843

10932.553235

11134.221828

11297.479826

11465.290881

11694.651494

12009.841026

12343.277819

12656.374232

12298.497092

11921.657619

11601.198910

11326.518425

11061.570926

10775.925297

10465.799743

10116.539298

9734.850725

9283.050862

8744.285255

8095.849477

7439.035436

6877.760222

6566.763493

6483.981589

6669.315650

7006.404751

7485.358167

8091.191994

8628.415100

8864.193516

8269.905877

7695.266428

9551.921494

14469.925212

17055.443558

17890.614843

24783.191110

24783.191110

17890.614843

17055.443558

14469.925212

9551.921494

7695.266428

8269.905877

8864.193516

8628.415100

8091.191994

7485.358167

7006.404751

6669.315650

6483.981589

6566.763493

6877.760222

7439.035436

8095.849477

8744.285255

9283.050862

9734.850725

10116.539298

10465.799743

10775.925297

11061.570926

11326.518425

11601.198910

11921.657619

12298.497092

12656.374232

12973.000012

12568.310764

12107.886329

11668.190344

11262.207607

10878.197162

10523.867429

10186.208324

9864.731766

9509.025589

9083.029794

8520.853334

7865.942548

7232.103490

6819.634362

6697.884295

6944.831002

7444.912164

8206.472813

9025.076585

9821.197618

10352.663329

9771.486593

8357.565118

8532.965339

12135.716508

16469.237116

16558.103751

17121.385047

20298.922356

20298.922356

17121.385047

16558.103751

16469.237116

12135.716508

8532.965339

8357.565118

9771.486593

10352.663329

9821.197618

9025.076585

8206.472813

7444.912164

6944.831002

6697.884295

6819.634362

7232.103490

7865.942548

8520.853334

9083.029794

9509.025589

9864.731766

10186.208324

10523.867429

10878.197162

11262.207607

11668.190344

12107.886329

12568.310764

12973.000012

13271.811376

12809.179014

12240.078464

11664.718669

11119.225410

10634.190834

10222.926304

9895.444552

9601.125428

9295.318714

8877.692501

8323.277978

7681.379189

7153.127636

6903.487480

7051.481512

7559.416424

8447.197314

9458.181343

10566.733173

11417.434538

11527.623876

10240.840720

9065.662948

10743.038400

14980.858562

16351.321288

15572.439865

15405.004739

20621.353802

20621.353802

15405.004739

15572.439865

16351.321288

14980.858561

10743.038400

9065.662948

10240.840720

11527.623876

11417.434538

10566.733173

9458.181343

8447.197314

7559.416424

7051.481512

6903.487480

7153.127636

7681.379189

8323.277978

8877.692501

9295.318714

9601.125428

9895.444552

10222.926304

10634.190834

11119.225410

11664.718669

12240.078464

12809.179014

13271.811376

13557.021794

13002.173412

12311.472689

11598.366653

10937.246332

10374.234890

9948.456305

9631.648128

9383.762116

9095.627723

8698.404096

8145.701079

7568.217020

7166.151454

7117.364905

7474.516258

8266.146911

9333.548598

10643.165387

11739.745209

12602.975251

12316.126130

10979.113986

11010.614758

13799.917599

15864.421222

15197.780595

13668.612155

13882.076095

21058.228376

21058.228376

13882.076095

13668.612155

15197.780596

15864.421222

13799.917599

11010.614758

10979.113986

12316.126129

12602.975251

11739.745209

10643.165387

9333.548598

8266.146911

7474.516258

7117.364905

7166.151454

7568.217020

8145.701079

8698.404096

9095.627723

9383.762116

9631.648128

9948.456305

10374.234890

10937.246332

11598.366653

12311.472689

13002.173412

13557.021794

13789.668561

13136.349690

12318.633470

11491.643819

10747.275779

10156.470319

9730.995404

9451.341188

9220.873106

8958.359870

8552.977657

8031.151988

7529.130603

7267.287337

7380.662453

7916.169934

8833.590154

10115.384543

11374.947508

12633.984456

13143.504086

12942.982921

12552.632797

13794.757570

15474.185746

14982.347101

13887.456267

11913.857675

12592.956092

27435.369104

27435.369105

12592.956092

11913.857675

13887.456267

14982.347101

15474.185746

13794.757570

12552.632797

12942.982921

13143.504086

12633.984456

11374.947508

10115.384543

8833.590154

7916.169934

7380.662453

7267.287337

7529.130603

8031.151988

8552.977657

8958.359870

9220.873106

9451.341188

9730.995404

10156.470319

10747.275779

11491.643819

12318.633470

13136.349690

13789.668561

13957.735895

13193.057174

12269.987109

11362.781171

10587.962225

9998.577225

9609.380817

9352.327980

9153.191388

8882.794906

8490.115274

7991.937750

7575.027020

7428.237345

7651.508066

8265.947477

9281.660348

10528.424999

11926.662970

12783.099680

13411.684171

13710.638059

14356.592290

15651.111424

14869.021133

14245.491549

12276.191282

11644.985695

13500.960464

31476.363971

31476.363971

13500.960464

11644.985695

12276.191283

14245.491549

14869.021133

15651.111424

14356.592290

13710.638059

13411.684171

12783.099680

11926.662970

10528.424999

9281.660348

8265.947477

7651.508066

7428.237345

7575.027020

7991.937750

8490.115274

8882.794906

9153.191388

9352.327980

9609.380817

9998.577225

10587.962225

11362.781171

12269.987109

13193.057174

13957.735895

14015.993227

13169.171095

12172.557491

11236.833662

10469.692470

9923.821650

9571.126452

9357.528354

9163.617703

8906.926091

8507.301234

8048.985095

7695.372823

7619.264174

7887.985322

8520.548791

9499.860892

10791.527440

11903.383098

12815.657233

13380.112276

14306.035793

15589.131505

14938.238519

14400.762368

13017.662241

12826.759859

11644.899700

17714.993896

33893.402597

33893.402597

17714.993895

11644.899700

12826.759859

13017.662241

14400.762368

14938.238519

15589.131505

14306.035793

13380.112276

12815.657234

11903.383098

10791.527440

9499.860892

8520.548791

7887.985322

7619.264174

7695.372823

8048.985095

8507.301234

8906.926091

9163.617703

9357.528354

9571.126452

9923.821650

10469.692470

11236.833662

12172.557491

13169.171095

14015.993227

13956.384199

13058.945017

12042.812974

11121.739095

10407.394025

9916.276787

9625.371120

9439.024029

9274.452056

9009.582842

8627.668482

8185.839086

7874.049129

7819.223645

8076.729534

8657.512479

9595.888784

10727.152876

11814.744745

12552.163440

13428.486463

14525.368632

14618.580206

13838.653289

13026.923109

14179.256103

13381.369948

16076.352515

19695.238313

29091.465940

29091.465939

19695.238313

16076.352515

13381.369949

14179.256103

13026.923109

13838.653289

14618.580206

14525.368632

13428.486463

12552.163440

11814.744745

10727.152876

9595.888784

8657.512479

8076.729534

7819.223645

7874.049129

8185.839086

8627.668482

9009.582842

9274.452056

9439.024029

9625.371120

9916.276787

10407.394025

11121.739095

12042.812974

13058.945017

13956.384199

13760.032348

12875.224479

11887.846298

11029.709981

10387.042063

9977.856623

9740.089244

9606.661870

9453.186997

9210.955785

8822.448115

8401.211466

8087.437772

8017.860426

8214.242153

8725.381474

9543.687469

10583.848296

11585.464430

12429.521820

13313.452140

13519.710634

12825.828575

11950.285440

12903.719501

14697.912486

19289.571690

19435.165823

24220.613425

20595.469019

20595.469019

24220.613425

19435.165823

19289.571690

14697.912485

12903.719501

11950.285440

12825.828575

13519.710634

13313.452140

12429.521820

11585.464430

10583.848296

9543.687469

8725.381474

8214.242153

8017.860426

8087.437772

8401.211466

8822.448115

9210.955785

9453.186997

9606.661870

9740.089244

9977.856623

10387.042063

11029.709981

11887.846298

12875.224479

13760.032348

13450.774421

12627.565614

11722.030089

10951.773479

10408.625223

10076.662185

9916.860055

9821.979659

9714.216562

9473.030537

9102.856293

8661.691707

8335.882154

8201.834713

8333.575257

8728.530614

9444.802357

10404.904877

11400.403674

12321.130901

12505.436901

12061.939128

10698.401696

10402.303575

12010.846611

18452.722397

24327.890454

29179.552717

20127.173801

14370.902226

14370.902226

20127.173801

29179.552717

24327.890454

18452.722397

12010.846611

10402.303574

10698.401696

12061.939128

12505.436901

12321.130901

11400.403674

10404.904877

9444.802357

8728.530614

8333.575257

8201.834713

8335.882154

8661.691707

9102.856293

9473.030537

9714.216562

9821.979659

9916.860055

10076.662185

10408.625223

10951.773479

11722.030089

12627.565614

13450.774421

13049.973054

12340.616025

11544.888909

10890.969653

10444.224311

10210.301055

10113.967047

10092.231424

10012.295066

9811.755261

9425.427312

8980.817341

8590.987895

8404.765191

8419.859336

8732.636630

9325.307424

10248.980516

11317.608681

11805.054381

11610.444562

10247.083854

9169.113490

8961.452672

11850.124332

18740.460694

31433.438776

28739.604109

25751.449875

14560.351939

14560.351939

25751.449875

28739.604106

31433.438777

18740.460694

11850.124332

8961.452672

9169.113490

10247.083854

11610.444562

11805.054381

11317.608682

10248.980516

9325.307424

8732.636630

8419.859336

8404.765191

8590.987895

8980.817341

9425.427312

9811.755261

10012.295066

10092.231424

10113.967047

10210.301055

10444.224311

10890.969653

11544.888909

12340.616025

13049.973054

12605.723338

12028.562708

11368.380055

10827.822028

10492.772061

10338.273385

10333.640493

10365.787774

10360.072537

10173.246126

9811.569007

9315.466759

8889.970053

8592.153757

8538.551435

8701.982249

9257.182026

10151.627671

11106.916040

11374.249293

10490.916651

9169.968424

7890.407882

8473.113326

11248.537980

18489.714759

21759.557106

25110.534788

20274.952711

22437.370892

22437.370892

20274.952711

25110.534788

21759.557106

18489.714759

11248.537980

8473.113326

7890.407882

9169.968424

10490.916651

11374.249293

11106.916040

10151.627671

9257.182025

8701.982249

8538.551435

8592.153757

8889.970053

9315.466759

9811.569007

10173.246126

10360.072537

10365.787774

10333.640493

10338.273385

10492.772061

10827.822028

11368.380055

12028.562708

12605.723338

12150.369473

11717.715215

11185.917399

10767.786855

10521.187807

10463.681204

10523.551057

10650.905804

10692.876558

10577.227491

10202.095530

9703.491240

9185.262898

8829.178833

8623.318934

8735.362079

9169.698001

10118.320834

10920.733694

10973.830881

9973.854524

8474.972066

7630.052712

8440.416619

12078.307432

16003.516120

18550.238124

12154.351364

32003.237412

26767.234095

26767.234095

32003.237412

12154.351364

18550.238124

16003.516120

12078.307432

8440.416619

7630.052712

8474.972066

9973.854524

10973.830881

10920.733694

10118.320834

9169.698001

8735.362079

8623.318934

8829.178833

9185.262898

9703.491240

10202.095530

10577.227491

10692.876558

10650.905804

10523.551057

10463.681204

10521.187807

10767.786855

11185.917399

11717.715215

12150.369473

11723.852705

11415.931790

11012.317747

10689.643298

10538.743143

10542.734396

10694.366408

10880.176422

11026.326350

10946.385567

10629.027086

10082.046173

9534.612421

9047.163067

8773.193151

8724.141317

9197.534925

9997.745282

10891.331610

10770.134959

9941.151412

8519.797896

8232.923449

9681.966128

12001.185536

14394.442368

14361.843554

14387.642499

14836.153510

21747.804493

21747.804494

14836.153510

14387.642499

14361.843554

14394.442368

12001.185536

9681.966128

8232.923449

8519.797896

9941.151412

10770.134959

10891.331610

9997.745282

9197.534925

8724.141317

8773.193151

9047.163067

9534.612421

10082.046173

10629.027086

10946.385567

11026.326350

10880.176422

10694.366408

10542.734396

10538.743143

10689.643298

11012.317747

11415.931790

11723.852705

11340.028097

11144.612070

10838.311119

10609.695876

10515.476955

10594.573618

10790.366121

11073.940876

11275.609771

11306.857548

11005.863461

10496.680395

9866.627592

9325.882850

8897.198232

8815.764259

9142.040606

10032.522273

10680.506111

10970.492902

10028.280668

9277.826770

9622.765433

10868.757584

11156.233393

11442.488015

13722.120873

13455.153518

9488.028384

6003.083595

6003.083595

9488.028384

13455.153518

13722.120873

11442.488015

11156.233393

10868.757584

9622.765433

9277.826770

10028.280668

10970.492902

10680.506111

10032.522273

9142.040606

8815.764259

8897.198232

9325.882850

9866.627592

10496.680395

11005.863461

11306.857548

11275.609771

11073.940876

10790.366121

10594.573618

10515.476955

10609.695876

10838.311119

11144.612070

11340.028097

11017.886855

10901.187512

10683.245716

10510.293766

10477.599972

10582.350606

10844.033708

11162.250018

11473.758090

11556.920861

11370.421253

10854.295992

10238.673781

9589.773888

9104.214383

8885.550782

9206.018012

9870.773764

10695.479600

10726.432968

10488.415081

10049.778784

11472.764884

11586.833128

10162.705964

11355.041885

16343.767727

20149.474358

10038.233519

14747.557462

14747.557459

10038.233518

20149.474358

16343.767727

11355.041885

10162.705964

11586.833128

11472.764884

10049.778784

10488.415081

10726.432968

10695.479600

9870.773764

9206.018012

8885.550782

9104.214383

9589.773888

10238.673781

10854.295992

11370.421253

11556.920861

11473.758090

11162.250018

10844.033708

10582.350606

10477.599972

10510.293766

10683.245716

10901.187512

11017.886855

10751.158168

10700.674276

10535.960801

10418.314209

10403.272557

10546.345846

10811.211856

11194.156224

11534.983858

11744.784321

11606.823222

11202.906542

10557.296663

9908.257466

9320.050028

9054.460382

9216.840804

9826.146639

10342.370546

10640.391855

10219.248028

11100.225776

12804.719541

12258.484645

10796.593973

11171.200243

15499.527822

11489.117145

13286.787104

4093.741307

4093.741307

13286.787104

11489.117145

15499.527822

11171.200242

10796.593973

12258.484645

12804.719541

11100.225776

10219.248028

10640.391855

10342.370546

9826.146639

9216.840804

9054.460382

9320.050028

9908.257466

10557.296663

11202.906542

11606.823222

11744.784321

11534.983858

11194.156224

10811.211856

10546.345846

10403.272557

10418.314209

10535.960801

10700.674276

10751.158168

10545.494806

10532.089370

10417.199783

10319.003201

10330.809120

10461.356735

10748.494950

11117.041839

11528.297191

11768.836661

11779.234361

11418.338292

10879.824683

10194.536907

9611.206288

9247.603200

9315.179808

9701.232002

10128.381747

10064.937384

10051.299345

11006.410562

13913.453613

13492.367540

10698.398867

9731.209469

8527.757955

11254.381294

4247.620241

19356.679313

19356.679314

4247.620241

11254.381294

8527.757955

9731.209469

10698.398867

13492.367540

13913.453613

11006.410562

10051.299345

10064.937384

10128.381747

9701.232002

9315.179808

9247.603200

9611.206288

10194.536907

10879.824683

11418.338292

11779.234361

11768.836661

11528.297191

11117.041839

10748.494950

10461.356735

10330.809120

10319.003201

10417.199783

10532.089370

10545.494807

10385.419046

10405.714160

10313.124366

10241.723982

10242.893816

10377.652359

10626.686724

11006.015388

11391.919905

11720.766851

11772.777272

11580.818752

11079.682669

10506.810235

9893.896128

9521.496359

9451.221622

9694.768041

9892.980601

9762.391555

9403.833752

10395.562794

13238.523783

13960.202922

11282.170214

8875.204048

9488.672887

5576.407021

9688.620669

18961.513300

18961.513300

9688.620669

5576.407021

9488.672887

8875.204048

11282.170214

13960.202922

13238.523782

10395.562794

9403.833752

9762.391555

9892.980601

9694.768041

9451.221622

9521.496359

9893.896128

10506.810235

11079.682669

11580.818752

11772.777272

11720.766851

11391.919905

11006.015388

10626.686724

10377.652359

10242.893816

10241.723982

10313.124366

10405.714160

10385.419046

10272.955613

10306.563900

10241.600691

10170.260440

10176.600876

10274.601361

10508.031006

10827.422775

11222.061799

11529.780356

11702.046501

11565.613516

11248.514146

10713.612292

10218.464149

9798.089952

9690.890336

9783.580627

9922.924334

9602.355937

9061.982041

9097.911993

10883.027311

12375.392700

11771.774455

11313.309664

8820.427468

6925.298832

7783.422333

16677.043929

16677.043929

7783.422333

6925.298832

8820.427468

11313.309664

11771.774455

12375.392700

10883.027310

9097.911993

9061.982041

9602.355937

9922.924334

9783.580627

9690.890336

9798.089952

10218.464149

10713.612292

11248.514146

11565.613516

11702.046501

11529.780356

11222.061799

10827.422775

10508.031006

10274.601361

10176.600876

10170.260440

10241.600691

10306.563900

10272.955613

10192.254566

10242.263541

10185.728857

10128.128193

10112.294069

10195.448537

10368.178879

10656.666744

10980.432186

11313.601395

11486.691632

11504.811156

11252.071918

10908.961634

10445.212628

10129.437257

9947.676479

10059.584333

10125.354789

9958.991292

8969.180257

8303.748293

8215.174226

9180.737085

9915.956852

13127.604684

11487.277743

7578.802019

8017.696161

12432.873535

12432.873536

8017.696161

7578.802019

11487.277743

13127.604684

9915.956852

9180.737084

8215.174226

8303.748293

8969.180257

9958.991292

10125.354789

10059.584333

9947.676479

10129.437257

10445.212628

10908.961634

11252.071918

11504.811156

11486.691632

11313.601395

10980.432186

10656.666744

10368.178879

10195.448537

10112.294069

10128.128193

10185.728857

10242.263541

10192.254566

10146.473972

10197.320856

10158.276025

10095.124653

10076.814340

10116.746843

10256.590294

10465.960275

10756.365452

11027.473438

11260.519229

11306.975131

11230.198690

10951.414168

10670.713643

10363.336975

10286.316916

10344.006451

10652.210636

10521.578421

9810.982969

8071.067000

7167.614502

6597.907097

7349.307898

9145.091699

16208.030990

11658.788232

8208.611220

10219.869397

10219.869397

8208.611220

11658.788233

16208.030990

9145.091699

7349.307898

6597.907097

7167.614502

8071.067000

9810.982969

10521.578421

10652.210636

10344.006451

10286.316916

10363.336975

10670.713643

10951.414168

11230.198690

11306.975131

11260.519229

11027.473438

10756.365452

10465.960275

10256.590294

10116.746843

10076.814340

10095.124653

10158.276025

10197.320856

10146.473972

10122.701154

10177.946392

10140.444170

10086.535236

10046.390883

10068.221359

10146.790770

10312.012342

10517.910629

10771.955546

10969.075108

11112.382478

11083.502437

10983.457878

10755.849536

10605.288320

10513.581068

10725.885362

11060.587317

11545.278137

10982.874217

9408.114969

7190.656022

6265.489081

5916.963670

7182.917821

9585.902144

17398.048438

13528.826088

8018.233583

8018.233583

13528.826088

17398.048437

9585.902143

7182.917821

5916.963670

6265.489081

7190.656022

9408.114969

10982.874217

11545.278137

11060.587317

10725.885362

10513.581068

10605.288320

10755.849536

10983.457878

11083.502437

11112.382478

10969.075108

10771.955546

10517.910629

10312.012342

10146.790770

10068.221359

10046.390883

10086.535236

10140.444170

10177.946392

10122.701154

10125.273608

10169.897597

10140.967407

10080.147757

10038.354296

10023.846541

10072.606414

10165.861181

10328.838156

10509.000840

10718.565619

10857.022651

10950.707590

10907.882896

10843.991948

10722.402175

10745.970578

10914.203600

11453.355639

12082.634135

12533.345498

11354.932960

9047.507713

7033.808317

6562.249263

6502.208427

8288.316322

9930.225138

16039.000327

11359.418232

11359.418232

16039.000327

9930.225138

8288.316322

6502.208427

6562.249262

7033.808317

9047.507713

11354.932960

12533.345498

12082.634135

11453.355639

10914.203600

10745.970578

10722.402175

10843.991948

10907.882896

10950.707590

10857.022651

10718.565619

10509.000840

10328.838156

10165.861181

10072.606414

10023.846541

10038.354296

10080.147757

10140.967407

10169.897597

10125.273608

10143.031495

10178.596445

10142.254687

10086.976527

10029.012610

10004.435350

10007.035871

10066.216090

10156.915559

10307.630299

10464.323404

10646.321171

10761.729730

10852.659712

10844.743492

10848.477140

10848.534896

11038.368329

11442.689621

12181.608471

12896.743554

12942.916140

11469.503175

9249.251398

7847.882385

7765.691508

7973.343746

9003.627231

8465.792436

7631.092659

7631.092659

8465.792436

9003.627231

7973.343746

7765.691508

7847.882385

9249.251398

11469.503175

12942.916140

12896.743554

12181.608471

11442.689621

11038.368329

10848.534896

10848.477140

10844.743492

10852.659712

10761.729730

10646.321171

10464.323404

10307.630299

10156.915559

10066.216090

10007.035871

10004.435350

10029.012610

10086.976527

10142.254687

10178.596445

10143.031495

10179.193225

10191.755751

10152.769559

10088.528420

10033.299727

9986.393800

9975.047941

9984.169594

10044.628897

10130.949547

10277.383506

10428.725185

10610.900019

10739.189932

10857.376196

10892.381954

10936.401094

10997.731544

11244.441707

11715.205176

12334.815093

12831.809369

12596.090529

11655.192689

10507.858640

10337.464656

11266.307837

14752.508747

22325.625582

13554.511670

13554.511670

22325.625582

14752.508747

11266.307837

10337.464657

10507.858640

11655.192689

12596.090529

12831.809369

12334.815093

11715.205176

11244.441707

10997.731544

10936.401094

10892.381954

10857.376196

10739.189932

10610.900019

10428.725185

10277.383506

10130.949547

10044.628897

9984.169594

9975.047941

9986.393800

10033.299727

10088.528420

10152.769559

10191.755751

10179.193225

10221.898773

10214.638783

10160.073703

10098.094765

10033.456210

9988.634099

9951.411387

9946.896503

9958.063885

10022.653874

10114.382890

10271.537125

10436.029568

10637.516775

10786.989966

10914.517205

10933.835622

10930.232984

10948.024974

11138.891155

11536.539217

11979.536441

12337.148345

12425.436981

12484.037547

13150.929621

14395.420516

16658.077825

13010.886541

11048.896434

11048.896434

13010.886541

16658.077825

14395.420516

13150.929621

12484.037548

12425.436981

12337.148345

11979.536441

11536.539217

11138.891155

10948.024974

10930.232984

10933.835622

10914.517205

10786.989966

10637.516775

10436.029568

10271.537125

10114.382890

10022.653874

9958.063885

9946.896503

9951.411387

9988.634099

10033.456210

10098.094765

10160.073703

10214.638783

10221.898773

10272.032811

10237.573496

10175.222817

10104.649847

10046.884467

9991.653432

9956.279321

9923.669941

9924.269671

9941.611422

10018.920689

10124.577662

10298.805054

10475.987782

10684.659524

10816.930506

10893.833749

10827.546292

10742.288963

10711.947144

10885.368227

11233.044844

11649.171653

11958.884236

12272.445407

12310.366936

12322.741138

11621.028898

10975.727500

9697.557197

9697.557197

10975.727500

11621.028898

12322.741138

12310.366936

12272.445407

11958.884236

11649.171653

11233.044844

10885.368227

10711.947144

10742.288963

10827.546292

10893.833749

10816.930506

10684.659524

10475.987782

10298.805054

10124.577662

10018.920689

9941.611422

9924.269671

9923.669941

9956.279321

9991.653432

10046.884467

10104.649847

10175.222817

10237.573496

10272.032811

10317.622142

10265.885718

10190.762904

10123.718342

10061.057908

10013.866615

9965.075023

9934.777760

9906.394106

9916.721616

9945.666045

10037.274481

10150.714614

10327.598649

10490.301933

10669.082150

10740.152254

10749.676864

10625.992172

10540.747363

10517.444172

10684.548987

10903.140261

11155.349903

11203.335420

11124.078657

10792.745572

10644.601869

10033.873167

9687.973083

9687.973083

10033.873167

10644.601869

10792.745572

11124.078657

11203.335420

11155.349903

10903.140261

10684.548987

10517.444172

10540.747363

10625.992172

10749.676864

10740.152254

10669.082150

10490.301933

10327.598649

10150.714614

10037.274481

9945.666045

9916.721616

9906.394106

9934.777760

9965.075023

10013.866615

10061.057908

10123.718342

10190.762904

10265.885718

10317.622142

10359.788874

10292.184037

10216.518168

10146.954993

10092.530827

10038.643298

9997.143051

9951.560635

9927.952340

9908.613950

9931.056375

9967.018151

10059.237760

10158.793510

10312.184367

10433.881106

10569.295129

10593.740027

10596.200887

10491.192312

10455.895026

10392.018904

10429.216572

10350.352450

10284.450436

10004.998823

9876.470164

9562.392807

9289.609232

9050.132703

9050.132703

9289.609232

9562.392807

9876.470164

10004.998823

10284.450436

10350.352451

10429.216572

10392.018904

10455.895026

10491.192312

10596.200887

10593.740027

10569.295129

10433.881106

10312.184367

10158.793510

10059.237760

9967.018151

9931.056375

9908.613950

9927.952340

9951.560635

9997.143051

10038.643298

10092.530827

10146.954993

10216.518168

10292.184037

10359.788874

10391.372818

10320.223402

10244.921182

10184.857699

10129.526177

10083.113867

10032.579680

9995.540691

9956.662466

9943.277740

9932.073846

9956.539541

9982.217659

10053.255226

10120.178696

10238.616249

10323.775347

10437.362601

10453.866772

10480.470384

10393.214245

10369.184840

10237.708222

10193.465092

9986.597253

9898.749659

9725.662679

9670.061586

9617.075393

9561.040059

9561.040059

9617.075393

9670.061586

9725.662679

9898.749659

9986.597253

10193.465092

10237.708222

10369.184840

10393.214245

10480.470384

10453.866772

10437.362601

10323.775347

10238.616249

10120.178696

10053.255226

9982.217659

9956.539541

9932.073846

9943.277740

9956.662466

9995.540691

10032.579680

10083.113867

10129.526177

10184.857699

10244.921182

10320.223402

10391.372818

10418.255490

10344.195690

10278.782880

10226.884096

10181.760665

10131.714775

10087.898078

10040.410953

10009.595358

9977.849818

9967.599370

9950.607732

9957.418778

9955.642605

9993.375840

10028.211180

10117.724769

10180.996241

10270.916346

10266.415629

10259.949189

10155.747264

10129.082174

10095.821948

10225.165128

10430.340146

10817.168986

11352.505117

11877.560106

12279.239702

12279.239702

11877.560106

11352.505117

10817.168986

10430.340146

10225.165128

10095.821948

10129.082174

10155.747264

10259.949189

10266.415629

10270.916346

10180.996241

10117.724769

10028.211180

9993.375840

9955.642605

9957.418778

9950.607732

9967.599370

9977.849818

10009.595358

10040.410953

10087.898078

10131.714775

10181.760665

10226.884096

10278.782880

10344.195690

10418.255490

10441.519625

10360.697579

10309.204437

10275.085237

10235.490328

10192.343972

10140.343208

10096.056408

10050.353009

10019.858229

9983.913056

9960.029500

9921.928064

9899.782111

9870.382722

9879.690724

9894.619469

9953.171921

9984.379631

10001.527045

9930.481006

9823.184855

9698.505635

9644.640629

9733.792085

9977.871193

10469.766128

11064.043333

11762.401172

12168.156784

12168.156784

11762.401172

11064.043333

10469.766128

9977.871193

9733.792085

9644.640629

9698.505635

9823.184855

9930.481006

10001.527045

9984.379631

9953.171921

9894.619469

9879.690724

9870.382722

9899.782111

9921.928064

9960.029500

9983.913056

10019.858229

10050.353009

10096.056408

10140.343208

10192.343972

10235.490328

10275.085237

10309.204437

10360.697579

10441.519625

10462.686275

10362.448256

10337.955787

10322.366891

10292.825539

10245.761108

10195.185924

10138.268214

10088.971436

10036.128089

9992.811991

9940.700891

9895.710404

9839.146914

9797.222953

9756.985622

9746.538070

9743.321782

9743.665064

9707.894258

9601.609823

9438.024747

9208.120733

9019.829580

8851.817343

8839.418776

8894.128089

9123.450183

9329.864136

9512.063297

9512.063297

9329.864136

9123.450183

8894.128089

8839.418776

8851.817343

9019.829580

9208.120733

9438.024747

9601.609823

9707.894258

9743.665064

9743.321782

9746.538070

9756.985622

9797.222953

9839.146914

9895.710404

9940.700891

9992.811991

10036.128089

10088.971436

10138.268214

10195.185924

10245.761108

10292.825539

10322.366891

10337.955787

10362.448256

10462.686275

10479.472882

10371.614429

10379.045907

10371.791275

10339.643441

10295.775462

10239.571845

10181.463945

10114.190865

10050.124001

9980.277762

9919.289615

9855.188180

9801.173458

9744.922393

9697.121591

9651.372537

9602.587846

9549.628623

9452.900931

9336.731409

9137.529854

8936.433542

8658.969711

8434.686553

8177.015180

8029.468041

7888.536912

7855.353021

7825.821893

7825.821893

7855.353021

7888.536912

8029.468041

8177.015180

8434.686553

8658.969711

8936.433542

9137.529854

9336.731409

9452.900931

9549.628623

9602.587846

9651.372537

9697.121591

9744.922393

9801.173458

9855.188180

9919.289615

9980.277762

10050.124001

10114.190865

10181.463945

10239.571845

10295.775462

10339.643441

10371.791275

10379.045907

10371.614429

10479.472882

10557.598175

10485.923432

10456.675482

10420.446324

10382.754878

10335.644665

10285.115778

10216.729834

10142.989580

10054.089664

9970.675037

9884.527433

9817.094920

9753.827907

9703.895533

9644.142426

9570.664544

9475.256681

9355.898854

9237.332380

9107.016106

9002.844092

8877.881167

8774.049528

8607.591128

8444.581575

8196.490839

7982.012381

7762.518223

7654.299619

7654.299619

7762.518223

7982.012381

8196.490839

8444.581575

8607.591128

8774.049528

8877.881167

9002.844092

9107.016106

9237.332380

9355.898854

9475.256681

9570.664544

9644.142426

9703.895533

9753.827907

9817.094920

9884.527433

9970.675037

10054.089664

10142.989580

10216.729834

10285.115778

10335.644665

10382.754878

10420.446324

10456.675482

10485.923432

10557.598175

