AXIS X

0.000000 0.000500 0.001000 0.001500 0.002000 0.002500 0.003000 0.003500 0.004000 0.004500 0.005000 0.005500 0.006000 0.006500 0.007000 0.007500 0.008000 0.008500 0.009000 0.009500 0.010000 0.010500 0.011000 0.011500 0.012000 0.012500 0.013000 0.013500 0.014000 0.014500 0.015000 0.015500 0.016000 0.016500 0.017000 0.017500 0.018000 0.018500 0.019000 0.019500 0.020000 0.020500 0.021000 0.021500 0.022000 0.022500 0.023000 0.023500 0.024000 0.024500 0.025000 0.025500 0.026000 0.026500 0.027000 0.027500 0.028000 0.028500 0.029000 0.029500 

AXIS Y

0.000000 0.000500 0.001000 0.001500 0.002000 0.002500 0.003000 0.003500 0.004000 0.004500 0.005000 0.005500 0.006000 0.006500 0.007000 0.007500 0.008000 0.008500 0.009000 0.009500 0.010000 0.010500 0.011000 0.011500 0.012000 0.012500 0.013000 0.013500 0.014000 0.014500 0.015000 0.015500 0.016000 0.016500 0.017000 0.017500 0.018000 0.018500 0.019000 0.019500 0.020000 0.020500 0.021000 0.021500 0.022000 0.022500 0.023000 0.023500 0.024000 0.024500 0.025000 0.025500 0.026000 0.026500 0.027000 0.027500 0.028000 0.028500 0.029000 0.029500 



DATA
23927.496357

23911.960294

23906.548201

23934.107076

23981.436223

24005.082211

23978.825903

23861.058675

23614.605212

23179.767276

22498.508664

21518.079753

20259.631568

18832.433557

17449.378731

16328.762836

15651.747684

15489.654937

15852.753690

16662.403744

17850.297969

19256.209838

20820.869475

22200.787278

23439.853378

23749.709948

23979.714318

23143.840335

27270.155545

26482.184401

26482.184401

27270.155545

23143.840335

23979.714318

23749.709948

23439.853378

22200.787278

20820.869475

19256.209838

17850.297969

16662.403744

15852.753690

15489.654937

15651.747684

16328.762836

17449.378731

18832.433557

20259.631568

21518.079753

22498.508664

23179.767276

23614.605212

23861.058675

23978.825903

24005.082211

23981.436223

23934.107076

23906.548201

23911.960294

23927.496357

23980.049667

23979.625059

23941.702188

23881.737066

23823.720048

23713.074865

23533.370116

23249.131383

22830.267469

22265.541039

21571.078968

20809.820715

20060.332970

19402.939963

18869.902598

18470.886686

18192.521028

18063.282846

18122.193609

18442.752009

19045.016458

19952.917071

21091.093595

22443.763472

23776.703658

24806.184083

24790.344761

25364.861407

27541.533526

25855.055993

25855.055993

27541.533525

25364.861407

24790.344761

24806.184083

23776.703658

22443.763472

21091.093595

19952.917071

19045.016458

18442.752009

18122.193609

18063.282846

18192.521028

18470.886686

18869.902598

19402.939963

20060.332970

20809.820715

21571.078969

22265.541039

22830.267469

23249.131383

23533.370116

23713.074865

23823.720048

23881.737066

23941.702188

23979.625059

23980.049667

24025.979323

23984.052563

23929.106891

23777.257079

23548.535927

23273.420695

22923.037649

22492.259400

21985.170519

21440.433866

20928.116101

20520.064028

20272.257344

20194.555983

20275.577090

20477.440572

20775.248844

21135.266397

21558.356205

22040.958988

22625.191195

23320.957360

24162.525385

25090.017621

25945.829145

26411.142409

26867.980403

27459.928276

26425.090327

26846.740199

26846.740199

26425.090327

27459.928276

26867.980403

26411.142409

25945.829145

25090.017621

24162.525385

23320.957360

22625.191195

22040.958988

21558.356205

21135.266397

20775.248844

20477.440572

20275.577090

20194.555983

20272.257344

20520.064028

20928.116101

21440.433866

21985.170519

22492.259400

22923.037649

23273.420695

23548.535927

23777.257079

23929.106891

23984.052563

24025.979323

24037.468039

23965.980786

23879.563528

23650.942831

23290.241408

22839.967250

22339.391517

21811.413844

21309.612200

20905.656483

20667.079826

20634.912390

20805.604529

21160.457776

21676.417618

22355.937877

23204.479195

24229.392975

25389.189321

26600.080805

27712.122018

28582.008752

29105.641117

29218.726816

28957.896192

28519.818152

28353.870799

27809.853688

26471.099123

25869.955819

25869.955819

26471.099123

27809.853688

28353.870799

28519.818152

28957.896192

29218.726816

29105.641117

28582.008752

27712.122018

26600.080805

25389.189321

24229.392975

23204.479195

22355.937877

21676.417618

21160.457776

20805.604529

20634.912390

20667.079826

20905.656483

21309.612200

21811.413844

22339.391517

22839.967250

23290.241408

23650.942831

23879.563528

23965.980786

24037.468039

24009.467831

23886.556145

23772.749670

23490.354117

23044.232500

22486.466542

21891.451749

21341.481881

20920.936938

20703.070948

20729.253011

20988.656080

21447.335360

22065.511884

22837.050508

23784.584681

24956.393237

26385.792643

28052.070429

29817.151668

31404.169515

32458.068040

32672.011819

32034.748008

30743.650521

29355.474053

27745.229115

26153.594777

24237.316390

24793.820260

24793.820260

24237.316390

26153.594777

27745.229115

29355.474053

30743.650521

32034.748008

32672.011819

32458.068040

31404.169515

29817.151668

28052.070429

26385.792643

24956.393237

23784.584681

22837.050508

22065.511884

21447.335360

20988.656080

20729.253011

20703.070948

20920.936938

21341.481881

21891.451749

22486.466542

23044.232500

23490.354117

23772.749670

23886.556145

24009.467831

23915.717169

23750.832468

23586.145689

23288.357323

22813.798122

22231.200898

21638.172582

21149.298299

20854.755043

20810.260102

21011.570977

21425.216877

21994.399451

22687.991862

23498.928343

24456.602008

25600.185264

26954.694883

28484.938260

30056.280127

31412.434209

32224.460519

32251.472429

31424.821312

30019.316433

28179.699731

26206.974283

24010.719724

23195.240506

24342.721609

24342.721609

23195.240506

24010.719724

26206.974283

28179.699731

30019.316433

31424.821312

32251.472429

32224.460519

31412.434210

30056.280127

28484.938260

26954.694883

25600.185264

24456.602008

23498.928343

22687.991862

21994.399451

21425.216877

21011.570977

20810.260102

20854.755043

21149.298299

21638.172582

22231.200898

22813.798122

23288.357323

23586.145689

23750.832468

23915.717169

23777.440468

23556.305528

23354.906501

23051.221092

22614.382003

22089.726111

21595.069734

21233.712269

21083.221012

21152.175059

21420.407029

21830.446301

22345.367695

22933.264982

23597.890473

24349.555854

25205.748135

26156.994331

27160.953993

28107.956324

28855.331880

29233.585991

29141.514467

28576.865039

27610.433920

26388.088583

25007.791976

23928.803558

24154.000068

24896.442975

24896.442975

24154.000068

23928.803558

25007.791976

26388.088583

27610.433920

28576.865039

29141.514467

29233.585991

28855.331880

28107.956324

27160.953993

26156.994331

25205.748135

24349.555854

23597.890473

22933.264982

22345.367695

21830.446301

21420.407029

21152.175059

21083.221012

21233.712269

21595.069734

22089.726111

22614.382003

23051.221092

23354.906501

23556.305528

23777.440468

23598.742620

23334.535028

23097.416863

22822.645738

22463.168804

22073.039500

21735.646749

21540.772965

21507.537621

21628.724404

21851.502598

22149.150931

22486.921945

22867.702769

23286.879519

23756.798115

24267.865476

24809.124236

25325.669042

25765.624430

26028.666232

26083.808456

25897.245391

25567.434105

25174.546960

24880.280308

24741.432011

25077.877947

26033.121019

25493.168376

25493.168376

26033.121019

25077.877947

24741.432011

24880.280308

25174.546960

25567.434105

25897.245391

26083.808456

26028.666232

25765.624430

25325.669042

24809.124236

24267.865476

23756.798115

23286.879519

22867.702769

22486.921945

22149.150931

21851.502598

21628.724404

21507.537621

21540.772965

21735.646749

22073.039500

22463.168804

22822.645738

23097.416863

23334.535028

23598.742620

23404.498534

23100.147504

22855.986654

22626.834377

22391.189281

22163.792842

22014.635763

21965.831626

22017.220968

22114.720005

22238.072937

22357.881393

22494.162332

22647.836027

22843.704744

23076.321427

23351.944136

23634.663345

23901.952302

24063.403086

24091.143925

23917.686197

23662.099995

23418.356900

23482.430148

23973.379451

25045.631244

26319.917783

27013.888035

26089.187458

26089.187458

27013.888035

26319.917783

25045.631244

23973.379451

23482.430148

23418.356900

23662.099995

23917.686197

24091.143926

24063.403086

23901.952302

23634.663345

23351.944136

23076.321427

22843.704744

22647.836027

22494.162332

22357.881393

22238.072937

22114.720005

22017.220968

21965.831626

22014.635763

22163.792842

22391.189281

22626.834377

22855.986654

23100.147504

23404.498534

23214.891464

22888.191085

22649.407984

22499.841730

22393.829589

22342.696048

22350.538154

22420.079329

22493.783000

22544.123601

22537.655256

22508.298130

22470.261819

22472.084565

22520.201781

22640.338635

22811.696237

23033.114768

23221.037556

23329.972386

23223.570067

22948.488775

22532.021481

22321.525163

22537.143476

23560.763909

25306.293105

27157.255424

27437.904185

26118.177900

26118.177900

27437.904185

27157.255424

25306.293105

23560.763909

22537.143476

22321.525163

22532.021481

22948.488775

23223.570067

23329.972386

23221.037556

23033.114768

22811.696237

22640.338635

22520.201781

22472.084565

22470.261819

22508.298130

22537.655256

22544.123601

22493.783000

22420.079329

22350.538154

22342.696048

22393.829589

22499.841730

22649.407984

22888.191085

23214.891464

23054.684400

22714.929417

22511.795702

22440.395687

22467.785535

22551.506489

22684.010366

22809.921870

22890.166204

22874.243719

22790.114890

22657.454195

22546.621702

22478.891676

22503.125875

22615.294939

22841.674716

23124.154083

23427.632563

23571.526082

23489.688287

23044.330062

22476.717055

21987.890191

22137.486008

23093.167219

24893.312427

26782.227308

26991.543909

25898.414756

25898.414756

26991.543909

26782.227308

24893.312427

23093.167219

22137.486008

21987.890191

22476.717055

23044.330062

23489.688288

23571.526082

23427.632563

23124.154083

22841.674716

22615.294939

22503.125875

22478.891676

22546.621702

22657.454195

22790.114890

22874.243719

22890.166204

22809.921870

22684.010366

22551.506489

22467.785535

22440.395687

22511.795702

22714.929417

23054.684400

22943.506812

22613.604495

22445.976679

22455.921445

22571.413946

22753.177237

22944.655302

23105.667615

23169.510395

23138.412439

23019.929130

22890.878526

22783.599826

22768.623851

22857.447246

23106.345788

23493.467551

24028.546829

24548.836722

24928.158351

24850.956532

24301.207935

23285.735350

22385.432647

21944.827937

22445.726226

23509.962026

24587.166728

24809.123479

25968.222103

25968.222103

24809.123479

24587.166728

23509.962026

22445.726226

21944.827937

22385.432647

23285.735350

24301.207935

24850.956532

24928.158351

24548.836722

24028.546829

23493.467551

23106.345788

22857.447246

22768.623851

22783.599826

22890.878526

23019.929130

23138.412439

23169.510395

23105.667615

22944.655302

22753.177237

22571.413946

22455.921445

22445.976679

22613.604495

22943.506812

22896.790788

22593.071120

22470.141809

22519.727822

22688.059318

22899.760692

23119.175286

23280.722414

23360.921240

23340.840210

23281.220733

23215.588669

23227.534557

23339.240804

23630.979422

24113.111994

24851.950245

25747.943142

26712.563029

27365.546946

27442.643336

26602.590196

25126.436877

23438.649954

22385.117765

21933.421585

21958.152189

21511.582253

21795.719235

26826.386048

26826.386048

21795.719235

21511.582253

21958.152189

21933.421585

22385.117765

23438.649954

25126.436877

26602.590196

27442.643336

27365.546946

26712.563029

25747.943142

24851.950245

24113.111994

23630.979422

23339.240804

23227.534557

23215.588669

23281.220733

23340.840210

23360.921240

23280.722414

23119.175286

22899.760692

22688.059318

22519.727822

22470.141809

22593.071120

22896.790788

22931.650517

22677.326418

22569.168263

22632.294062

22789.488724

22997.220110

23200.015702

23370.925151

23468.995684

23522.728082

23553.818864

23645.779644

23826.868873

24188.847094

24759.698793

25646.778285

26813.969225

28252.898748

29641.229806

30667.999986

30778.471048

29778.931863

27808.518404

25617.335960

23791.478203

22655.467679

21088.363779

19264.265588

18523.433867

27819.907968

27819.907968

18523.433867

19264.265588

21088.363779

22655.467679

23791.478203

25617.335960

27808.518404

29778.931863

30778.471048

30667.999986

29641.229806

28252.898748

26813.969225

25646.778285

24759.698793

24188.847094

23826.868873

23645.779644

23553.818864

23522.728082

23468.995684

23370.925151

23200.015702

22997.220110

22789.488724

22632.294062

22569.168263

22677.326418

22931.650517

23060.342306

22858.025588

22751.935975

22774.294808

22895.223917

23054.730256

23236.449492

23399.064272

23543.351803

23669.444595

23846.487545

24106.570713

24543.188165

25188.404405

26160.486189

27459.943275

29123.124699

30887.946142

32510.819839

33501.209790

33566.196029

32639.075934

30880.888164

28903.488520

27048.991922

24984.182393

22262.939710

18260.909507

15423.117760

28053.883158

28053.883158

15423.117760

18260.909507

22262.939710

24984.182393

27048.991922

28903.488520

30880.888164

32639.075934

33566.196029

33501.209790

32510.819839

30887.946142

29123.124699

27459.943275

26160.486189

25188.404405

24543.188165

24106.570713

23846.487545

23669.444595

23543.351803

23399.064272

23236.449492

23054.730256

22895.223917

22774.294808

22751.935975

22858.025588

23060.342306

23302.612799

23144.097172

22996.513502

22966.646583

23015.803919

23126.875136

23266.277579

23428.969823

23595.435565

23808.648931

24098.988722

24557.021779

25217.286369

26186.654811

27475.665585

29115.125680

30860.349797

32460.849783

33518.296437

33951.584974

33887.755958

33428.056836

33094.539854

32667.921721

32306.916119

30604.859087

25879.964467

19822.901988

13680.491649

25489.662397

25489.662397

13680.491649

19822.901988

25879.964467

30604.859087

32306.916119

32667.921721

33094.539854

33428.056836

33887.755958

33951.584974

33518.296437

32460.849784

30860.349797

29115.125680

27475.665585

26186.654811

25217.286369

24557.021779

24098.988722

23808.648931

23595.435565

23428.969823

23266.277579

23126.875136

23015.803919

22966.646583

22996.513502

23144.097172

23302.612799

23665.123962

23510.345917

23315.223823

23206.258080

23198.061542

23248.103589

23354.715899

23491.275303

23672.949481

23916.116383

24300.206401

24865.364620

25703.580821

26825.362479

28239.074397

29723.181039

30967.742340

31595.937086

31615.178408

31339.493695

31108.765084

31428.694857

32328.500303

34561.333252

37228.067150

39036.577834

34348.159620

24176.225315

15627.916767

23717.427266

23717.427266

15627.916767

24176.225315

34348.159620

39036.577834

37228.067150

34561.333252

32328.500303

31428.694857

31108.765084

31339.493695

31615.178408

31595.937086

30967.742340

29723.181039

28239.074397

26825.362479

25703.580821

24865.364620

24300.206401

23916.116383

23672.949481

23491.275303

23354.715899

23248.103589

23198.061542

23206.258080

23315.223823

23510.345917

23665.123962

24155.974565

23959.892213

23687.370348

23524.323689

23456.479263

23469.858736

23529.873668

23634.663889

23776.505641

24009.354060

24374.051639

24950.750863

25752.565573

26779.176931

27866.202936

28699.581692

28930.503882

28480.061138

27672.412824

26875.834452

26499.025874

26592.944569

27618.906213

29901.397576

34131.272882

39301.852274

42559.254834

32146.715860

20240.602189

22773.583551

22773.583550

20240.602189

32146.715860

42559.254834

39301.852275

34131.272883

29901.397576

27618.906213

26592.944569

26499.025874

26875.834452

27672.412824

28480.061138

28930.503882

28699.581692

27866.202936

26779.176931

25752.565573

24950.750863

24374.051639

24009.354060

23776.505641

23634.663889

23529.873668

23469.858736

23456.479263

23524.323689

23687.370348

23959.892213

24155.974565

24753.745483

24466.136589

24130.101372

23910.805609

23821.598924

23798.733777

23822.029341

23858.648202

23925.537525

24049.556453

24298.244441

24691.544083

25235.326217

25835.938564

26254.251599

26226.648677

25560.198939

24468.022314

23214.426946

22119.697136

21146.081122

20473.383706

20129.298843

20591.464474

22643.101655

24842.998218

27440.985759

32386.796477

33968.064366

21699.083063

21699.083062

33968.064364

32386.796476

27440.985759

24842.998219

22643.101655

20591.464474

20129.298843

20473.383706

21146.081122

22119.697136

23214.426946

24468.022314

25560.198939

26226.648677

26254.251599

25835.938564

25235.326217

24691.544083

24298.244441

24049.556453

23925.537525

23858.648202

23822.029341

23798.733777

23821.598924

23910.805609

24130.101372

24466.136589

24753.745483

25442.194230

25035.900466

24621.379029

24380.361738

24271.781724

24236.970983

24206.954823

24157.886941

24083.131065

24028.054335

24022.361757

24084.561659

24177.214687

24161.988127

23893.459084

23146.688690

22022.983457

20640.060893

19240.908067

17827.245461

16458.204033

15098.388429

14107.806122

13800.309068

14537.639407

16755.569102

17960.870042

21883.672241

39020.205394

21973.014714

21973.014714

39020.205392

21883.672242

17960.870042

16755.569101

14537.639407

13800.309069

14107.806122

15098.388429

16458.204033

17827.245461

19240.908067

20640.060893

22022.983457

23146.688690

23893.459084

24161.988127

24177.214687

24084.561659

24022.361757

24028.054335

24083.131065

24157.886941

24206.954823

24236.970983

24271.781724

24380.361738

24621.379029

25035.900466

25442.194229

26172.157431

25647.109980

25172.417320

24896.891865

24788.391554

24727.643200

24639.830364

24468.014884

24212.682678

23902.709059

23571.425731

23222.782440

22797.029873

22242.927917

21386.135874

20286.826815

18941.908983

17555.775186

16148.094071

14705.589820

13307.522775

12075.023503

11283.594551

11191.440997

12212.481905

14573.566185

17988.894063

21583.958766

35992.324699

29395.119332

29395.119331

35992.324698

21583.958767

17988.894063

14573.566185

12212.481905

11191.440997

11283.594551

12075.023503

13307.522775

14705.589820

16148.094071

17555.775186

18941.908983

20286.826815

21386.135874

22242.927917

22797.029873

23222.782440

23571.425731

23902.709059

24212.682678

24468.014884

24639.830364

24727.643200

24788.391554

24896.891865

25172.417320

25647.109980

26172.157431

26930.676387

26300.579766

25752.329409

25442.956272

25298.983698

25196.561080

25019.491153

24703.522920

24241.890897

23664.426530

23009.996736

22268.849116

21439.307497

20415.164305

19259.469077

17933.341446

16652.464440

15408.894242

14209.089568

13102.697983

12047.180426

11436.130575

11176.850350

11694.658448

12860.088052

15473.070434

19492.212982

28224.580499

47727.402910

35089.459359

35089.459356

47727.402909

28224.580499

19492.212981

15473.070434

12860.088052

11694.658448

11176.850350

11436.130575

12047.180426

13102.697983

14209.089568

15408.894242

16652.464440

17933.341446

19259.469077

20415.164305

21439.307497

22268.849116

23009.996736

23664.426530

24241.890897

24703.522920

25019.491153

25196.561080

25298.983698

25442.956272

25752.329409

26300.579766

26930.676387

27673.723928

26973.950464

26351.742246

25958.221895

25735.321077

25532.418262

25228.800600

24759.375358

24108.213278

23322.548363

22417.786845

21415.888832

20250.239505

18974.300395

17576.292595

16312.907526

15193.060616

14318.932865

13605.690423

12980.755725

12742.494209

12724.072925

13353.768497

14163.534100

15584.189269

17880.923442

22914.372560

37699.457746

51430.101558

70663.839645

70663.839643

51430.101558

37699.457746

22914.372560

17880.923442

15584.189268

14163.534100

13353.768497

12724.072925

12742.494209

12980.755725

13605.690423

14318.932865

15193.060616

16312.907526

17576.292595

18974.300395

20250.239505

21415.888832

22417.786845

23322.548363

24108.213278

24759.375358

25228.800600

25532.418262

25735.321077

25958.221895

26351.742246

26973.950464

27673.723928

28421.447505

27653.680916

26927.930199

26399.807870

26013.408636

25637.493203

25173.134107

24552.865135

23790.994942

22889.781638

21879.312027

20696.660194

19355.775016

17857.618557

16482.798705

15343.322420

14666.634122

14307.514979

14258.031018

14500.637887

14945.114163

15927.204410

16829.474599

17308.950536

17560.315194

19149.101728

26771.602493

40480.815241

40763.601061

63668.434970

63668.434971

40763.601061

40480.815240

26771.602493

19149.101728

17560.315194

17308.950536

16829.474599

15927.204410

14945.114164

14500.637887

14258.031018

14307.514979

14666.634122

15343.322420

16482.798705

17857.618557

19355.775016

20696.660194

21879.312027

22889.781638

23790.994942

24552.865135

25173.134107

25637.493203

26013.408636

26399.807870

26927.930199

27653.680916

28421.447505

29142.378639

28318.336071

27450.631116

26712.747672

26080.272482

25470.208320

24812.484952

24098.394476

23294.192579

22415.322162

21375.014532

20134.460876

18641.382322

17129.012101

15836.628159

15120.531728

14929.919349

15356.666797

16132.843135

17235.674131

18630.658070

19867.659985

20410.559851

19042.161992

17719.005765

21994.112042

33318.234091

39271.610091

41194.663041

57065.406406

57065.406406

41194.663041

39271.610091

33318.234091

21994.112042

17719.005764

19042.161992

20410.559851

19867.659985

18630.658070

17235.674131

16132.843135

15356.666797

14929.919349

15120.531728

15836.628159

17129.012101

18641.382322

20134.460876

21375.014532

22415.322162

23294.192579

24098.394476

24812.484952

25470.208320

26080.272482

26712.747672

27450.631116

28318.336071

29142.378639

29871.436440

28939.605010

27879.438568

26867.001149

25932.191351

25047.974624

24232.100262

23454.611441

22714.384311

21895.340569

20914.449004

19619.989867

18112.002054

16652.533688

15702.788422

15422.448533

15991.064338

17142.543767

18896.101966

20781.006807

22614.143230

23837.888254

22499.679365

19244.004855

19647.878788

27943.519924

37921.819876

38126.442864

39423.445982

46739.996021

46739.996021

39423.445982

38126.442864

37921.819876

27943.519924

19647.878788

19244.004855

22499.679365

23837.888254

22614.143230

20781.006807

18896.101966

17142.543767

15991.064338

15422.448533

15702.788422

16652.533688

18112.002054

19619.989867

20914.449004

21895.340569

22714.384311

23454.611441

24232.100262

25047.974624

25932.191351

26867.001149

27879.438568

28939.605010

29871.436440

30559.475032

29494.224651

28183.822208

26859.007321

25602.962676

24486.129290

23539.157714

22785.103115

22107.408286

21403.262306

20441.642414

19165.055797

17687.029214

16470.685063

15895.867362

16236.636213

17406.199571

19450.390613

21778.267367

24330.802286

26289.614567

26543.334895

23580.407181

20874.460362

24736.760073

34494.701604

37650.308647

35856.867894

35471.334269

47482.421862

47482.421861

35471.334269

35856.867894

37650.308647

34494.701604

24736.760073

20874.460362

23580.407181

26543.334895

26289.614567

24330.802286

21778.267367

19450.390613

17406.199571

16236.636213

15895.867362

16470.685063

17687.029214

19165.055797

20441.642414

21403.262306

22107.408286

22785.103115

23539.157714

24486.129290

25602.962676

26859.007321

28183.822208

29494.224651

30559.475032

31216.196289

29938.610675

28348.213486

26706.226158

25183.940362

23887.558610

22907.167187

22177.689400

21606.910765

20943.456807

20028.815605

18756.169876

17426.463691

16500.673511

16388.338332

17210.709714

19033.506655

21491.289866

24506.793963

27031.762313

29019.422939

28358.928429

25280.344199

25352.877406

31775.484549

36529.179815

34994.183045

31473.142590

31964.661476

48488.362743

48488.362742

31964.661476

31473.142591

34994.183046

36529.179815

31775.484549

25352.877406

25280.344200

28358.928429

29019.422939

27031.762313

24506.793963

21491.289866

19033.506655

17210.709714

16388.338332

16500.673511

17426.463691

18756.169876

20028.815605

20943.456807

21606.910765

22177.689400

22907.167187

23887.558610

25183.940362

26706.226158

28348.213486

29938.610675

31216.196289

31751.885267

30247.562972

28364.701794

26460.487752

24746.517000

23386.137154

22406.444957

21762.517328

21231.844957

20627.385893

19693.958853

18492.410848

17336.463889

16733.547489

16994.603341

18227.654884

20340.093006

23291.533659

26191.784566

29090.824274

30264.036579

29802.319532

28903.505157

31763.603141

35630.629424

34498.129094

31977.049779

27432.671081

28996.352973

63172.271921

63172.271921

28996.352973

27432.671082

31977.049779

34498.129094

35630.629424

31763.603141

28903.505157

29802.319532

30264.036579

29090.824274

26191.784566

23291.533659

20340.093006

18227.654884

16994.603341

16733.547489

17336.463890

18492.410848

19693.958853

20627.385893

21231.844957

21762.517328

22406.444957

23386.137154

24746.517000

26460.487752

28364.701794

30247.562972

31751.885267

32138.874603

30378.136780

28252.689408

26163.770540

24379.683983

23022.574869

22126.417021

21534.530992

21076.002044

20453.391134

19549.212869

18402.116728

17442.144296

17104.148577

17618.248413

19033.047439

21371.812755

24242.594456

27462.156364

29434.174765

30881.544044

31569.910811

33057.275394

36038.015853

34237.186407

32801.456484

28266.975046

26813.570470

31087.110306

72477.006462

72477.006461

31087.110306

26813.570469

28266.975046

32801.456484

34237.186408

36038.015853

33057.275393

31569.910811

30881.544044

29434.174765

27462.156364

24242.594456

21371.812756

19033.047440

17618.248413

17104.148577

17442.144296

18402.116728

19549.212869

20453.391134

21076.002044

21534.530992

22126.417021

23022.574869

24379.683983

26163.770540

28252.689408

30378.136780

32138.874603

32273.017067

30323.137051

28028.349423

25873.765684

24107.357809

22850.443797

22038.333091

21546.505295

21100.009521

20508.955242

19588.785003

18533.473093

17719.250748

17544.004107

18162.757416

19619.288631

21874.238076

24848.410214

27408.552478

29509.141303

30808.847070

32940.864757

35895.301815

34396.565328

33158.980757

29974.275023

29534.706043

26813.372459

40790.280866

78042.443570

78042.443571

40790.280866

26813.372458

29534.706043

29974.275023

33158.980757

34396.565328

35895.301815

32940.864757

30808.847070

29509.141303

27408.552478

24848.410214

21874.238077

19619.288631

18162.757416

17544.004107

17719.250748

18533.473093

19588.785003

20508.955242

21100.009521

21546.505295

22038.333091

22850.443797

24107.357809

25873.765684

28028.349423

30323.137051

32273.017067

32135.762208

30069.332127

27729.601632

25608.750649

23963.910338

22833.071108

22163.236056

21734.156023

21355.215050

20745.331145

19865.940834

18848.591052

18130.668146

18004.427805

18597.357026

19934.659177

22095.350468

24700.182301

27204.455127

28902.424421

30920.232751

33445.897282

33660.524862

31864.676770

29995.598959

32648.943733

30811.742967

37017.169651

45349.962142

66985.575806

66985.575805

45349.962142

37017.169651

30811.742967

32648.943733

29995.598959

31864.676770

33660.524862

33445.897282

30920.232752

28902.424421

27204.455127

24700.182302

22095.350468

19934.659177

18597.357026

18004.427805

18130.668146

18848.591052

19865.940834

20745.331145

21355.215050

21734.156023

22163.236056

22833.071108

23963.910338

25608.750649

27729.601632

30069.332127

32135.762208

31683.645364

29646.299955

27372.777673

25396.845782

23917.048215

22974.863920

22427.384297

22120.156416

21766.767461

21209.009483

20314.437514

19344.504284

18622.013654

18461.805894

18913.991532

20090.933313

21975.152498

24370.211312

26676.517692

28620.031655

30655.356434

31130.284168

29532.561683

27516.549112

29711.912167

33843.194187

44415.880224

44751.123104

55770.023415

47422.819946

47422.819947

55770.023415

44751.123104

44415.880224

33843.194187

29711.912167

27516.549112

29532.561683

31130.284168

30655.356435

28620.031655

26676.517692

24370.211312

21975.152498

20090.933313

18913.991532

18461.805894

18622.013654

19344.504284

20314.437514

21209.009482

21766.767461

22120.156416

22427.384297

22974.863920

23917.048215

25396.845782

27372.777673

29646.299955

31683.645364

30971.552671

29076.044344

26990.971742

25217.390355

23966.745278

23202.372135

22834.414133

22615.943947

22367.810245

21812.458900

20960.101203

19944.282204

19194.077985

18885.422344

19188.766158

20098.184475

21747.461113

23958.178863

26250.399555

28370.452343

28794.832589

27773.641228

24633.980264

23952.189143

27655.996361

42488.963517

56017.037904

67188.403107

46344.530357

33090.225239

33090.225239

46344.530358

67188.403107

56017.037904

42488.963517

27655.996361

23952.189143

24633.980263

27773.641228

28794.832589

28370.452343

26250.399555

23958.178864

21747.461113

20098.184475

19188.766158

18885.422344

19194.077985

19944.282204

20960.101203

21812.458900

22367.810245

22615.943947

22834.414133

23202.372135

23966.745278

25217.390355

26990.971742

29076.044344

30971.552671

30048.673419

28415.318498

26583.089103

25077.384372

24048.715206

23510.087005

23288.269753

23238.221632

23054.161365

22592.401399

21702.848424

20679.096131

19781.480661

19352.687039

19387.442592

20107.638927

21472.313863

23599.149755

26059.757038

27182.142240

26734.036572

23594.782528

21112.664037

20634.507334

27285.919637

43151.505430

72378.167548

66175.384000

59294.904605

33526.449324

33526.449324

59294.904606

66175.383994

72378.167548

43151.505430

27285.919637

20634.507334

21112.664037

23594.782528

26734.036572

27182.142240

26059.757039

23599.149755

21472.313863

20107.638927

19387.442592

19352.687039

19781.480661

20679.096131

21702.848424

22592.401399

23054.161365

23238.221632

23288.269753

23510.087005

24048.715206

25077.384372

26583.089103

28415.318498

30048.673419

29025.750644

27696.789182

26176.662445

24931.981591

24160.500531

23804.754183

23794.086557

23868.108406

23854.948586

23424.764878

22591.972535

21449.654893

20469.912520

19784.165158

19660.741250

20037.054607

21315.449335

23374.986544

25574.619303

26190.176865

24156.228293

21114.632596

18168.335568

19510.064437

25900.715871

42574.141578

50103.231823

57819.143081

46684.803874

51663.955742

51663.955742

46684.803874

57819.143081

50103.231823

42574.141578

25900.715871

19510.064436

18168.335568

21114.632596

24156.228293

26190.176865

25574.619303

23374.986544

21315.449335

20037.054607

19660.741250

19784.165158

20469.912520

21449.654893

22591.972535

23424.764878

23854.948586

23868.108406

23794.086557

23804.754183

24160.500531

24931.981591

26176.662445

27696.789182

29025.750644

27977.259623

26981.036378

25756.526654

24793.745496

24225.930205

24093.516358

24231.371789

24524.616932

24621.258164

24354.966347

23491.193084

22343.114280

21149.849425

20329.935565

19855.925630

20113.914504

21114.009925

23298.294719

25145.918609

25268.179399

22965.648746

19514.344342

17568.845633

19434.777485

27811.330643

36849.457653

42713.501775

27986.428267

73690.177393

61633.834208

61633.834208

73690.177393

27986.428267

42713.501775

36849.457653

27811.330643

19434.777485

17568.845633

19514.344342

22965.648746

25268.179399

25145.918609

23298.294719

21114.009925

20113.914504

19855.925630

20329.935565

21149.849425

22343.114280

23491.193084

24354.966347

24621.258164

24524.616932

24231.371789

24093.516358

24225.930205

24793.745496

25756.526654

26981.036378

27977.259623

26995.168471

26286.154362

25356.798683

24613.813308

24266.352859

24275.543060

24624.688670

25052.532039

25389.054684

25204.984230

24474.239322

23214.769226

21954.256427

20831.862812

20201.023767

20088.077746

21178.106810

23020.659251

25078.217808

24799.152205

22890.347048

19617.559631

18957.006806

22293.550877

27633.750913

33144.428418

33069.366876

33128.771142

34161.505909

50076.170432

50076.170434

34161.505910

33128.771142

33069.366876

33144.428418

27633.750913

22293.550877

18957.006806

19617.559631

22890.347048

24799.152205

25078.217808

23020.659251

21178.106810

20088.077746

20201.023767

20831.862812

21954.256427

23214.769226

24474.239322

25204.984230

25389.054684

25052.532039

24624.688670

24275.543060

24266.352859

24613.813308

25356.798683

26286.154362

26995.168471

26111.379651

25661.417620

24956.133617

24429.727564

24212.780482

24394.907279

24845.736178

25498.691183

25963.050973

26035.001639

25341.937142

24169.499803

22718.749612

21473.638829

20486.556018

20299.047365

21050.326419

23100.736232

24592.774157

25260.493419

23090.969575

21362.985616

22157.236239

25026.239193

25688.176704

26347.302331

31596.350966

30981.635914

21846.992719

13822.610797

13822.610797

21846.992719

30981.635914

31596.350966

26347.302331

25688.176704

25026.239193

22157.236239

21362.985616

23090.969575

25260.493419

24592.774157

23100.736232

21050.326419

20299.047365

20486.556018

21473.638829

22718.749612

24169.499803

25341.937142

26035.001639

25963.050973

25498.691183

24845.736178

24394.907279

24212.780482

24429.727564

24956.133617

25661.417620

26111.379651

25369.622030

25100.911860

24599.082330

24200.845749

24125.565506

24366.762755

24969.310365

25702.030495

26419.304339

26610.793695

26181.362478

24992.940145

23575.417621

22081.270400

20963.228321

20459.736774

21197.639841

22728.296525

24627.251890

24698.524654

24150.468215

23140.470816

26417.017398

26679.669235

23400.495257

26145.950174

37632.915930

46395.879288

23113.886860

33957.505969

33957.505963

23113.886859

46395.879288

37632.915931

26145.950174

23400.495257

26679.669235

26417.017397

23140.470816

24150.468215

24698.524654

24627.251890

22728.296525

21197.639841

20459.736774

20963.228321

22081.270400

23575.417621

24992.940145

26181.362478

26610.793695

26419.304339

25702.030495

24969.310365

24366.762755

24125.565506

24200.845749

24599.082330

25100.911860

25369.622030

24755.456529

24639.213073

24259.946280

23989.054991

23954.420308

24283.858730

24893.735257

25775.497249

26560.281879

27043.365299

26725.698127

25795.645603

24309.073919

22814.605938

21460.208259

20848.665500

21222.560240

22625.538772

23814.188246

24500.407668

23530.688172

25559.214401

29483.956335

28226.204006

24860.076338

25722.639149

35688.981712

26454.669869

30593.957920

9426.187708

9426.187709

30593.957919

26454.669869

35688.981711

25722.639149

24860.076338

28226.204006

29483.956334

25559.214401

23530.688172

24500.407668

23814.188246

22625.538772

21222.560240

20848.665500

21460.208259

22814.605938

24309.073919

25795.645603

26725.698127

27043.365299

26560.281879

25775.497249

24893.735257

24283.858730

23954.420308

23989.054991

24259.946280

24639.213073

24755.456529

24281.899140

24251.031981

23986.488932

23760.382944

23787.567078

24088.164070

24749.324245

25597.934817

26544.885259

27098.747858

27122.689447

26291.695538

25051.722129

23473.788711

22130.620324

21293.393273

21448.994163

22337.912192

23321.460827

23175.374782

23143.972036

25343.196888

32036.910881

31067.324366

24633.973750

22406.937860

19635.888343

25914.170599

9780.507047

44570.401236

44570.401237

9780.507047

25914.170599

19635.888343

22406.937860

24633.973750

31067.324366

32036.910881

25343.196888

23143.972037

23175.374782

23321.460827

22337.912192

21448.994163

21293.393273

22130.620324

23473.788711

25051.722129

26291.695538

27122.689447

27098.747858

26544.885259

25597.934817

24749.324245

24088.164070

23787.567078

23760.382944

23986.488932

24251.031981

24281.899140

23913.311079

23960.042308

23746.846427

23582.440968

23585.134609

23895.427622

24468.850438

25342.286966

26230.864954

26988.063029

27107.821450

26665.820622

25511.912149

24192.824621

22781.537735

21924.055580

21762.242017

22323.028371

22779.429656

22478.737267

21653.127415

23936.667923

30482.827515

32144.555143

25978.156952

20435.912538

21848.476742

12840.151678

22308.873525

43660.497864

43660.497865

22308.873525

12840.151678

21848.476742

20435.912538

25978.156952

32144.555143

30482.827515

23936.667923

21653.127415

22478.737267

22779.429656

22323.028371

21762.242017

21924.055580

22781.537735

24192.824621

25511.912149

26665.820622

27107.821450

26988.063029

26230.864954

25342.286966

24468.850438

23895.427622

23585.134609

23582.440968

23746.846427

23960.042308

23913.311079

23654.354456

23731.740396

23582.157080

23417.890082

23432.489474

23658.143930

24195.635552

24931.062276

25839.752212

26548.300374

26944.957832

26630.809272

25900.660992

24669.003955

23528.883224

22560.935864

22314.099627

22527.526907

22848.377650

22110.241637

20865.984760

20948.716533

25059.096452

28495.394751

27105.512377

26049.858185

20309.784803

15946.089856

17921.992236

38400.312745

38400.312745

17921.992236

15946.089856

20309.784802

26049.858185

27105.512378

28495.394751

25059.096452

20948.716533

20865.984760

22110.241637

22848.377650

22527.526907

22314.099627

22560.935864

23528.883224

24669.003955

25900.660992

26630.809272

26944.957832

26548.300374

25839.752212

24931.062276

24195.635552

23658.143930

23432.489473

23417.890082

23582.157080

23731.740396

23654.354456

23468.533427

23583.683349

23453.507427

23320.876997

23284.417580

23475.887818

23873.614129

24537.881985

25283.379466

26050.529920

26449.084919

26490.806665

25908.853064

25118.812439

24050.990890

23323.891228

22905.371569

23163.048927

23314.490998

22931.424890

20652.300756

19120.087035

18916.137709

21139.428353

22832.334431

30227.426851

26450.434491

17450.836551

18461.427660

28627.749266

28627.749266

18461.427660

17450.836552

26450.434491

30227.426852

22832.334431

21139.428353

18916.137709

19120.087035

20652.300756

22931.424890

23314.490998

23163.048927

22905.371569

23323.891228

24050.990890

25118.812439

25908.853064

26490.806665

26449.084919

26050.529920

25283.379466

24537.881985

23873.614129

23475.887818

23284.417580

23320.876997

23453.507427

23583.683349

23468.533427

23363.119715

23480.198992

23390.294946

23244.883539

23202.722485

23294.670471

23616.671915

24098.764114

24767.446744

25391.695951

25928.303717

26035.272384

25858.488096

25216.563010

24570.226166

23862.465233

23685.119992

23817.955055

24527.621418

24226.829628

22590.623132

18584.318560

16504.042304

15192.242527

16922.406809

21057.351820

37320.370545

26845.351986

18901.025829

23532.118926

23532.118926

18901.025829

26845.351987

37320.370545

21057.351821

16922.406809

15192.242527

16504.042304

18584.318560

22590.623132

24226.829628

24527.621418

23817.955055

23685.119992

23862.465233

24570.226166

25216.563010

25858.488096

26035.272384

25928.303717

25391.695951

24767.446744

24098.764114

23616.671915

23294.670471

23202.722485

23244.883539

23390.294946

23480.198992

23363.119715

23308.380777

23435.587639

23349.235581

23225.105674

23132.669885

23182.936415

23363.849170

23744.285898

24218.384224

24803.344263

25257.228829

25587.206241

25520.707490

25290.346380

24766.258803

24419.578793

24208.415041

24697.263743

25467.943476

26583.985333

25289.002450

21662.985281

16557.097364

14426.821758

13624.312343

16539.279499

22072.355379

40060.486980

31151.273277

18462.665119

18462.665120

31151.273276

40060.486978

22072.355378

16539.279499

13624.312343

14426.821758

16557.097364

21662.985281

25289.002451

26583.985333

25467.943476

24697.263743

24208.415041

24419.578793

24766.258803

25290.346380

25520.707490

25587.206241

25257.228829

24803.344263

24218.384224

23744.285898

23363.849170

23182.936415

23132.669885

23225.105674

23349.235581

23435.587639

23308.380777

23314.304073

23417.054604

23350.440380

23210.397960

23114.164960

23080.759620

23193.033376

23407.760413

23783.028765

24197.868678

24680.409412

24999.218511

25214.936053

25116.328553

24969.214209

24689.243410

24743.511663

25130.882512

26372.325959

27821.293243

28859.094508

26145.699366

20832.656388

16195.942178

15110.137328

14971.888196

19084.553609

22865.188372

36931.163059

26156.027086

26156.027086

36931.163059

22865.188372

19084.553609

14971.888196

15110.137328

16195.942177

20832.656388

26145.699366

28859.094508

27821.293243

26372.325959

25130.882512

24743.511663

24689.243410

24969.214209

25116.328553

25214.936053

24999.218511

24680.409412

24197.868678

23783.028765

23407.760413

23193.033376

23080.759620

23114.164960

23210.397960

23350.440380

23417.054604

23314.304073

23355.193118

23437.084442

23353.404452

23226.121785

23092.654933

23036.063701

23042.051621

23178.319111

23387.162356

23734.195870

24094.995078

24514.060424

24779.798451

24989.172472

24970.944703

24979.541745

24979.674733

25416.782365

26347.766546

28049.190074

29695.849455

29802.165765

26409.507034

21297.188391

18070.416992

17881.165503

18359.302451

20731.617844

19493.207464

17571.240199

17571.240199

19493.207464

20731.617844

18359.302451

17881.165503

18070.416991

21297.188391

26409.507034

29802.165765

29695.849456

28049.190074

26347.766546

25416.782365

24979.674733

24979.541745

24970.944703

24989.172472

24779.798451

24514.060424

24094.995078

23734.195870

23387.162356

23178.319111

23042.051621

23036.063701

23092.654933

23226.121785

23353.404452

23437.084442

23355.193118

23438.458579

23467.384863

23377.615839

23229.695149

23102.526384

22994.521496

22968.396690

22989.400073

23128.612762

23327.373405

23664.550055

24013.027150

24432.500206

24727.898649

25000.032577

25080.636315

25181.994129

25323.212710

25891.283854

26975.256799

28401.961358

29546.332969

29003.570282

26837.072943

24195.238664

23802.892017

25941.632478

33968.906724

51406.652656

31210.416514

31210.416514

51406.652658

33968.906724

25941.632478

23802.892018

24195.238664

26837.072943

29003.570282

29546.332969

28401.961359

26975.256799

25891.283854

25323.212710

25181.994129

25080.636315

25000.032577

24727.898649

24432.500206

24013.027150

23664.550055

23327.373405

23128.612762

22989.400073

22968.396690

22994.521496

23102.526384

23229.695149

23377.615839

23467.384863

23438.458579

23536.791736

23520.074992

23394.434251

23251.722473

23102.886700

22999.679976

22913.971513

22903.575608

22929.289456

23078.013403

23289.227267

23651.088265

24029.846113

24493.787554

24837.962295

25131.604614

25176.086913

25167.791532

25208.759104

25648.244727

26563.863226

27583.902029

28407.333869

28610.625967

28745.558757

30281.134503

33146.680688

38356.641678

29958.673396

25441.024222

25441.024222

29958.673396

38356.641678

33146.680688

30281.134503

28745.558757

28610.625967

28407.333869

27583.902029

26563.863226

25648.244727

25208.759104

25167.791532

25176.086913

25131.604614

24837.962295

24493.787554

24029.846113

23651.088265

23289.227267

23078.013403

22929.289456

22903.575608

22913.971513

22999.679976

23102.886700

23251.722473

23394.434251

23520.074992

23536.791736

23652.229624

23572.884121

23429.316375

23266.816107

23133.806405

23006.632248

22925.180345

22850.094474

22851.475402

22891.406262

23069.417427

23312.701597

23713.874993

24121.853301

24602.337744

24906.902935

25083.979197

24931.346685

24735.034430

24665.169810

25064.486611

25865.041606

26823.208994

27536.348570

28258.349848

28345.667396

28374.160048

26758.407906

25272.546527

22329.450639

22329.450639

25272.546527

26758.407906

28374.160048

28345.667396

28258.349848

27536.348570

26823.208995

25865.041606

25064.486611

24665.169810

24735.034430

24931.346685

25083.979197

24906.902935

24602.337744

24121.853301

23713.874993

23312.701598

23069.417427

22891.406262

22851.475402

22850.094474

22925.180345

23006.632248

23133.806405

23266.816107

23429.316375

23572.884121

23652.229624

23757.202939

23638.075420

23465.098748

23310.722941

23166.441959

23057.779991

22945.433199

22875.671172

22810.315394

22834.095366

22900.742375

23111.678593

23372.884152

23780.174696

24154.812853

24566.469514

24730.114476

24752.045702

24467.251174

24270.967747

24217.310166

24602.083224

25105.408231

25686.142393

25796.633129

25614.137689

24851.215067

24510.101584

23103.846779

22307.382402

22307.382402

23103.846779

24510.101584

24851.215067

25614.137689

25796.633129

25686.142393

25105.408231

24602.083224

24217.310166

24270.967747

24467.251174

24752.045702

24730.114476

24566.469514

24154.812853

23780.174696

23372.884152

23111.678593

22900.742375

22834.095366

22810.315394

22875.671172

22945.433199

23057.779991

23166.441959

23310.722941

23465.098748

23638.075420

23757.202939

23854.295428

23698.629537

23524.402436

23364.227305

23238.911033

23114.830412

23019.272562

22914.315169

22859.955061

22815.426774

22867.102366

22949.907417

23162.250914

23391.486500

23744.682000

24024.899097

24336.701407

24392.987866

24398.654205

24156.863024

24075.588020

23928.507815

24014.158611

23832.567260

23680.822264

23037.361145

22741.412972

22018.223130

21390.115737

20838.700652

20838.700652

21390.115737

22018.223130

22741.412972

23037.361145

23680.822264

23832.567260

24014.158611

23928.507815

24075.588020

24156.863024

24398.654205

24392.987866

24336.701407

24024.899097

23744.682000

23391.486500

23162.250914

22949.907417

22867.102366

22815.426774

22859.955061

22914.315169

23019.272562

23114.830412

23238.911033

23364.227305

23524.402436

23698.629537

23854.295428

23927.020146

23763.192563

23589.802792

23451.501513

23324.095975

23217.227680

23100.868416

23015.582990

22926.062571

22895.243100

22869.445179

22925.779525

22984.905576

23148.475620

23302.572604

23575.285149

23771.371216

24032.915536

24070.917793

24132.174873

23931.260188

23875.930439

23573.194338

23471.320767

22994.989964

22792.713405

22394.165903

22266.139656

22144.134439

22015.108313

22015.108313

22144.134439

22266.139656

22394.165903

22792.713405

22994.989964

23471.320767

23573.194338

23875.930439

23931.260188

24132.174873

24070.917793

24032.915536

23771.371216

23575.285149

23302.572604

23148.475620

22984.905576

22925.779525

22869.445179

22895.243100

22926.062571

23015.582990

23100.868416

23217.227680

23324.095975

23451.501513

23589.802792

23763.192563

23927.020146

23988.919786

23818.390794

23667.772233

23548.270867

23444.370327

23329.135407

23228.243734

23118.900589

23047.945059

22974.848252

22951.245722

22912.121030

22927.804043

22923.714254

23010.598238

23090.809572

23296.922229

23442.610176

23649.658869

23639.295586

23624.406058

23384.472258

23323.073620

23246.489119

23544.312797

24016.745736

24907.452057

26140.109049

27349.092842

28273.994291

28273.994291

27349.092842

26140.109049

24907.452057

24016.745736

23544.312797

23246.489119

23323.073620

23384.472258

23624.406058

23639.295586

23649.658869

23442.610176

23296.922229

23090.809572

23010.598238

22923.714254

22927.804043

22912.121030

22951.245721

22974.848252

23047.945059

23118.900589

23228.243734

23329.135407

23444.370327

23548.270867

23667.772233

23818.390794

23988.919786

24042.487436

23856.387798

23737.820457

23659.258097

23568.087450

23468.739292

23349.003108

23247.028984

23141.793017

23071.576193

22988.809373

22933.815451

22846.083653

22795.090712

22727.396118

22748.828584

22783.203289

22918.025293

22989.883702

23029.367080

22865.777530

22618.719013

22331.634499

22207.605740

22412.884553

22974.897468

24107.527414

25475.901247

27083.929597

28018.216421

28018.216421

27083.929597

25475.901247

24107.527414

22974.897468

22412.884553

22207.605740

22331.634499

22618.719013

22865.777530

23029.367080

22989.883702

22918.025293

22783.203289

22748.828584

22727.396118

22795.090712

22846.083653

22933.815451

22988.809373

23071.576193

23141.793017

23247.028984

23349.003108

23468.739292

23568.087450

23659.258097

23737.820457

23856.387798

24042.487436

24091.225451

23860.418881

23804.022886

23768.128129

23700.106652

23591.736794

23475.283129

23344.225258

23230.715233

23109.038928

23009.299927

22889.309686

22785.715262

22655.473013

22558.939525

22466.289645

22442.233267

22434.827491

22435.617928

22353.252603

22108.523648

21731.855089

21202.481534

20768.925131

20382.062659

20353.513904

20479.486753

21007.520389

21482.806078

21902.335150

21902.335150

21482.806078

21007.520389

20479.486753

20353.513904

20382.062659

20768.925132

21202.481534

21731.855089

22108.523648

22353.252603

22435.617928

22434.827491

22442.233267

22466.289645

22558.939525

22655.473013

22785.715262

22889.309686

23009.299927

23109.038928

23230.715233

23344.225258

23475.283129

23591.736794

23700.106652

23768.128129

23804.022886

23860.418881

24091.225451

24129.878042

23881.524774

23898.636386

23881.931978

23807.908853

23706.899101

23577.485488

23443.687104

23288.785114

23141.265706

22980.438798

22840.008402

22692.409391

22568.035899

22438.513034

22328.447620

22223.106532

22110.775629

21988.832511

21766.108770

21498.618561

21039.940028

20576.898658

19938.014576

19421.583521

18828.273258

18488.533416

18164.027498

18087.618767

18019.620832

18019.620832

18087.618767

18164.027498

18488.533416

18828.273258

19421.583521

19938.014576

20576.898658

21039.940028

21498.618561

21766.108770

21988.832511

22110.775629

22223.106532

22328.447620

22438.513034

22568.035899

22692.409391

22840.008402

22980.438798

23141.265706

23288.785114

23443.687104

23577.485488

23706.899101

23807.908853

23881.931978

23898.636386

23881.524774

24129.878042

24309.768175

24144.730981

24077.385087

23993.964368

23907.176607

23798.701331

23682.354270

23524.889815

23355.096605

23150.396983

22958.327708

22759.965518

22604.696419

22459.018737

22344.045199

22206.458585

22037.269509

21817.584786

21542.753234

21269.743836

20969.679527

20729.814601

20442.076832

20202.995648

19819.711018

19444.367652

18873.117621

18379.262720

17873.858744

17624.676200

17624.676200

17873.858744

18379.262720

18873.117621

19444.367652

19819.711018

20202.995648

20442.076832

20729.814601

20969.679527

21269.743836

21542.753234

21817.584786

22037.269509

22206.458585

22344.045199

22459.018737

22604.696419

22759.965518

22958.327708

23150.396983

23355.096605

23524.889815

23682.354270

23798.701331

23907.176607

23993.964368

24077.385087

24144.730981

24309.768175

