AXIS X

0.000000 0.000500 0.001000 0.001500 0.002000 0.002500 0.003000 0.003500 0.004000 0.004500 0.005000 0.005500 0.006000 0.006500 0.007000 0.007500 0.008000 0.008500 0.009000 0.009500 0.010000 0.010500 0.011000 0.011500 0.012000 0.012500 0.013000 0.013500 0.014000 0.014500 0.015000 0.015500 0.016000 0.016500 0.017000 0.017500 0.018000 0.018500 0.019000 0.019500 0.020000 0.020500 0.021000 0.021500 0.022000 0.022500 0.023000 0.023500 0.024000 0.024500 0.025000 0.025500 0.026000 0.026500 0.027000 0.027500 0.028000 0.028500 0.029000 0.029500 

AXIS Y

0.000000 0.000500 0.001000 0.001500 0.002000 0.002500 0.003000 0.003500 0.004000 0.004500 0.005000 0.005500 0.006000 0.006500 0.007000 0.007500 0.008000 0.008500 0.009000 0.009500 0.010000 0.010500 0.011000 0.011500 0.012000 0.012500 0.013000 0.013500 0.014000 0.014500 0.015000 0.015500 0.016000 0.016500 0.017000 0.017500 0.018000 0.018500 0.019000 0.019500 0.020000 0.020500 0.021000 0.021500 0.022000 0.022500 0.023000 0.023500 0.024000 0.024500 0.025000 0.025500 0.026000 0.026500 0.027000 0.027500 0.028000 0.028500 0.029000 0.029500 



DATA
34384.117433

34461.250152

34534.708710

34642.151311

34798.045689

34964.204791

35150.972118

35334.878744

35510.923120

35631.243622

35657.287167

35517.952517

35170.887093

34587.064205

33786.084129

32842.887468

31848.311461

30954.357512

30241.883673

29866.614581

29807.215252

30211.667151

30885.378641

32061.043365

33216.214005

34930.700578

35786.017209

38278.892625

35678.524597

35151.956890

35151.956890

35678.524597

38278.892625

35786.017209

34930.700578

33216.214005

32061.043365

30885.378641

30211.667151

29807.215252

29866.614581

30241.883673

30954.357512

31848.311461

32842.887468

33786.084129

34587.064205

35170.887093

35517.952517

35657.287167

35631.243622

35510.923120

35334.878744

35150.972118

34964.204791

34798.045689

34642.151311

34534.708710

34461.250152

34384.117433

34507.306877

34644.056739

34638.058143

34691.208548

34776.129483

34871.032506

34957.328372

35017.755390

35019.453595

34947.082252

34771.814146

34499.576273

34128.785343

33698.747842

33245.308284

32826.118969

32491.168536

32269.035066

32187.570592

32208.261936

32350.571084

32516.609016

32804.143405

33066.826497

33641.263748

34268.934986

35891.934978

36468.616140

32858.895264

34732.708940

34732.708940

32858.895264

36468.616140

35891.934978

34268.934986

33641.263748

33066.826497

32804.143405

32516.609016

32350.571084

32208.261936

32187.570592

32269.035066

32491.168536

32826.118969

33245.308284

33698.747842

34128.785343

34499.576273

34771.814146

34947.082252

35019.453595

35017.755390

34957.328372

34871.032506

34776.129483

34691.208548

34638.058143

34644.056739

34507.306877

34573.714200

34718.893550

34767.771573

34751.657146

34750.934422

34761.045644

34748.917121

34682.995932

34537.658032

34297.773635

33987.118084

33640.119199

33328.524683

33109.792086

33047.407848

33160.882312

33439.217341

33823.129615

34213.116824

34515.821054

34625.672187

34535.938504

34229.811700

33850.842816

33496.458840

33455.085388

33896.880141

33964.647789

36822.982039

33628.485065

33628.485065

36822.982039

33964.647789

33896.880141

33455.085388

33496.458840

33850.842816

34229.811700

34535.938504

34625.672187

34515.821054

34213.116824

33823.129615

33439.217341

33160.882312

33047.407848

33109.792086

33328.524683

33640.119199

33987.118084

34297.773635

34537.658032

34682.995932

34748.917121

34761.045644

34750.934422

34751.657146

34767.771573

34718.893550

34573.714200

34634.215190

34761.548400

34868.474002

34829.208656

34742.135320

34634.282626

34495.657454

34293.075759

34009.440194

33660.565395

33288.837557

32981.160661

32817.788139

32887.330850

33221.047317

33813.352936

34576.024105

35375.529283

36043.984526

36435.632567

36469.795846

36153.579468

35553.263863

34827.555584

34027.676207

33467.717747

32884.179142

33605.947934

34732.585890

31713.386622

31713.386622

34732.585890

33605.947934

32884.179142

33467.717747

34027.676207

34827.555584

35553.263863

36153.579468

36469.795846

36435.632567

36043.984526

35375.529283

34576.024105

33813.352936

33221.047317

32887.330850

32817.788139

32981.160661

33288.837557

33660.565395

34009.440194

34293.075759

34495.657454

34634.282626

34742.135320

34829.208656

34868.474002

34761.548400

34634.215190

34689.908544

34776.260584

34901.517716

34868.732565

34717.600754

34499.629585

34221.930724

33883.345922

33497.677003

33101.465956

32777.727005

32608.097114

32694.713608

33080.885897

33782.602111

34717.034501

35753.639152

36697.869426

37374.489331

37662.409217

37554.312627

37122.221329

36535.239160

35865.874245

35288.044360

34630.056920

34168.331936

33518.161734

32970.739436

30358.805148

30358.805148

32970.739436

33518.161734

34168.331936

34630.056920

35288.044360

35865.874245

36535.239160

37122.221331

37554.312627

37662.409217

37374.489331

36697.869426

35753.639152

34717.034501

33782.602111

33080.885897

32694.713608

32608.097114

32777.727005

33101.465956

33497.677003

33883.345922

34221.930724

34499.629585

34717.600754

34868.732565

34901.517716

34776.260584

34689.908544

34726.233807

34756.786212

34854.923936

34822.717075

34631.487361

34329.906444

33948.410962

33526.982132

33109.745342

32779.351723

32609.342240

32701.259016

33096.283697

33822.751991

34805.248018

35928.320452

36996.001437

37819.436319

38254.120063

38263.892032

37940.850257

37466.193772

37029.513777

36776.271074

36659.752974

36555.800325

36037.818574

34909.651588

32595.142644

30375.373873

30375.373873

32595.142644

34909.651588

36037.818574

36555.800325

36659.752974

36776.271074

37029.513777

37466.193772

37940.850257

38263.892032

38254.120063

37819.436319

36996.001437

35928.320452

34805.248018

33822.751991

33096.283697

32701.259016

32609.342240

32779.351723

33109.745342

33526.982132

33948.410962

34329.906444

34631.487361

34822.717075

34854.923936

34756.786212

34726.233807

34751.556874

34697.290908

34744.578038

34677.931417

34453.616581

34097.096835

33675.215469

33247.625987

32912.137667

32744.595082

32846.303196

33251.334606

33989.053533

34983.343218

36130.250107

37240.508121

38123.536425

38618.580533

38648.387916

38290.979157

37711.953407

37183.635013

36896.351967

36991.007699

37330.301373

37626.938599

37301.722860

36018.456487

33532.723056

32275.925833

32275.925833

33532.723056

36018.456487

37301.722860

37626.938599

37330.301373

36991.007699

36896.351967

37183.635013

37711.953407

38290.979157

38648.387916

38618.580533

38123.536425

37240.508121

36130.250107

34983.343218

33989.053533

33251.334606

32846.303196

32744.595082

32912.137667

33247.625987

33675.215469

34097.096835

34453.616581

34677.931417

34744.578038

34697.290908

34751.556874

34749.677990

34604.251331

34570.924449

34457.938334

34189.697522

33820.995779

33417.290764

33086.662065

32913.675731

33007.367781

33402.258702

34125.871920

35097.123768

36216.473253

37303.636539

38181.229434

38692.277608

38732.169048

38342.009856

37631.028072

36862.377735

36231.999908

35984.611102

36106.919770

36603.106938

37042.801714

37138.809954

36258.188288

34803.944974

34634.177781

34634.177781

34803.944974

36258.188288

37138.809954

37042.801714

36603.106938

36106.919770

35984.611102

36231.999908

36862.377735

37631.028072

38342.009856

38732.169048

38692.277608

38181.229434

37303.636539

36216.473253

35097.123768

34125.871920

33402.258702

33007.367781

32913.675731

33086.662065

33417.290764

33820.995779

34189.697522

34457.938334

34570.924449

34604.251331

34749.677990

34711.564365

34465.175540

34352.267697

34177.552430

33893.482925

33547.338839

33249.833212

33084.340118

33161.646373

33522.584339

34196.142284

35097.728872

36125.189817

37102.317073

37871.797415

38302.998392

38305.208067

37909.400708

37175.468988

36304.152519

35434.300691

34777.469921

34361.500756

34332.209388

34574.928304

35207.127891

35819.877915

36281.027380

36234.515920

37000.335446

37000.335446

36234.515920

36281.027380

35819.877915

35207.127891

34574.928304

34332.209388

34361.500756

34777.469921

35434.300691

36304.152519

37175.468988

37909.400708

38305.208067

38302.998392

37871.797415

37102.317073

36125.189817

35097.728872

34196.142284

33522.584339

33161.646373

33084.340118

33249.833212

33547.338839

33893.482925

34177.552430

34352.267697

34465.175540

34711.564365

34619.640625

34282.461462

34088.014026

33882.937561

33608.059634

33360.548140

33227.597373

33311.404010

33649.245894

34270.494771

35090.669613

36001.220168

36818.044722

37393.152749

37621.072335

37454.925862

36960.490967

36206.008366

35358.517983

34501.632427

33747.451316

33068.373036

32535.313273

32133.278425

32175.185407

32773.420862

34320.113121

36344.431831

37994.019097

38451.828386

38451.828386

37994.019097

36344.431831

34320.113121

32773.420862

32175.185407

32133.278425

32535.313273

33068.373036

33747.451316

34501.632427

35358.517983

36206.008366

36960.490967

37454.925862

37621.072335

37393.152749

36818.044722

36001.220168

35090.669613

34270.494771

33649.245894

33311.404010

33227.597373

33360.548140

33608.059634

33882.937561

34088.014026

34282.461462

34619.640625

34455.767480

34048.560362

33811.060777

33601.060138

33405.343939

33304.501343

33413.018792

33760.292641

34366.071337

35144.652292

35983.703772

36682.046044

37080.622227

37069.585004

36638.608439

35900.890654

34985.302036

34090.221636

33309.595625

32697.719703

32166.080948

31609.208569

30928.346783

30305.437228

29994.940777

30688.134263

32791.253333

36546.882860

39379.245691

39313.224972

39313.224972

39379.245691

36546.882860

32791.253333

30688.134263

29994.940777

30305.437228

30928.346783

31609.208569

32166.080948

32697.719703

33309.595625

34090.221636

34985.302036

35900.890654

36638.608439

37069.585004

37080.622227

36682.046044

35983.703772

35144.652292

34366.071337

33760.292641

33413.018792

33304.501343

33405.343939

33601.060138

33811.060777

34048.560362

34455.767480

34209.769448

33780.592196

33537.937135

33393.915496

33317.864532

33431.862099

33790.386659

34411.517410

35200.968201

36046.070918

36732.328659

37079.545507

36936.583372

36291.481956

35270.937053

34072.974036

32962.874705

32109.727444

31601.792412

31364.816998

31166.851862

30778.652118

30082.567443

29225.193008

28752.256422

29241.746731

31686.982307

36017.251289

40082.398099

38602.783189

38602.783189

40082.398099

36017.251289

31686.982307

29241.746731

28752.256422

29225.193008

30082.567443

30778.652118

31166.851862

31364.816998

31601.792412

32109.727444

32962.874705

34072.974036

35270.937053

36291.481956

36936.583372

37079.545507

36732.328659

36046.070918

35200.968201

34411.517410

33790.386659

33431.862099

33317.864532

33393.915496

33537.937135

33780.592196

34209.769448

33871.302804

33486.948806

33318.752580

33284.739454

33395.504236

33725.816546

34340.915187

35153.707293

36051.387254

36815.840448

37257.534070

37171.491002

36503.963698

35333.481351

33888.646784

32483.313636

31384.711698

30776.109208

30673.421040

30859.660037

31053.823458

30849.515403

30196.888358

29310.008355

28665.926572

29089.164052

31092.566257

35129.801900

39096.095647

37523.734999

37523.734999

39096.095647

35129.801900

31092.566257

29089.164052

28665.926572

29310.008355

30196.888358

30849.515403

31053.823458

30859.660037

30673.421040

30776.109208

31384.711698

32483.313636

33888.646784

35333.481351

36503.963698

37171.491002

37257.534070

36815.840448

36051.387254

35153.707293

34340.915187

33725.816546

33395.504236

33284.739454

33318.752580

33486.948806

33871.302804

33459.212617

33200.499571

33166.545389

33318.357984

33619.392406

34174.895839

34962.494272

35894.604620

36755.614260

37364.453731

37486.567613

37019.732952

35945.756796

34459.663603

32859.637352

31485.935836

30616.457189

30383.435851

30696.937205

31333.977972

31783.543037

31822.985337

31275.148150

30509.126378

30043.325650

30273.472256

31795.062552

34270.681814

37181.335185

35198.158133

35198.158133

37181.335185

34270.681814

31795.062552

30273.472256

30043.325650

30509.126378

31275.148150

31822.985337

31783.543037

31333.977972

30696.937205

30383.435851

30616.457189

31485.935836

32859.637352

34459.663603

35945.756796

37019.732952

37486.567613

37364.453731

36755.614260

35894.604620

34962.494272

34174.895839

33619.392406

33318.357984

33166.545389

33200.499571

33459.212617

32993.286670

32936.384751

33117.537256

33469.672705

33982.183504

34684.204273

35578.267440

36482.826242

37232.849578

37596.616190

37456.363681

36703.638281

35453.330244

33909.517376

32423.169668

31313.589915

30810.614848

30974.900920

31689.159781

32547.630222

33245.388016

33334.875170

33034.380634

32546.940155

32324.191916

32739.107274

33484.827438

34442.913103

34915.616072

33034.041917

33034.041917

34915.616072

34442.913103

33484.827438

32739.107274

32324.191916

32546.940155

33034.380634

33334.875170

33245.388016

32547.630222

31689.159781

30974.900920

30810.614848

31313.589915

32423.169668

33909.517376

35453.330244

36703.638281

37456.363681

37596.616190

37232.849578

36482.826242

35578.267440

34684.204273

33982.183504

33469.672705

33117.537256

32936.384751

32993.286670

32528.921992

32729.921207

33148.748448

33733.215719

34390.913114

35188.177209

36047.146620

36850.952621

37385.242705

37548.975344

37200.811874

36385.308250

35172.980974

33853.689404

32702.595891

32003.299021

31924.818208

32445.624558

33365.069950

34368.645950

34967.705935

35148.912195

34858.836701

34621.583847

34756.999685

35281.695230

35879.022858

35364.648877

33451.053232

30650.609693

30650.609693

33451.053232

35364.648877

35879.022858

35281.695230

34756.999685

34621.583847

34858.836701

35148.912195

34967.705935

34368.645950

33365.069950

32445.624558

31924.818208

32003.299021

32702.595891

33853.689404

35172.980974

36385.308250

37200.811874

37548.975344

37385.242705

36850.952621

36047.146620

35188.177209

34390.913114

33733.215719

33148.748448

32729.921207

32528.921992

32110.752761

32586.607458

33264.085191

34023.163093

34790.322407

35552.633852

36310.933705

36903.479421

37252.792562

37234.678854

36875.734610

36148.301821

35243.846288

34315.366391

33639.032211

33410.547615

33689.432088

34476.479818

35474.599184

36353.991643

36834.425272

36666.004457

36234.558838

35972.502342

36265.817037

37252.896942

38239.171821

37389.269376

33480.245500

29160.275379

29160.275379

33480.245500

37389.269376

38239.171821

37252.896942

36265.817037

35972.502342

36234.558838

36666.004457

36834.425272

36353.991643

35474.599184

34476.479818

33689.432088

33410.547615

33639.032211

34315.366391

35243.846288

36148.301821

36875.734610

37234.678854

37252.792562

36903.479421

36310.933705

35552.633852

34790.322407

34023.163093

33264.085191

32586.607458

32110.752761

31804.575441

32531.020853

33404.430630

34302.697133

35057.485092

35729.398973

36277.729066

36679.843533

36840.498331

36806.301823

36530.681605

36128.067504

35610.785074

35184.322884

34972.441410

35102.163654

35708.473858

36559.131318

37579.005835

38249.549596

38300.613363

37677.401006

36700.882467

36055.738215

36741.220461

38252.238919

39777.171914

40288.592792

35675.274774

29274.037569

29274.037569

35675.274774

40288.592792

39777.171914

38252.238919

36741.220461

36055.738215

36700.882467

37677.401006

38300.613363

38249.549596

37579.005835

36559.131318

35708.473858

35102.163654

34972.441410

35184.322884

35610.785074

36128.067504

36530.681605

36806.301823

36840.498331

36679.843533

36277.729066

35729.398973

35057.485092

34302.697133

33404.430630

32531.020853

31804.575441

31645.258667

32551.182940

33560.878182

34473.409429

35162.655652

35635.046625

35988.354964

36184.589668

36294.537712

36305.515269

36311.569723

36238.335698

36182.995666

36126.165182

36219.304730

36626.913604

37267.545783

38295.686641

39094.835392

39584.811861

39106.044043

37822.527239

36177.759817

35412.994001

35781.071005

38377.705882

40422.896165

39577.354255

39161.715660

32325.488505

32325.488505

39161.715660

39577.354255

40422.896165

38377.705882

35781.071005

35412.994001

36177.759817

37822.527239

39106.044043

39584.811861

39094.835392

38295.686641

37267.545783

36626.913604

36219.304730

36126.165182

36182.995666

36238.335698

36311.569723

36305.515269

36294.537712

36184.589668

35988.354964

35635.046625

35162.655652

34473.409429

33560.878182

32551.182940

31645.258667

31671.890947

32659.030674

33672.146622

34531.433226

35037.638601

35318.683536

35451.164599

35558.242614

35664.629071

35887.610230

36151.107184

36456.880354

36632.520414

36768.530470

36956.966500

37319.025736

38137.442773

38929.807692

39863.174918

39841.083024

39034.189367

37105.825448

35344.709783

34196.515646

35104.772744

36118.271404

38675.055790

39485.660050

36848.404185

35707.563095

35707.563095

36848.404185

39485.660050

38675.055790

36118.271404

35104.772744

34196.515646

35344.709783

37105.825448

39034.189367

39841.083024

39863.174918

38929.807692

38137.442773

37319.025736

36956.966500

36768.530470

36632.520414

36456.880354

36151.107184

35887.610230

35664.629071

35558.242614

35451.164599

35318.683536

35037.638601

34531.433226

33672.146622

32659.030674

31671.890947

31879.146114

32828.447626

33752.869671

34427.333479

34743.593961

34791.812290

34804.307764

34859.825972

35108.827577

35529.062563

36093.057372

36528.805641

36776.687658

36782.737894

36811.780787

37181.744710

37749.616199

38824.020005

39275.818711

39390.917786

37958.415998

36258.715683

34522.010339

34599.255347

34812.141329

35709.190686

32891.453618

35702.297824

45749.404827

37430.989671

37430.989671

45749.404827

35702.297824

32891.453618

35709.190686

34812.141329

34599.255347

34522.010339

36258.715683

37958.415998

39390.917786

39275.818711

38824.020005

37749.616199

37181.744710

36811.780787

36782.737894

36776.687658

36528.805641

36093.057372

35529.062563

35108.827577

34859.825972

34804.307764

34791.812290

34743.593961

34427.333479

33752.869671

32828.447626

31879.146114

32262.128553

33063.459714

33766.795929

34226.784902

34290.008820

34190.296929

34106.713509

34245.818341

34641.188454

35310.146161

35976.891568

36416.983587

36386.838103

36123.586999

35925.799224

36054.175724

36853.859422

37549.935525

38481.314764

37978.430054

37155.420022

35529.908200

35472.281383

36660.180717

39347.430748

38564.747187

36575.992189

31108.047029

44903.004228

43547.673913

43547.673913

44903.004228

31108.047029

36575.992189

38564.747187

39347.430748

36660.180717

35472.281383

35529.908200

37155.420022

37978.430054

38481.314764

37549.935525

36853.859422

36054.175724

35925.799224

36123.586999

36386.838103

36416.983587

35976.891568

35310.146161

34641.188454

34245.818341

34106.713509

34190.296929

34290.008820

34226.784902

33766.795929

33063.459714

32262.128553

32770.237948

33327.635659

33761.331694

33928.374193

33803.460157

33560.702077

33509.878385

33745.396605

34356.571687

35146.652997

35824.652247

35970.379881

35601.388713

34929.823102

34499.726962

34694.078798

35309.191969

36608.526307

37052.172120

37477.898781

36489.692283

36516.611009

37719.660611

41583.575060

46148.800610

46705.042621

45226.073689

50207.848944

123583.113515

152627.325637

152627.325637

123583.113516

50207.848944

45226.073689

46705.042621

46148.800610

41583.575060

37719.660611

36516.611009

36489.692283

37477.898781

37052.172120

36608.526307

35309.191969

34694.078798

34499.726962

34929.823102

35601.388713

35970.379881

35824.652247

35146.652997

34356.571687

33745.396605

33509.878385

33560.702077

33803.460157

33928.374193

33761.331694

33327.635659

32770.237948

33363.211199

33620.207428

33714.527454

33633.897858

33307.690780

33043.488004

33036.357290

33458.981686

34211.243026

35069.800678

35539.030588

35344.028401

34496.992476

33570.802777

33033.224046

33235.958217

34369.592439

35478.695664

36995.135449

36987.023829

37542.997586

37994.409247

40740.164557

45832.582025

49160.729714

48226.036723

49428.560474

72669.403697

284015.245222

116578.968626

116578.968626

284015.245224

72669.403697

49428.560474

48226.036723

49160.729714

45832.582025

40740.164557

37994.409247

37542.997586

36987.023829

36995.135449

35478.695664

34369.592439

33235.958217

33033.224046

33570.802777

34496.992476

35344.028401

35539.030588

35069.800678

34211.243026

33458.981686

33036.357290

33043.488004

33307.690780

33633.897858

33714.527454

33620.207428

33363.211199

33964.512117

33896.333613

33684.181417

33338.032731

32922.509587

32641.434457

32786.190014

33350.507884

34237.674385

35009.135214

35209.695178

34568.564354

33420.881500

32279.666787

31842.622501

32385.005990

33685.819385

35745.124992

36800.791499

38159.393526

38041.231760

39398.201974

42054.347625

46330.087708

50587.849270

53150.999186

63852.335533

140102.463654

194378.915013

87779.575278

87779.575278

194378.915013

140102.463654

63852.335533

53150.999186

50587.849270

46330.087708

42054.347625

39398.201974

38041.231760

38159.393526

36800.791499

35745.124992

33685.819385

32385.005990

31842.622501

32279.666787

33420.881500

34568.564354

35209.695178

35009.135214

34237.674385

33350.507884

32786.190014

32641.434457

32922.509587

33338.032731

33684.181417

33896.333613

33964.512117

34525.688955

34155.509626

33638.002102

33129.362968

32626.871827

32447.068750

32712.542390

33458.117880

34365.277479

34992.054716

34839.184873

33866.027519

32463.690557

31401.445432

31163.638895

32104.413770

34084.075473

35996.535438

37971.445217

37843.843565

38371.700110

38278.758778

41263.366469

48643.570749

58231.334483

69629.756510

101307.731795

156175.936746

142637.070548

90179.921793

90179.921793

142637.070547

156175.936746

101307.731795

69629.756510

58231.334483

48643.570749

41263.366469

38278.758778

38371.700110

37843.843565

37971.445217

35996.535438

34084.075473

32104.413770

31163.638895

31401.445432

32463.690557

33866.027519

34839.184873

34992.054716

34365.277479

33458.117880

32712.542390

32447.068750

32626.871827

33129.362968

33638.002102

34155.509626

34525.688955

34977.562087

34351.529942

33626.205459

32967.519282

32499.719599

32399.171026

32859.250181

33696.051826

34594.506512

34986.566569

34520.260052

33282.324688

31873.856971

30946.781028

31153.533668

32562.390757

34764.971546

37042.131771

37508.357977

37464.581899

35552.056879

36456.620170

41212.026276

55164.582791

76254.784607

98405.409033

128758.780663

136675.345540

110158.392562

84073.259061

84073.259060

110158.392561

136675.345539

128758.780663

98405.409032

76254.784607

55164.582791

41212.026276

36456.620170

35552.056879

37464.581899

37508.357977

37042.131771

34764.971546

32562.390757

31153.533668

30946.781028

31873.856971

33282.324688

34520.260052

34986.566569

34594.506512

33696.051826

32859.250181

32399.171026

32499.719599

32967.519282

33626.205459

34351.529942

34977.562087

35293.846701

34494.098481

33601.160726

32914.816266

32471.831600

32544.546958

33126.851103

34064.949623

34850.558140

35007.200417

34274.233080

32935.317975

31624.377944

31076.084821

31673.732250

33495.688954

35753.303156

36989.111052

36757.123863

34234.130782

33090.525377

34028.399485

44718.933964

66354.773526

95579.494924

121919.639174

130292.070257

101129.647805

107571.457476

95175.530531

95175.530531

107571.457476

101129.647804

130292.070257

121919.639174

95579.494924

66354.773526

44718.933965

34028.399485

33090.525377

34234.130782

36757.123861

36989.111052

35753.303156

33495.688954

31673.732250

31076.084821

31624.377944

32935.317975

34274.233080

35007.200417

34850.558140

34064.949623

33126.851103

32544.546958

32471.831600

32914.816266

33601.160726

34494.098481

35293.846701

35440.357211

34546.359310

33607.507186

32904.929560

32591.681865

32781.845104

33527.541288

34456.827172

35122.985606

35031.882501

34130.155982

32820.819952

31784.923982

31621.998785

32671.290587

34549.016051

36234.145877

36345.378516

34140.665120

31610.538461

30139.780535

35156.962720

48470.755859

77461.597915

105027.992317

127817.658291

111520.399426

100249.565737

95326.424580

90308.461955

90308.461955

95326.424580

100249.565737

111520.399426

127817.658291

105027.992317

77461.597915

48470.755859

35156.962720

30139.780535

31610.538461

34140.665120

36345.378516

36234.145877

34549.016051

32671.290587

31621.998785

31784.923982

32820.819952

34130.155982

35031.882501

35122.985606

34456.827172

33527.541288

32781.845104

32591.681865

32904.929560

33607.507186

34546.359310

35440.357211

35426.373919

34535.878530

33593.660138

32986.740816

32768.678460

33137.836115

33943.159571

34867.648002

35340.523119

35060.583324

34084.798073

32935.276978

32257.656835

32531.502702

33788.892892

35425.475233

36084.906040

34729.711250

31843.523833

29193.732915

30344.893996

36848.507261

55144.892832

74873.250519

106366.973585

118313.428633

114513.841194

90561.788823

104762.870322

95095.891737

95095.891738

104762.870323

90561.788823

114513.841194

118313.428635

106366.973585

74873.250519

55144.892832

36848.507261

30344.893996

29193.732916

31843.523833

34729.711250

36084.906040

35425.475233

33788.892892

32531.502702

32257.656835

32935.276978

34084.798073

35060.583324

35340.523119

34867.648002

33943.159571

33137.836115

32768.678460

32986.740816

33593.660138

34535.878530

35426.373919

35258.557188

34440.321638

33606.214062

33088.445838

33042.529307

33504.920977

34388.219696

35197.316670

35511.404174

35061.567357

34123.251344

33228.911288

32953.497201

33578.383714

34838.173663

35838.918479

35414.977082

33113.078423

30194.183341

29250.766727

32012.386731

41998.369004

54291.719816

71499.702042

86080.238720

125627.455982

115588.615917

93223.068574

85387.595821

87699.330185

87699.330185

85387.595822

93223.068575

115588.615918

125627.455982

86080.238721

71499.702042

54291.719816

41998.369004

32012.386731

29250.766727

30194.183341

33113.078423

35414.977082

35838.918479

34838.173663

33578.383714

32953.497201

33228.911288

34123.251344

35061.567357

35511.404174

35197.316670

34388.219696

33504.920977

33042.529307

33088.445838

33606.214062

34440.321638

35258.557188

34971.911159

34303.541429

33598.177659

33256.919884

33325.145335

33916.141498

34760.732675

35474.091532

35575.554825

35051.497410

34200.040153

33627.866157

33742.384164

34570.232695

35612.729693

35848.088461

34564.419583

32117.698415

30323.681017

31103.082089

36808.438407

44466.518248

54144.233546

58426.156146

80527.569683

105929.220918

124095.263595

94342.363464

82217.543624

102468.484321

102468.484321

82217.543625

94342.363465

124095.263595

105929.220918

80527.569683

58426.156146

54144.233546

44466.518248

36808.438407

31103.082089

30323.681017

32117.698415

34564.419583

35848.088461

35612.729693

34570.232695

33742.384164

33627.866157

34200.040153

35051.497410

35575.554825

35474.091532

34760.732675

33916.141498

33325.145335

33256.919884

33598.177659

34303.541429

34971.911159

34601.333983

34113.613335

33618.469139

33424.634074

33660.308935

34281.482026

35105.984445

35627.286866

35587.279048

34977.504189

34304.678089

34031.492448

34471.482464

35385.391379

36007.317895

35622.802610

33963.919459

32237.930007

32065.930497

35478.651162

41030.435872

47687.455871

48978.347867

52614.059472

61429.865396

107300.183664

122429.297505

94260.932140

77901.680626

91793.036145

91793.036145

77901.680627

94260.932140

122429.297505

107300.183666

61429.865396

52614.059472

48978.347867

47687.455871

41030.435872

35478.651162

32065.930497

32237.930007

33963.919459

35622.802610

36007.317895

35385.391379

34471.482464

34031.492448

34304.678089

34977.504189

35587.279048

35627.286866

35105.984445

34281.482026

33660.308935

33424.634074

33618.469139

34113.613335

34601.333983

34187.566294

33921.796901

33623.785023

33637.541275

33970.510662

34652.947817

35353.955586

35733.044426

35495.925394

34897.269288

34345.364603

34382.215715

35032.639010

35876.956366

36155.508325

35269.590957

33946.644325

33380.488674

35573.862020

39912.281061

45674.944756

47443.079791

46084.690514

45790.470522

55451.876067

79820.699952

122963.591559

91415.919675

68104.446490

96478.015738

96478.015738

68104.446490

91415.919675

122963.591562

79820.699952

55451.876067

45790.470522

46084.690514

47443.079791

45674.944756

39912.281059

35573.862020

33380.488674

33946.644325

35269.590957

36155.508325

35876.956366

35032.639010

34382.215715

34345.364603

34897.269288

35495.925394

35733.044426

35353.955586

34652.947817

33970.510662

33637.541275

33623.785023

33921.796901

34187.566294

33777.640039

33718.048584

33660.128614

33831.063142

34304.047213

34960.443204

35582.343737

35745.328170

35399.289642

34739.594525

34362.319981

34564.433040

35360.029253

36095.542224

36005.340432

35141.257393

34320.228353

35594.623220

39015.150669

44351.245188

47183.172123

46770.969565

43561.655133

40785.309256

50559.140540

64417.636646

96208.563773

106339.474983

74642.551836

78209.251479

78209.251478

74642.551835

106339.474982

96208.563772

64417.636646

50559.140540

40785.309256

43561.655133

46770.969565

47183.172123

44351.245188

39015.150669

35594.623220

34320.228355

35141.257393

36005.340432

36095.542224

35360.029253

34564.433040

34362.319981

34739.594525

35399.289642

35745.328170

35582.343737

34960.443204

34304.047213

33831.063142

33660.128614

33718.048584

33777.640039

33402.649109

33551.344981

33683.645754

34046.658015

34589.695104

35268.425801

35740.016249

35767.940507

35248.343024

34602.633757

34257.883937

34616.411586

35412.271455

36021.318843

35826.248493

35035.028070

35304.889646

37559.923800

42233.580733

45489.146833

47351.596800

45294.387790

40167.141334

40198.426412

42031.575245

61297.025975

58921.557517

103378.769267

83035.368280

69690.078784

69690.078785

83035.368279

103378.769263

58921.557519

61297.025975

42031.575245

40198.426412

40167.141334

45294.387790

47351.596800

45489.146833

42233.580733

37559.923800

35304.889646

35035.028070

35826.248493

36021.318843

35412.271455

34616.411586

34257.883937

34602.633757

35248.343024

35767.940507

35740.016249

35268.425801

34589.695104

34046.658015

33683.645754

33551.344981

33402.649109

33109.734324

33407.022309

33733.371643

34220.241572

34874.693137

35513.305213

35913.520294

35756.921261

35153.956345

34418.145221

34129.374587

34467.623841

35254.615709

35762.407169

35537.762907

35218.334586

36089.198867

39410.209012

42727.250117

45265.233792

44670.924526

43178.968203

40189.522530

36813.862223

44055.200480

44766.124446

55052.749770

49661.071169

127063.272785

70469.666182

70469.666179

127063.272780

49661.071171

55052.749770

44766.124446

44055.200480

36813.862223

40189.522532

43178.968203

44670.924526

45265.233792

42727.250117

39410.209012

36089.198867

35218.334586

35537.762907

35762.407169

35254.615709

34467.623841

34129.374587

34418.145221

35153.956345

35756.921261

35913.520294

35513.305213

34874.693137

34220.241572

33733.371643

33407.022309

33109.734324

32912.018591

33325.487408

33764.856686

34387.910318

35089.543508

35756.822352

36047.084254

35807.398975

35061.704766

34291.388997

33917.505817

34225.295553

34904.100355

35368.322833

35292.453214

35321.898398

36855.996437

39699.418414

42342.444755

42015.667060

42099.883850

40850.764794

40212.214468

40304.926202

40858.966407

48789.834338

32247.710832

43255.575195

38778.824034

107477.050724

107477.050727

38778.824033

43255.575195

32247.710832

48789.834335

40858.966407

40304.926202

40212.214468

40850.764794

42099.883850

42015.667060

42342.444755

39699.418414

36855.996437

35321.898398

35292.453214

35368.322835

34904.100355

34225.295553

33917.505817

34291.388997

35061.704766

35807.398975

36047.084254

35756.822352

35089.543508

34387.910318

33764.856686

33325.487408

32912.018591

32846.399145

33285.814270

33810.968673

34490.364648

35277.080896

35931.565422

36210.620568

35859.090204

35057.445917

34167.942891

33721.433781

33887.198466

34461.279735

34910.086423

35013.682321

35405.103588

36988.304109

39404.510471

40092.595015

39499.424608

38149.823468

40045.753682

41258.724859

44640.133414

45288.539868

37900.557947

37408.483883

30274.405272

28948.430150

30376.274262

30376.274258

28948.430150

30274.405271

37408.483884

37900.557947

45288.539868

44640.133413

41258.724861

40045.753682

38149.823468

39499.424608

40092.595015

39404.510471

36988.304109

35405.103588

35013.682321

34910.086423

34461.279735

33887.198466

33721.433781

34167.942891

35057.445917

35859.090204

36210.620568

35931.565422

35277.080896

34490.364648

33810.968673

33285.814270

32846.399145

32902.751136

33317.389023

33832.763776

34562.386169

35374.091509

36086.943249

36334.085236

35973.170162

35076.149952

34117.567658

33521.488044

33540.154249

33986.492654

34433.066212

34719.141572

35304.201895

36724.188059

38204.717705

38228.036869

36463.463941

36308.880434

38069.913509

44777.005367

45736.595055

44223.285281

33479.069361

28881.715962

30697.630559

11260.182464

36753.848734

36753.848733

11260.182464

30697.630557

28881.715962

33479.069361

44223.285281

45736.595055

44777.005367

38069.913509

36308.880434

36463.463941

38228.036869

38204.717705

36724.188059

35304.201895

34719.141572

34433.066212

33986.492654

33540.154248

33521.488044

34117.567658

35076.149952

35973.170162

36334.085236

36086.943249

35374.091507

34562.386169

33832.763776

33317.389023

32902.751136

33097.856268

33394.629988

33861.052713

34560.135729

35421.171332

36156.877677

36460.913973

36073.420041

35160.184467

34091.530441

33370.014402

33218.750679

33536.300468

33998.866934

34415.271139

35042.157782

36088.614342

36904.521402

36175.569767

34863.487829

34243.880308

37963.678845

43664.838204

47631.357977

33588.580095

25304.969609

17181.639166

26925.294534

22501.852150

116328.376477

116328.376472

22501.852154

26925.294534

17181.639166

25304.969609

33588.580095

47631.357977

43664.838204

37963.678845

34243.880308

34863.487829

36175.569767

36904.521402

36088.614342

35042.157782

34415.271139

33998.866934

33536.300468

33218.750679

33370.014402

34091.530441

35160.184467

36073.420041

36460.913973

36156.877677

35421.171332

34560.135729

33861.052713

33394.629988

33097.856268

33395.737386

33535.364925

33869.486159

34522.713670

35373.576455

36179.453074

36519.014595

36186.215820

35239.112274

34114.995208

33254.298858

32954.583731

33171.029272

33637.753191

34150.138133

34713.180863

35362.104162

35462.764285

34713.471115

33148.437574

33384.428730

35940.653719

42933.905735

41005.176586

32667.091391

18348.490401

22314.308248

27300.706182

30847.680673

33112.582942

33112.582942

30847.680672

27300.706182

22314.308248

18348.490401

32667.091391

41005.176588

42933.905735

35940.653719

33384.428730

33148.437574

34713.471115

35462.764285

35362.104162

34713.180863

34150.138133

33637.753191

33171.029272

32954.583731

33254.298858

34114.995208

35239.112274

36186.215820

36519.014595

36179.453074

35373.576455

34522.713670

33869.486159

33535.364925

33395.737386

33788.687859

33710.524155

33889.167998

34429.836271

35273.966493

36105.687802

36532.458906

36240.444648

35324.592708

34141.953834

33188.545473

32761.077492

32902.916448

33395.210919

33974.690122

34475.267586

34667.376643

34393.555933

33096.807724

32050.169273

31473.622754

34368.271839

37835.950792

40107.381959

30231.127140

28877.507035

24731.631844

37846.528337

29403.725883

21553.736603

21553.736603

29403.725883

37846.528338

24731.631844

28877.507035

30231.127140

40107.381959

37835.950792

34368.271839

31473.622754

32050.169273

33096.807724

34393.555933

34667.376643

34475.267586

33974.690122

33395.210919

32902.916448

32761.077492

33188.545473

34141.953834

35324.592708

36240.444648

36532.458906

36105.687802

35273.966493

34429.836271

33889.167998

33710.524155

33788.687859

34219.070671

33926.695473

33906.401129

34325.391367

35103.921624

35969.303446

36450.473575

36246.523847

35364.650103

34181.598102

33154.707006

32647.188359

32735.221874

33275.801558

33940.069305

34387.958591

34362.912089

33485.985213

32173.953788

30322.644719

30041.470758

30770.070422

34914.105713

35265.864784

37109.656087

37072.873972

36826.068141

31453.873657

23228.911181

27992.911299

27992.911299

23228.911181

31453.873657

36826.068141

37072.873972

37109.656087

35265.864784

34914.105711

30770.070422

30041.470758

30322.644719

32173.953788

33485.985213

34362.912089

34387.958591

33940.069305

33275.801558

32735.221874

32647.188359

33154.707006

34181.598102

35364.650103

36246.523847

36450.473575

35969.303446

35103.921624

34325.391367

33906.401129

33926.695473

34219.070671

34662.308346

34151.335234

33949.376442

34208.066755

34908.485464

35750.233859

36293.183368

36167.282079

35368.867584

34213.323833

33170.465703

32603.541508

32672.646030

33250.607165

34028.436884

34552.371183

34352.157307

33346.511369

31395.245648

29531.621682

27762.848652

28387.679610

30193.662052

34667.765095

36175.145896

40416.676332

44670.936964

30709.106901

33650.051873

29098.000432

29098.000430

33650.051871

30709.106900

44670.936964

40416.676332

36175.145896

34667.765095

30193.662052

28387.679610

27762.848652

29531.621682

31395.245648

33346.511369

34352.157307

34552.371183

34028.436884

33250.607165

32672.646030

32603.541508

33170.465703

34213.323833

35368.867584

36167.282079

36293.183368

35750.233859

34908.485464

34208.066755

33949.376442

34151.335234

34662.308346

35053.567016

34383.265825

34008.238921

34118.980598

34690.601876

35485.109140

36047.632692

36017.221080

35328.556162

34256.984221

33239.454662

32656.425591

32692.599110

33300.723679

34184.785056

34835.238785

34787.519481

33621.955979

31673.303566

29035.884783

26924.360482

25672.174171

27457.476537

31660.696549

37944.919914

37170.323622

37261.725299

32894.304020

34124.998072

40831.967894

40831.967894

34124.998074

32894.304020

37261.725299

37170.323622

37944.919914

31660.696549

27457.476537

25672.174171

26924.360482

29035.884783

31673.303566

33621.955979

34787.519481

34835.238785

34184.785056

33300.723679

32692.599110

32656.425591

33239.454662

34256.984221

35328.556162

36017.221080

36047.632692

35485.109140

34690.601876

34118.980598

34008.238921

34383.265825

35053.567016

35371.623708

34589.100436

34102.563643

34060.666560

34493.997093

35182.689300

35742.631303

35802.414182

35258.983957

34328.793317

33388.986793

32816.873013

32814.247939

33393.613028

34303.617714

35162.082835

35300.399298

34494.883337

32462.485555

29859.230482

26890.207926

24888.517670

24846.090948

29246.291979

37194.832985

43635.939952

38108.303166

28927.718965

33245.663451

44276.529232

44276.529230

33245.663449

28927.718965

38108.303165

43635.939951

37194.832985

29246.291979

24846.090948

24888.517670

26890.207926

29859.230482

32462.485555

34494.883337

35300.399298

35162.082835

34303.617714

33393.613028

32814.247939

32816.873013

33388.986793

34328.793317

35258.983957

35802.414182

35742.631303

35182.689300

34493.997093

34060.666560

34102.563643

34589.100436

35371.623708

35566.607903

34768.638332

34216.903079

34062.740347

34329.897928

34886.779544

35399.595070

35543.009715

35180.549655

34436.900966

33641.243664

33103.903052

33058.572272

33512.493784

34382.170937

35249.073884

35811.143253

35313.936218

33914.998273

31314.317745

28418.589419

25483.023023

24256.902785

26058.903765

34428.852647

46062.248088

49028.872237

38940.262269

38875.342123

47626.210712

47626.210708

38875.342123

38940.262268

49028.872236

46062.248088

34428.852647

26058.903765

24256.902785

25483.023023

28418.589417

31314.317745

33914.998273

35313.936218

35811.143253

35249.073884

34382.170937

33512.493784

33058.572272

33103.903052

33641.243664

34436.900966

35180.549655

35543.009715

35399.595070

34886.779544

34329.897928

34062.740347

34216.903079

34768.638332

35566.607903

35644.309580

34894.799355

34360.836852

34118.183541

34235.599383

34621.799229

35057.968413

35266.172355

35091.248109

34594.051939

33980.232407

33536.761507

33422.483555

33738.017326

34344.714713

35205.677144

35803.276410

36056.930765

35104.064010

33483.467824

30666.657386

27910.514436

25294.918563

25145.934269

28563.486936

38573.996483

47500.504494

43288.630608

32749.392467

28122.691591

28122.691592

32749.392467

43288.630607

47500.504494

38573.996483

28563.486936

25145.934269

25294.918563

27910.514436

30666.657386

33483.467824

35104.064010

36056.930765

35803.276410

35205.677144

34344.714713

33738.017326

33422.483555

33536.761507

33980.232407

34594.051939

35091.248109

35266.172355

35057.968413

34621.799229

34235.599383

34118.183541

34360.836852

34894.799355

35644.309580

35588.818090

34978.073692

34511.015137

34240.476209

34213.954998

34431.495561

34750.882998

34990.690085

35001.400420

34758.764764

34393.836133

34066.280366

33949.460963

34051.027809

34430.687701

34906.259617

35617.715341

35979.972267

36165.377155

35132.963926

33735.856968

31047.019935

28693.020394

26348.362309

26346.932770

29377.584668

34710.596737

41992.498472

34486.313510

45608.007906

45608.007906

34486.313511

41992.498472

34710.596737

29377.584668

26346.932770

26348.362309

28693.020394

31047.019935

33735.856968

35132.963926

36165.377155

35979.972267

35617.715341

34906.259617

34430.687701

34051.027809

33949.460963

34066.280366

34393.836133

34758.764764

35001.400420

34990.690085

34750.882998

34431.495561

34213.954998

34240.476209

34511.015137

34978.073692

35588.818090

35442.615319

35004.076394

34669.731425

34405.237828

34283.636697

34329.080367

34517.662498

34741.131215

34891.454986

34905.394202

34795.845260

34663.159777

34565.355074

34576.768912

34624.347805

34850.041465

35106.404261

35739.097133

36093.266582

36559.040305

35888.234017

35122.340305

32905.088226

30910.775212

28613.090801

27498.402545

28746.823903

29123.162891

37697.582114

42397.049518

42397.049517

37697.582114

29123.162891

28746.823903

27498.402545

28613.090800

30910.775212

32905.088226

35122.340305

35888.234015

36559.040305

36093.266582

35739.097133

35106.404261

34850.041465

34624.347805

34576.768912

34565.355074

34663.159777

34795.845260

34905.394202

34891.454986

34741.131215

34517.662498

34329.080367

34283.636697

34405.237828

34669.731425

35004.076394

35442.615319

35223.816521

34995.699970

34808.930566

34605.652561

34420.426216

34334.933550

34374.937498

34538.610023

34761.430258

34970.295501

35122.651491

35203.351328

35246.899725

35218.874422

35166.299061

35015.520434

35052.663603

35158.439264

35835.133964

36380.928011

37368.201559

37439.575052

37656.685303

36430.971941

35162.688694

33363.220354

31995.748996

32567.769109

34783.291522

35747.264235

35747.264235

34783.291522

32567.769109

31995.748996

33363.220354

35162.688694

36430.971941

37656.685303

37439.575052

37368.201559

36380.928011

35835.133964

35158.439264

35052.663603

35015.520434

35166.299061

35218.874422

35246.899725

35203.351328

35122.651491

34970.295501

34761.430258

34538.610023

34374.937498

34334.933550

34420.426216

34605.652561

34808.930566

34995.699970

35223.816521

34993.988863

34950.775999

34926.498585

34799.392820

34608.477523

34424.057908

34337.850368

34396.854421

34609.179483

34926.045101

35272.503769

35595.949285

35830.458086

35961.059549

35895.346940

35717.224749

35368.517388

35252.276564

35222.796336

35885.107580

36561.222339

37968.128621

38801.614489

40057.882710

40052.071744

40303.951382

39320.632966

39648.066037

38972.062417

39165.711910

39165.711910

38972.062417

39648.066037

39320.632966

40303.951382

40052.071744

40057.882710

38801.614489

37968.128621

36561.222339

35885.107580

35222.796336

35252.276564

35368.517388

35717.224749

35895.346940

35961.059549

35830.458086

35595.949285

35272.503769

34926.045101

34609.179483

34396.854421

34337.850368

34424.057908

34608.477523

34799.392820

34926.498585

34950.775999

34993.988863

34782.582974

34896.747839

34997.678108

34960.488623

34791.638491

34570.250455

34384.876182

34328.723216

34454.173483

34760.542435

35209.783449

35713.900725

36207.571157

36568.228824

36757.965681

36639.799604

36350.257672

35807.315632

35477.337116

35152.699458

35500.477074

35890.095457

37094.865701

37892.674169

39228.547117

39375.692317

39895.450263

39175.018340

39154.755654

38603.880175

38603.880175

39154.755654

39175.018340

39895.450263

39375.692317

39228.547117

37892.674169

37094.865701

35890.095457

35500.477074

35152.699458

35477.337116

35807.315632

36350.257672

36639.799604

36757.965681

36568.228824

36207.571157

35713.900725

35209.783449

34760.542435

34454.173483

34328.723216

34384.876182

34570.250455

34791.638491

34960.488623

34997.678108

34896.747839

34782.582974

34637.146146

34837.881614

35018.638839

35043.143799

34924.499438

34715.980516

34492.835126

34338.477788

34330.809273

34532.797308

34944.566237

35546.427377

36225.829497

36899.229353

37378.933677

37617.866844

37434.920151

37014.740567

36225.346527

35567.262447

34761.079649

34479.335461

34091.073907

34297.939181

34044.547695

34037.560208

33174.440702

32498.029071

31441.996574

30975.807928

30975.807928

31441.996574

32498.029071

33174.440702

34037.560208

34044.547695

34297.939181

34091.073907

34479.335461

34761.079649

35567.262447

36225.346527

37014.740567

37434.920151

37617.866844

37378.933677

36899.229353

36225.829497

35546.427377

34944.566237

34532.797308

34330.809273

34338.477788

34492.835126

34715.980516

34924.499438

35043.143799

35018.638839

34837.881614

34637.146146

34572.849305

34791.266727

34974.455075

35019.872546

34958.129215

34823.127266

34631.187743

34426.737076

34297.993562

34328.700406

34608.793568

35138.810557

35900.293595

36737.092531

37538.871635

38068.688108

38293.972781

38018.192671

37474.002530

36487.044960

35564.227213

34372.989735

33528.982959

32436.963344

31653.540044

30425.536254

29301.625222

27880.479214

26802.338113

26115.082475

26115.082475

26802.338113

27880.479214

29301.625222

30425.536254

31653.540044

32436.963344

33528.982959

34372.989735

35564.227213

36487.044960

37474.002530

38018.192671

38293.972781

38068.688108

37538.871635

36737.092531

35900.293595

35138.810557

34608.793568

34328.700406

34297.993562

34426.737076

34631.187743

34823.127266

34958.129215

35019.872546

34974.455075

34791.266727

34572.849305

34612.243298

34748.804203

34851.927345

34875.332690

34898.457652

34881.619514

34777.170113

34593.156374

34387.138943

34271.916563

34341.256298

34688.178848

35291.300578

36107.932563

36957.011504

37729.164621

38207.437389

38406.820944

38151.805843

37696.777064

36842.018889

36055.575425

35012.907282

34224.892976

33213.764190

32351.098796

31222.207783

30171.909249

29205.916199

28664.161325

28664.161325

29205.916199

30171.909249

31222.207783

32351.098796

33213.764190

34224.892976

35012.907282

36055.575425

36842.018889

37696.777064

38151.805843

38406.820944

38207.437389

37729.164621

36957.011504

36107.932563

35291.300578

34688.178848

34341.256298

34271.916563

34387.138943

34593.156374

34777.170113

34881.619514

34898.457652

34875.332690

34851.927345

34748.804203

34612.243298

34716.289751

34659.792601

34632.891086

34696.921167

34824.981972

34919.276745

34920.388264

34811.579460

34622.259225

34422.343390

34315.887437

34376.310659

34663.163457

35147.593037

35789.678239

36467.515127

37127.330788

37633.156781

38035.573937

38176.300305

38268.242093

38090.968286

37994.797180

37673.872288

37434.570265

36923.215878

36355.968617

35607.614935

34971.532102

34570.746656

34570.746656

34971.532102

35607.614935

36355.968617

36923.215878

37434.570265

37673.872288

37994.797180

38090.968286

38268.242093

38176.300305

38035.573937

37633.156781

37127.330788

36467.515127

35789.678239

35147.593037

34663.163457

34376.310659

34315.887437

34422.343390

34622.259225

34811.579460

34920.388264

34919.276745

34824.981972

34696.921167

34632.891086

34659.792601

34716.289751

34844.732848

34476.835339

34526.379995

34683.297305

34831.678243

34961.132042

35052.686811

35063.842394

34987.030081

34829.665066

34628.534019

34435.687690

34310.758596

34310.840393

34480.862141

34847.867546

35411.492143

36175.695692

37065.302319

38097.207547

39061.123513

40007.422575

40596.115520

40926.662162

40725.186068

40187.044448

39330.535841

38427.230039

37668.770337

37239.740490

37239.740490

37668.770337

38427.230039

39330.535841

40187.044448

40725.186068

40926.662162

40596.115520

40007.422575

39061.123513

38097.207547

37065.302319

36175.695692

35411.492143

34847.867546

34480.862141

34310.840393

34310.758596

34435.687690

34628.534019

34829.665066

34987.030081

35063.842394

35052.686811

34961.132042

34831.678243

34683.297305

34526.379995

34476.835339

34844.732848

35140.826025

34852.660578

34841.698023

34856.193557

34906.136286

35027.916831

35184.435235

35354.610774

35474.049852

35482.774840

35322.743020

34995.945470

34544.511366

34090.901970

33762.930698

33707.707255

34055.671265

34824.949474

36112.729459

37634.636953

39425.010705

40795.424454

41799.514626

41737.484158

41060.973279

39582.660252

38080.923999

36553.613951

35538.474586

34950.657132

34950.657132

35538.474586

36553.613951

38080.923999

39582.660252

41060.973279

41737.484158

41799.514626

40795.424454

39425.010705

37634.636953

36112.729459

34824.949474

34055.671265

33707.707255

33762.930698

34090.901970

34544.511366

34995.945470

35322.743020

35482.774840

35474.049852

35354.610774

35184.435235

35027.916831

34906.136286

34856.193557

34841.698023

34852.660578

35140.826025

