AXIS X

0.000000 0.001000 0.002000 0.003000 0.004000 0.005000 0.006000 0.007000 0.008000 0.009000 0.010000 0.011000 0.012000 0.013000 0.014000 0.015000 0.016000 0.017000 0.018000 0.019000 0.020000 0.021000 0.022000 0.023000 0.024000 0.025000 0.026000 0.027000 0.028000 0.029000 

AXIS Y

0.000000 0.001000 0.002000 0.003000 0.004000 0.005000 0.006000 0.007000 0.008000 0.009000 0.010000 0.011000 0.012000 0.013000 0.014000 0.015000 0.016000 0.017000 0.018000 0.019000 0.020000 0.021000 0.022000 0.023000 0.024000 0.025000 0.026000 0.027000 0.028000 0.029000 



DATA
5000.000000

5000.000000

5000.000000

5000.000000

5000.000000

5000.000000

5000.000000

5000.000000

5000.000000

5000.000000

5000.000000

5000.000000

5000.000000

5000.000000

5000.000000

5000.000000

5000.000000

5000.000000

5000.000000

5000.000000

5000.000000

5000.000000

5000.000000

5000.000000

5000.000000

5000.000000

5000.000000

5000.000000

5000.000000

5000.000000

5000.000000

5000.000000

5000.000000

5000.000000

5000.000000

5000.000000

5000.000000

5000.000000

5000.000000

5000.000000

5000.000000

5000.000000

5000.000000

5000.000000

5000.000000

5000.000000

5000.000000

5000.000000

5000.000000

5000.000000

5000.000000

5000.000000

5000.000000

5000.000000

5000.000000

5000.000000

5000.000000

5000.000000

5000.000000

5000.000000

5000.000000

5000.000000

5000.000000

5000.000000

5000.000000

5000.000000

5000.000000

5000.000000

5000.000000

5000.000000

5000.000000

5000.000000

5000.000000

5000.000000

5000.000000

5000.000000

5000.000000

5000.000000

5000.000000

5000.000000

5000.000000

5000.000000

5000.000000

5000.000000

5000.000000

5000.000000

5000.000000

5000.000000

5000.000000

5000.000000

5000.000000

5000.000000

5000.000000

5000.000000

5000.000000

5000.000000

5000.000000

5000.000000

5000.000000

5000.000000

5000.000000

5000.000000

5000.000000

5000.000000

5000.000000

5000.000000

5000.000000

5000.000000

5000.000000

5000.000000

5000.000000

5000.000000

5000.000000

5000.000000

5000.000000

5000.000000

5000.000000

5000.000000

5000.000000

5000.000000

5000.000000

5000.000000

5000.000000

5000.000000

5000.000000

5000.000000

5000.000000

5000.000000

5000.000000

5000.000000

5000.000000

5000.000000

5000.000000

5000.000000

5000.000000

5000.000000

5000.000000

5000.000000

5000.000000

5000.000000

5000.000000

5000.000000

5000.000000

5000.000000

5000.000000

5000.000000

5000.000000

5000.000000

5000.000000

5000.000000

5000.000000

5000.000000

5000.000000

5000.000000

5000.000000

5000.000000

5000.000000

5000.000000

5000.000000

5000.000000

5010.506547

5040.401524

5083.011895

5113.339472

5124.084180

5125.979783

5115.231099

5084.892303

5042.266169

5012.360133

5001.849699

5000.000000

5000.000000

5000.000000

5000.000000

5000.000000

5000.000000

5000.000000

5000.000000

5000.000000

5000.000000

5000.000000

5000.000000

5000.000000

5000.000000

5000.000000

5000.000000

5000.000000

5000.000000

5010.506547

5100.806421

5320.553229

5614.213022

5819.189170

5891.105718

5903.484754

5833.574359

5628.091506

5333.705778

5113.415750

5022.892652

5001.849699

5000.000000

5000.000000

5000.000000

5000.000000

5000.000000

5000.000000

5000.000000

5000.000000

5000.000000

5000.000000

5000.000000

5000.000000

5000.000000

5000.000000

5000.000000

5000.000000

5010.506547

5100.806421

5503.243775

6385.406070

7562.653456

8400.455084

8689.370158

8741.214921

8467.256667

7625.612699

6438.564704

5549.058391

5143.924731

5022.892652

5001.849699

5000.000000

5000.000000

5000.000000

5000.000000

5000.000000

5000.000000

5000.000000

5000.000000

5000.000000

5000.000000

5000.000000

5000.000000

5000.000000

5000.000000

5010.506547

5100.806421

5499.274131

6684.193460

9019.608604

12004.795865

14004.984869

14605.597371

14729.069660

14195.592860

12193.750376

9164.965742

6791.913791

5591.932298

5143.270738

5022.892652

5001.849699

5000.000000

5000.000000

5000.000000

5000.000000

5000.000000

5000.000000

5000.000000

5000.000000

5000.000000

5000.000000

5000.000000

5000.000000

5010.506547

5100.806421

5503.243775

6670.503269

9248.392215

13313.221772

17268.127796

19046.858423

19208.308000

19322.913564

19266.647007

17571.609420

13575.664086

9434.193711

6818.443644

5591.932298

5143.924731

5022.892652

5001.849699

5000.000000

5000.000000

5000.000000

5000.000000

5000.000000

5000.000000

5000.000000

5000.000000

5000.000000

5000.000000

5000.000000

5070.553178

5457.110644

6658.150612

9228.999232

13247.843424

17170.202701

19052.790637

18869.696384

18209.856282

18248.120824

18914.800828

19252.663227

17453.846065

13503.258518

9434.193711

6791.913791

5549.058391

5113.415750

5012.360133

5000.000000

5000.000000

5000.000000

5000.000000

5000.000000

5000.000000

5000.000000

5000.000000

5000.000000

5000.000000

5000.000000

5244.659533

6298.866596

8991.609764

13318.879436

17162.923378

18235.224172

17295.303576

15882.173516

14909.971959

14909.971959

15800.948597

17271.023081

18363.564029

17453.846065

13575.664086

9164.965742

6438.564704

5333.705778

5042.266169

5000.000000

5000.000000

5000.000000

5000.000000

5000.000000

5000.000000

5000.000000

5000.000000

5000.000000

5000.000000

5000.000000

5501.307171

7459.755003

11987.593527

17274.530382

18971.539132

17375.486261

15138.617576

13096.436547

11740.473829

11740.473829

13001.432684

14958.354284

17271.023081

19252.663227

17571.609420

12193.750376

7625.612699

5628.091506

5084.892303

5000.000000

5000.000000

5000.000000

5000.000000

5000.000000

5000.000000

5000.000000

5000.000000

5000.000000

5000.000000

5000.000000

5690.204221

8307.097906

13965.665159

18954.582842

18706.972455

16079.952861

13258.807106

10487.856168

8705.733819

8705.733819

10403.790370

13001.432684

15800.948597

18914.800828

19266.647007

14195.592860

8467.256667

5833.574359

5115.231099

5000.000000

5000.000000

5000.000000

5000.000000

5000.000000

5000.000000

5000.000000

5000.000000

5000.000000

5000.000000

5000.000000

5758.396447

8592.336712

14490.501173

19009.938043

18122.614077

15260.896594

12016.800405

8795.663165

6900.162930

6900.162930

8705.733819

11740.473829

14909.971959

18248.120824

19322.913564

14729.069660

8741.214921

5903.484754

5125.979783

5000.000000

5000.000000

5000.000000

5000.000000

5000.000000

5000.000000

5000.000000

5000.000000

5000.000000

5000.000000

5000.000000

5746.321647

8541.374957

14369.028779

18897.188759

18084.612710

15255.253070

12016.800405

8795.663165

6900.162930

6900.162930

8705.733819

11740.473829

14909.971959

18209.856282

19208.308000

14605.597371

8689.370158

5891.105718

5124.084180

5000.000000

5000.000000

5000.000000

5000.000000

5000.000000

5000.000000

5000.000000

5000.000000

5000.000000

5000.000000

5000.000000

5678.272414

8240.512056

13776.392732

18735.971826

18662.363601

16152.713891

13347.512518

10573.945603

8795.663165

8795.663165

10487.856168

13096.436547

15882.173516

18869.696384

19046.858423

14004.984869

8400.455084

5819.189170

5113.339472

5000.000000

5000.000000

5000.000000

5000.000000

5000.000000

5000.000000

5000.000000

5000.000000

5000.000000

5000.000000

5000.000000

5489.771463

7399.961062

11800.333153

16974.021318

18767.642152

17387.046917

15309.723778

13347.512518

12016.800405

12016.800405

13258.807106

15138.617576

17295.303576

19052.790637

17268.127796

12004.795865

7562.653456

5614.213022

5083.011895

5000.000000

5000.000000

5000.000000

5000.000000

5000.000000

5000.000000

5000.000000

5000.000000

5000.000000

5000.000000

5000.000000

5233.661990

6248.377799

8851.150196

13059.740625

16877.764059

18094.391117

17387.046917

16152.713891

15255.253070

15260.896594

16079.952861

17375.486261

18235.224172

17170.202701

13313.221772

9019.608604

6385.406070

5320.553229

5040.401524

5000.000000

5000.000000

5000.000000

5000.000000

5000.000000

5000.000000

5000.000000

5000.000000

5000.000000

5000.000000

5000.000000

5059.920719

5413.368972

6554.142433

9049.435185

13000.414659

16877.764059

18767.642152

18662.363601

18084.612710

18122.614077

18706.972455

18971.539132

17162.923378

13247.843424

9248.392215

6684.193460

5503.243775

5100.806421

5010.506547

5000.000000

5000.000000

5000.000000

5000.000000

5000.000000

5000.000000

5000.000000

5000.000000

5000.000000

5000.000000

5000.000000

5000.000000

5059.920719

5413.368972

6527.356926

9049.435185

13059.740625

16974.021318

18735.971826

18897.188759

19009.938043

18954.582842

17274.530382

13318.879436

9228.999232

6670.503269

5499.274131

5100.806421

5010.506547

5000.000000

5000.000000

5000.000000

5000.000000

5000.000000

5000.000000

5000.000000

5000.000000

5000.000000

5000.000000

5000.000000

5000.000000

5000.000000

5000.000000

5059.920719

5413.368972

6554.142433

8851.150196

11800.333153

13776.392732

14369.028779

14490.501173

13965.665159

11987.593527

8991.609764

6658.150612

5503.243775

5100.806421

5010.506547

5000.000000

5000.000000

5000.000000

5000.000000

5000.000000

5000.000000

5000.000000

5000.000000

5000.000000

5000.000000

5000.000000

5000.000000

5000.000000

5000.000000

5000.000000

5000.000000

5059.920719

5413.368972

6248.377799

7399.961062

8240.512056

8541.374957

8592.336712

8307.097906

7459.755003

6298.866596

5457.110644

5100.806421

5010.506547

5000.000000

5000.000000

5000.000000

5000.000000

5000.000000

5000.000000

5000.000000

5000.000000

5000.000000

5000.000000

5000.000000

5000.000000

5000.000000

5000.000000

5000.000000

5000.000000

5000.000000

5000.000000

5059.920719

5233.661990

5489.771463

5678.272414

5746.321647

5758.396447

5690.204221

5501.307171

5244.659533

5070.553178

5010.506547

5000.000000

5000.000000

5000.000000

5000.000000

5000.000000

5000.000000

5000.000000

5000.000000

5000.000000

5000.000000

5000.000000

5000.000000

5000.000000

5000.000000

5000.000000

5000.000000

5000.000000

5000.000000

5000.000000

5000.000000

5000.000000

5000.000000

5000.000000

5000.000000

5000.000000

5000.000000

5000.000000

5000.000000

5000.000000

5000.000000

5000.000000

5000.000000

5000.000000

5000.000000

5000.000000

5000.000000

5000.000000

5000.000000

5000.000000

5000.000000

5000.000000

5000.000000

5000.000000

5000.000000

5000.000000

5000.000000

5000.000000

5000.000000

5000.000000

5000.000000

5000.000000

5000.000000

5000.000000

5000.000000

5000.000000

5000.000000

5000.000000

5000.000000

5000.000000

5000.000000

5000.000000

5000.000000

5000.000000

5000.000000

5000.000000

5000.000000

5000.000000

5000.000000

5000.000000

5000.000000

5000.000000

5000.000000

5000.000000

5000.000000

5000.000000

5000.000000

5000.000000

5000.000000

5000.000000

5000.000000

5000.000000

5000.000000

5000.000000

5000.000000

5000.000000

5000.000000

5000.000000

5000.000000

5000.000000

5000.000000

5000.000000

5000.000000

5000.000000

5000.000000

5000.000000

5000.000000

5000.000000

5000.000000

5000.000000

5000.000000

5000.000000

5000.000000

5000.000000

5000.000000

5000.000000

5000.000000

5000.000000

5000.000000

5000.000000

5000.000000

5000.000000

5000.000000

5000.000000

5000.000000

5000.000000

5000.000000

5000.000000

5000.000000

5000.000000

5000.000000

5000.000000

5000.000000

5000.000000

5000.000000

5000.000000

5000.000000

5000.000000

5000.000000

5000.000000

5000.000000

5000.000000

5000.000000

5000.000000

5000.000000

5000.000000

5000.000000

5000.000000

5000.000000

5000.000000

5000.000000

5000.000000

5000.000000

5000.000000

5000.000000

5000.000000

5000.000000

5000.000000

5000.000000

5000.000000

5000.000000

5000.000000

5000.000000

5000.000000

5000.000000

5000.000000

5000.000000

5000.000000

5000.000000

5000.000000

5000.000000

5000.000000

5000.000000

5000.000000

5000.000000

5000.000000

5000.000000

5000.000000

5000.000000

5000.000000

5000.000000

5000.000000

5000.000000

5000.000000

5000.000000

5000.000000

5000.000000

5000.000000

5000.000000

5000.000000

5000.000000

5000.000000

5000.000000

5000.000000

5000.000000

5000.000000

5000.000000

5000.000000

5000.000000

5000.000000

