AXIS X

0.000000 0.001000 0.002000 0.003000 0.004000 0.005000 0.006000 0.007000 0.008000 0.009000 0.010000 0.011000 0.012000 0.013000 0.014000 0.015000 0.016000 0.017000 0.018000 0.019000 0.020000 0.021000 0.022000 0.023000 0.024000 0.025000 0.026000 0.027000 0.028000 0.029000 

AXIS Y

0.000000 0.001000 0.002000 0.003000 0.004000 0.005000 0.006000 0.007000 0.008000 0.009000 0.010000 0.011000 0.012000 0.013000 0.014000 0.015000 0.016000 0.017000 0.018000 0.019000 0.020000 0.021000 0.022000 0.023000 0.024000 0.025000 0.026000 0.027000 0.028000 0.029000 



DATA
1446.756882

1446.756882

1446.756882

1446.756882

1446.756882

1446.756882

1446.756882

1446.756882

1446.756882

1446.756882

1446.756882

1446.756882

1446.756882

1446.756882

1446.756882

1446.756882

1446.756882

1446.756882

1446.756882

1446.756882

1446.756882

1446.756882

1446.756882

1446.756882

1446.756882

1446.756882

1446.756882

1446.756882

1446.756882

1446.756882

1446.756882

1446.756882

1446.756882

1446.756882

1446.756882

1446.756882

1446.756882

1446.756882

1446.756882

1446.756882

1446.756882

1446.756882

1446.756882

1446.756882

1446.756882

1446.756882

1446.756882

1446.756882

1446.756882

1446.756882

1446.756882

1446.756882

1446.756882

1446.756882

1446.756882

1446.756882

1446.756882

1446.756882

1446.756882

1446.756882

1446.756882

1446.756882

1446.756882

1446.756882

1446.756882

1446.756882

1446.756882

1446.756882

1446.756882

1446.756882

1446.756882

1446.756882

1446.756882

1446.756882

1446.756882

1446.756882

1446.756882

1446.756882

1446.756882

1446.756882

1446.756882

1446.756882

1446.756882

1446.756882

1446.756882

1446.756882

1446.756882

1446.756882

1446.756882

1446.756882

1446.756882

1446.756882

1446.756882

1446.756882

1446.756882

1446.756882

1446.756882

1446.756882

1446.756882

1446.756882

1446.756882

1446.756882

1446.756882

1446.756882

1446.756882

1446.756882

1446.756882

1446.756882

1446.756882

1446.756882

1446.756882

1446.756882

1446.756882

1446.756882

1446.756882

1446.756882

1446.756882

1446.756882

1446.756882

1446.756882

1446.756882

1446.756882

1446.756882

1446.756882

1446.756882

1446.756882

1446.756882

1446.756882

1446.756882

1446.756882

1446.756882

1446.756882

1446.756882

1446.756882

1446.756882

1446.756882

1446.756882

1446.756882

1446.756882

1446.756882

1446.756882

1446.756882

1446.756882

1446.756882

1446.756882

1446.756882

1446.756882

1446.756882

1446.756882

1446.756882

1446.756882

1446.756882

1446.756882

1446.756882

1446.756882

1446.756882

1446.756882

1446.756882

1446.756882

1446.756882

1446.756882

1446.756882

1446.756882

1446.756882

1446.756882

1446.756882

1446.756882

1446.756882

1446.756882

1446.756882

1446.756882

1446.756882

1446.756882

1446.756882

1446.756882

1446.756882

1446.756882

1446.756882

1446.756882

1446.756882

1446.756882

1446.756882

1446.756882

1446.756882

1446.756882

1446.756882

1446.756882

1446.756882

1446.756882

1446.756882

1446.756882

1446.756882

1446.756882

1446.756882

1446.756882

1446.756882

1446.756882

1446.756882

1446.756882

1446.756882

1446.756882

1446.756882

1446.756882

1446.756882

1446.756882

1446.756882

1446.756882

1446.756882

1446.756882

1446.756882

1446.756882

1446.756882

1446.756882

1446.756882

1446.756882

1446.756882

1446.756882

1446.756882

1446.756882

1446.756882

1446.756882

1446.756882

1446.756882

1446.756882

1446.756882

1446.756882

1446.756882

1446.756882

1446.756882

1446.756882

1446.756882

1446.756882

1446.756882

1446.756882

1446.756882

1446.756882

1446.756882

1446.756882

1446.756882

1446.756882

1446.756882

1446.756882

1446.756882

1446.756882

1446.756882

1446.756882

1446.756882

1446.756882

1446.756882

1446.756882

1446.756882

1446.756882

1962.569992

1962.181059

2987.476800

2987.476800

1962.181059

1962.569992

1446.756882

1446.756882

1446.756882

1446.756882

1446.756882

1446.756882

1446.756882

1446.756882

1446.756882

1446.756882

1446.756882

1446.756882

1446.756882

1446.756882

1446.756882

1446.756882

1446.756882

1446.756882

1446.756882

1446.756882

1446.756882

1446.756882

1446.756882

2606.149955

2486.425826

3216.963887

8068.179130

8068.179130

3216.963887

2486.425826

2606.149955

1446.756882

1446.756882

1446.756882

1446.756882

1446.756882

1446.756882

1446.756882

1446.756882

1446.756882

1446.756882

1446.756882

1446.756882

1446.756882

1446.756882

1446.756882

1446.756882

1446.756882

1446.756882

1446.756882

1446.756882

1446.756882

3522.068042

4850.200168

7126.720918

7152.638852

5913.097976

5913.097976

7152.638852

7126.720918

4850.200168

3522.068042

1446.756882

1446.756882

1446.756882

1446.756882

1446.756882

1446.756882

1446.756882

1446.756882

1446.756882

1446.756882

1446.756882

1446.756882

1446.756882

1446.756882

1446.756882

1446.756882

1446.756882

1446.756882

1446.756882

2376.663047

3546.129963

7037.770091

9452.325673

5116.749572

4142.499091

4142.499091

5116.749572

9452.325673

7037.770091

3546.129963

2376.663047

1446.756882

1446.756882

1446.756882

1446.756882

1446.756882

1446.756882

1446.756882

1446.756882

1446.756882

1446.756882

1446.756882

1446.756882

1446.756882

1446.756882

1446.756882

1446.756882

1446.756882

1935.442086

2392.629565

3311.722437

4968.872956

4769.322296

4331.362327

5896.471685

5896.471685

4331.362327

4769.322296

4968.872956

3311.722437

2392.629565

1935.442086

1446.756882

1446.756882

1446.756882

1446.756882

1446.756882

1446.756882

1446.756882

1446.756882

1446.756882

1446.756882

1446.756882

1446.756882

1446.756882

1446.756882

1446.756882

1446.756882

2610.836656

3024.423472

3780.332813

4044.670959

4167.207416

5330.079686

4579.383291

4579.383291

5330.079686

4167.207416

4044.670959

3780.332813

3024.423472

2610.836656

1446.756882

1446.756882

1446.756882

1446.756882

1446.756882

1446.756882

1446.756882

1446.756882

1446.756882

1446.756882

1446.756882

1446.756882

1446.756882

1446.756882

1446.756882

1446.756882

2633.679200

3377.121608

3485.774895

3440.468732

4092.392856

7471.457873

4276.116540

4276.116540

7471.457873

4092.392856

3440.468732

3485.774895

3377.121608

2633.679200

1446.756882

1446.756882

1446.756882

1446.756882

1446.756882

1446.756882

1446.756882

1446.756882

1446.756882

1446.756882

1446.756882

1446.756882

1446.756882

1446.756882

1446.756882

1446.756882

2388.483359

2837.953225

2911.758278

3016.602618

3636.732873

6729.670066

4191.211041

4191.211041

6729.670066

3636.732873

3016.602618

2911.758278

2837.953225

2388.483359

1446.756882

1446.756882

1446.756882

1446.756882

1446.756882

1446.756882

1446.756882

1446.756882

1446.756882

1446.756882

1446.756882

1446.756882

1446.756882

1446.756882

1446.756882

1446.756882

2168.238032

2555.415898

2753.336421

2731.248327

3145.337137

4663.708136

3715.515982

3715.515982

4663.708136

3145.337137

2731.248327

2753.336421

2555.415898

2168.238032

1446.756882

1446.756882

1446.756882

1446.756882

1446.756882

1446.756882

1446.756882

1446.756882

1446.756882

1446.756882

1446.756882

1446.756882

1446.756882

1446.756882

1446.756882

1446.756882

1906.153015

2657.916127

2707.868457

2541.481423

3301.156467

5955.993892

2554.524405

2554.524405

5955.993892

3301.156467

2541.481423

2707.868457

2657.916127

1906.153015

1446.756882

1446.756882

1446.756882

1446.756882

1446.756882

1446.756882

1446.756882

1446.756882

1446.756882

1446.756882

1446.756882

1446.756882

1446.756882

1446.756882

1446.756882

1446.756882

1446.756882

3034.710515

2512.709706

2607.617601

4993.996618

9086.261026

2277.961881

2277.961881

9086.261026

4993.996618

2607.617601

2512.709706

3034.710515

1446.756882

1446.756882

1446.756882

1446.756882

1446.756882

1446.756882

1446.756882

1446.756882

1446.756882

1446.756882

1446.756882

1446.756882

1446.756882

1446.756882

1446.756882

1446.756882

1446.756882

1446.756882

1446.756882

2285.688862

2478.204885

3770.038126

2878.316908

2757.264938

2757.264938

2878.316908

3770.038126

2478.204885

2285.688862

1446.756882

1446.756882

1446.756882

1446.756882

1446.756882

1446.756882

1446.756882

1446.756882

1446.756882

1446.756882

1446.756882

1446.756882

1446.756882

1446.756882

1446.756882

1446.756882

1446.756882

1446.756882

1446.756882

1446.756882

1446.756882

2191.484438

3169.194652

2794.105817

373.428614

373.428614

2794.105817

3169.194652

2191.484438

1446.756882

1446.756882

1446.756882

1446.756882

1446.756882

1446.756882

1446.756882

1446.756882

1446.756882

1446.756882

1446.756882

1446.756882

1446.756882

1446.756882

1446.756882

1446.756882

1446.756882

1446.756882

1446.756882

1446.756882

1446.756882

1446.756882

1446.756882

2928.805675

2481.932069

3524.886676

3524.886676

2481.932069

2928.805675

1446.756882

1446.756882

1446.756882

1446.756882

1446.756882

1446.756882

1446.756882

1446.756882

1446.756882

1446.756882

1446.756882

1446.756882

1446.756882

1446.756882

1446.756882

1446.756882

1446.756882

1446.756882

1446.756882

1446.756882

1446.756882

1446.756882

1446.756882

1446.756882

1446.756882

1446.756882

1446.756882

1446.756882

1446.756882

1446.756882

1446.756882

1446.756882

1446.756882

1446.756882

1446.756882

1446.756882

1446.756882

1446.756882

1446.756882

1446.756882

1446.756882

1446.756882

1446.756882

1446.756882

1446.756882

1446.756882

1446.756882

1446.756882

1446.756882

1446.756882

1446.756882

1446.756882

1446.756882

1446.756882

1446.756882

1446.756882

1446.756882

1446.756882

1446.756882

1446.756882

1446.756882

1446.756882

1446.756882

1446.756882

1446.756882

1446.756882

1446.756882

1446.756882

1446.756882

1446.756882

1446.756882

1446.756882

1446.756882

1446.756882

1446.756882

1446.756882

1446.756882

1446.756882

1446.756882

1446.756882

1446.756882

1446.756882

1446.756882

1446.756882

1446.756882

1446.756882

1446.756882

1446.756882

1446.756882

1446.756882

1446.756882

1446.756882

1446.756882

1446.756882

1446.756882

1446.756882

1446.756882

1446.756882

1446.756882

1446.756882

1446.756882

1446.756882

1446.756882

1446.756882

1446.756882

1446.756882

1446.756882

1446.756882

1446.756882

1446.756882

1446.756882

1446.756882

1446.756882

1446.756882

1446.756882

1446.756882

1446.756882

1446.756882

1446.756882

1446.756882

1446.756882

1446.756882

1446.756882

1446.756882

1446.756882

1446.756882

1446.756882

1446.756882

1446.756882

1446.756882

1446.756882

1446.756882

1446.756882

1446.756882

1446.756882

1446.756882

1446.756882

1446.756882

1446.756882

1446.756882

1446.756882

1446.756882

1446.756882

1446.756882

1446.756882

1446.756882

1446.756882

1446.756882

1446.756882

1446.756882

1446.756882

1446.756882

1446.756882

1446.756882

1446.756882

1446.756882

1446.756882

1446.756882

1446.756882

1446.756882

1446.756882

1446.756882

1446.756882

1446.756882

1446.756882

1446.756882

1446.756882

1446.756882

1446.756882

1446.756882

1446.756882

1446.756882

1446.756882

1446.756882

1446.756882

1446.756882

1446.756882

1446.756882

1446.756882

1446.756882

1446.756882

1446.756882

1446.756882

1446.756882

1446.756882

1446.756882

1446.756882

1446.756882

1446.756882

1446.756882

1446.756882

1446.756882

1446.756882

1446.756882

1446.756882

1446.756882

1446.756882

1446.756882

1446.756882

1446.756882

1446.756882

1446.756882

1446.756882

1446.756882

1446.756882

1446.756882

1446.756882

1446.756882

1446.756882

1446.756882

1446.756882

1446.756882

1446.756882

1446.756882

1446.756882

1446.756882

1446.756882

1446.756882

1446.756882

1446.756882

1446.756882

1446.756882

1446.756882

1446.756882

1446.756882

1446.756882

1446.756882

1446.756882

1446.756882

1446.756882

1446.756882

1446.756882

1446.756882

1446.756882

1446.756882

1446.756882

1446.756882

1446.756882

1446.756882

1446.756882

1446.756882

1446.756882

1446.756882

1446.756882

1446.756882

1446.756882

1446.756882

1446.756882

1446.756882

1446.756882

1446.756882

1446.756882

