AXIS X

0.000000 0.001000 0.002000 0.003000 0.004000 0.005000 0.006000 0.007000 0.008000 0.009000 0.010000 0.011000 0.012000 0.013000 0.014000 0.015000 0.016000 0.017000 0.018000 0.019000 0.020000 0.021000 0.022000 0.023000 0.024000 0.025000 0.026000 0.027000 0.028000 0.029000 

AXIS Y

0.000000 0.001000 0.002000 0.003000 0.004000 0.005000 0.006000 0.007000 0.008000 0.009000 0.010000 0.011000 0.012000 0.013000 0.014000 0.015000 0.016000 0.017000 0.018000 0.019000 0.020000 0.021000 0.022000 0.023000 0.024000 0.025000 0.026000 0.027000 0.028000 0.029000 



DATA
628.318531

628.318531

628.318531

628.318531

628.318531

628.318531

628.318531

628.318531

628.318531

628.318531

628.318531

628.318531

628.318531

628.318531

628.318531

628.318531

628.318531

628.318531

628.318531

628.318531

628.318531

628.318531

628.318531

628.318531

628.318531

628.318531

628.318531

628.318531

628.318531

628.318531

628.318531

628.318531

628.318531

628.318531

628.318531

628.318531

628.318531

628.318531

628.318531

628.318531

628.318531

628.318531

628.318531

628.318531

628.318531

628.318531

628.318531

628.318531

628.318531

628.318531

628.318531

628.318531

628.318531

628.318531

628.318531

628.318531

628.318531

628.318531

628.318531

628.318531

628.318531

628.318531

628.318531

628.318531

628.318531

628.318531

628.318531

628.318531

628.318531

628.318531

628.318531

628.318531

628.318531

628.318531

628.318531

628.318531

628.318531

628.318531

628.318531

628.318531

628.318531

628.318531

628.318531

628.318531

628.318531

628.318531

628.318531

628.318531

628.318531

628.318531

628.318531

628.318531

628.318531

628.318531

628.318531

628.318531

628.318531

628.318531

628.318531

628.318531

628.318531

628.318531

628.318531

628.318531

628.318531

628.318531

628.318531

628.318531

628.318531

628.318531

628.318531

628.318531

628.318531

628.318531

628.318531

628.318531

628.318531

628.318531

628.318531

628.318531

628.318531

628.318531

628.318531

628.318531

628.318531

628.318531

628.318531

628.318531

628.318531

628.318531

628.318531

628.318531

628.318531

628.318531

628.318531

628.318531

628.318531

628.318531

628.318531

628.318531

628.318531

628.318531

628.318531

628.318531

628.318531

628.318531

628.318531

628.318531

628.318531

628.318531

628.318531

628.318531

628.318531

628.318531

628.318531

628.318531

628.318531

628.318531

628.318531

628.318531

628.318531

628.318531

628.318531

628.318531

628.318531

628.318531

628.318531

628.318531

628.318531

628.318531

628.318531

628.318531

628.318531

628.318531

628.318531

628.318531

628.318531

628.318531

628.318531

628.318531

628.318531

628.318531

628.318531

628.318531

628.318531

628.318531

628.318531

628.318531

628.318531

628.318531

628.318531

628.318531

628.318531

628.318531

628.318531

628.318531

628.318531

628.318531

628.318531

628.318531

628.318531

628.318531

628.318531

628.318531

628.318531

628.318531

628.318531

628.318531

628.318531

628.318531

628.318531

628.318531

628.318531

628.318531

628.318531

628.318531

628.318531

628.318531

628.318531

628.318531

628.318531

628.318531

628.318531

628.318531

628.318531

628.318531

628.318531

628.318531

628.318531

628.318531

628.318531

628.318531

628.318531

628.318531

628.318531

628.318531

628.318531

628.318531

628.318531

628.318531

628.318531

628.318531

628.318531

628.318531

628.318531

628.318531

628.318531

628.318531

628.318531

628.318531

628.318531

628.318531

852.333318

852.164406

1297.444689

1297.444689

852.164406

852.333318

628.318531

628.318531

628.318531

628.318531

628.318531

628.318531

628.318531

628.318531

628.318531

628.318531

628.318531

628.318531

628.318531

628.318531

628.318531

628.318531

628.318531

628.318531

628.318531

628.318531

628.318531

628.318531

628.318531

1131.836545

1079.841016

1397.109664

3503.965675

3503.965675

1397.109664

1079.841016

1131.836545

628.318531

628.318531

628.318531

628.318531

628.318531

628.318531

628.318531

628.318531

628.318531

628.318531

628.318531

628.318531

628.318531

628.318531

628.318531

628.318531

628.318531

628.318531

628.318531

628.318531

628.318531

1529.614716

2106.415169

3095.095569

3106.351584

2568.025822

2568.025822

3106.351584

3095.095569

2106.415169

1529.614716

628.318531

628.318531

628.318531

628.318531

628.318531

628.318531

628.318531

628.318531

628.318531

628.318531

628.318531

628.318531

628.318531

628.318531

628.318531

628.318531

628.318531

628.318531

628.318531

1032.171647

1540.064675

3056.464716

4105.092881

2222.176104

1799.064497

1799.064497

2222.176104

4105.092881

3056.464716

1540.064675

1032.171647

628.318531

628.318531

628.318531

628.318531

628.318531

628.318531

628.318531

628.318531

628.318531

628.318531

628.318531

628.318531

628.318531

628.318531

628.318531

628.318531

628.318531

840.551818

1039.105817

1438.262780

2157.954106

2071.290355

1881.086758

2560.805116

2560.805116

1881.086758

2071.290355

2157.954106

1438.262780

1039.105817

840.551818

628.318531

628.318531

628.318531

628.318531

628.318531

628.318531

628.318531

628.318531

628.318531

628.318531

628.318531

628.318531

628.318531

628.318531

628.318531

628.318531

1133.871953

1313.490425

1641.777680

1756.578279

1809.795186

2314.824196

1988.800894

1988.800894

2314.824196

1809.795186

1756.578279

1641.777680

1313.490425

1133.871953

628.318531

628.318531

628.318531

628.318531

628.318531

628.318531

628.318531

628.318531

628.318531

628.318531

628.318531

628.318531

628.318531

628.318531

628.318531

628.318531

1143.792344

1466.665279

1513.852802

1494.176585

1777.303635

3244.812926

1857.093817

1857.093817

3244.812926

1777.303635

1494.176585

1513.852802

1466.665279

1143.792344

628.318531

628.318531

628.318531

628.318531

628.318531

628.318531

628.318531

628.318531

628.318531

628.318531

628.318531

628.318531

628.318531

628.318531

628.318531

628.318531

1037.305143

1232.507425

1264.560553

1310.093871

1579.413019

2922.658575

1820.219828

1820.219828

2922.658575

1579.413019

1310.093871

1264.560553

1232.507425

1037.305143

628.318531

628.318531

628.318531

628.318531

628.318531

628.318531

628.318531

628.318531

628.318531

628.318531

628.318531

628.318531

628.318531

628.318531

628.318531

628.318531

941.653813

1109.803023

1195.758814

1186.166077

1366.002562

2025.422709

1613.628088

1613.628088

2025.422709

1366.002562

1186.166077

1195.758814

1109.803023

941.653813

628.318531

628.318531

628.318531

628.318531

628.318531

628.318531

628.318531

628.318531

628.318531

628.318531

628.318531

628.318531

628.318531

628.318531

628.318531

628.318531

827.831736

1154.318307

1176.012329

1103.751358

1433.674037

2586.655282

1109.415853

1109.415853

2586.655282

1433.674037

1103.751358

1176.012329

1154.318307

827.831736

628.318531

628.318531

628.318531

628.318531

628.318531

628.318531

628.318531

628.318531

628.318531

628.318531

628.318531

628.318531

628.318531

628.318531

628.318531

628.318531

628.318531

1317.958031

1091.255960

1132.473935

2168.865174

3946.113025

989.306275

989.306275

3946.113025

2168.865174

1132.473935

1091.255960

1317.958031

628.318531

628.318531

628.318531

628.318531

628.318531

628.318531

628.318531

628.318531

628.318531

628.318531

628.318531

628.318531

628.318531

628.318531

628.318531

628.318531

628.318531

628.318531

628.318531

992.662060

1076.270706

1637.306755

1250.037150

1197.464948

1197.464948

1250.037150

1637.306755

1076.270706

992.662060

628.318531

628.318531

628.318531

628.318531

628.318531

628.318531

628.318531

628.318531

628.318531

628.318531

628.318531

628.318531

628.318531

628.318531

628.318531

628.318531

628.318531

628.318531

628.318531

628.318531

628.318531

951.749599

1376.363750

1213.464738

162.177986

162.177986

1213.464738

1376.363750

951.749599

628.318531

628.318531

628.318531

628.318531

628.318531

628.318531

628.318531

628.318531

628.318531

628.318531

628.318531

628.318531

628.318531

628.318531

628.318531

628.318531

628.318531

628.318531

628.318531

628.318531

628.318531

628.318531

628.318531

1271.964143

1077.889402

1530.838833

1530.838833

1077.889402

1271.964143

628.318531

628.318531

628.318531

628.318531

628.318531

628.318531

628.318531

628.318531

628.318531

628.318531

628.318531

628.318531

628.318531

628.318531

628.318531

628.318531

628.318531

628.318531

628.318531

628.318531

628.318531

628.318531

628.318531

628.318531

628.318531

628.318531

628.318531

628.318531

628.318531

628.318531

628.318531

628.318531

628.318531

628.318531

628.318531

628.318531

628.318531

628.318531

628.318531

628.318531

628.318531

628.318531

628.318531

628.318531

628.318531

628.318531

628.318531

628.318531

628.318531

628.318531

628.318531

628.318531

628.318531

628.318531

628.318531

628.318531

628.318531

628.318531

628.318531

628.318531

628.318531

628.318531

628.318531

628.318531

628.318531

628.318531

628.318531

628.318531

628.318531

628.318531

628.318531

628.318531

628.318531

628.318531

628.318531

628.318531

628.318531

628.318531

628.318531

628.318531

628.318531

628.318531

628.318531

628.318531

628.318531

628.318531

628.318531

628.318531

628.318531

628.318531

628.318531

628.318531

628.318531

628.318531

628.318531

628.318531

628.318531

628.318531

628.318531

628.318531

628.318531

628.318531

628.318531

628.318531

628.318531

628.318531

628.318531

628.318531

628.318531

628.318531

628.318531

628.318531

628.318531

628.318531

628.318531

628.318531

628.318531

628.318531

628.318531

628.318531

628.318531

628.318531

628.318531

628.318531

628.318531

628.318531

628.318531

628.318531

628.318531

628.318531

628.318531

628.318531

628.318531

628.318531

628.318531

628.318531

628.318531

628.318531

628.318531

628.318531

628.318531

628.318531

628.318531

628.318531

628.318531

628.318531

628.318531

628.318531

628.318531

628.318531

628.318531

628.318531

628.318531

628.318531

628.318531

628.318531

628.318531

628.318531

628.318531

628.318531

628.318531

628.318531

628.318531

628.318531

628.318531

628.318531

628.318531

628.318531

628.318531

628.318531

628.318531

628.318531

628.318531

628.318531

628.318531

628.318531

628.318531

628.318531

628.318531

628.318531

628.318531

628.318531

628.318531

628.318531

628.318531

628.318531

628.318531

628.318531

628.318531

628.318531

628.318531

628.318531

628.318531

628.318531

628.318531

628.318531

628.318531

628.318531

628.318531

628.318531

628.318531

628.318531

628.318531

628.318531

628.318531

628.318531

628.318531

628.318531

628.318531

628.318531

628.318531

628.318531

628.318531

628.318531

628.318531

628.318531

628.318531

628.318531

628.318531

628.318531

628.318531

628.318531

628.318531

628.318531

628.318531

628.318531

628.318531

628.318531

628.318531

628.318531

628.318531

628.318531

628.318531

628.318531

628.318531

628.318531

628.318531

628.318531

628.318531

628.318531

628.318531

628.318531

628.318531

628.318531

628.318531

628.318531

628.318531

628.318531

628.318531

628.318531

628.318531

628.318531

