AXIS X

0.000000 0.001000 0.002000 0.003000 0.004000 0.005000 0.006000 0.007000 0.008000 0.009000 0.010000 0.011000 0.012000 0.013000 0.014000 0.015000 0.016000 0.017000 0.018000 0.019000 0.020000 0.021000 0.022000 0.023000 0.024000 0.025000 0.026000 0.027000 0.028000 0.029000 

AXIS Y

0.000000 0.001000 0.002000 0.003000 0.004000 0.005000 0.006000 0.007000 0.008000 0.009000 0.010000 0.011000 0.012000 0.013000 0.014000 0.015000 0.016000 0.017000 0.018000 0.019000 0.020000 0.021000 0.022000 0.023000 0.024000 0.025000 0.026000 0.027000 0.028000 0.029000 



DATA
5000.000000

5000.000000

5000.000000

5000.000000

5000.000000

5000.000000

5000.000000

5000.000000

5000.000000

5000.000000

5000.000000

5000.000000

5000.000000

5000.000000

5000.000000

5000.000000

5000.000000

5000.000000

5000.000000

5000.000000

5000.000000

5000.000000

5000.000000

5000.000000

5000.000000

5000.000000

5000.000000

5000.000000

5000.000000

5000.000000

5000.000000

5000.000000

5000.000000

5000.000000

5000.000000

5000.000000

5000.000000

5000.000000

5000.000000

5000.000000

5000.000000

5000.000000

5000.000000

5000.000000

5000.000000

5000.000000

5000.000000

5000.000000

5000.000000

5000.000000

5000.000000

5000.000000

5000.000000

5000.000000

5000.000000

5000.000000

5000.000000

5000.000000

5000.000000

5000.000000

5000.000000

5000.000000

5000.000000

5000.000000

5000.000000

5000.000000

5000.000000

5000.000000

5000.000000

5000.000000

5000.000000

5000.000000

5000.000000

5000.000000

5000.000000

5000.000000

5000.000000

5000.000000

5000.000000

5000.000000

5000.000000

5000.000000

5000.000000

5000.000000

5000.000000

5000.000000

5000.000000

5000.000000

5000.000000

5000.000000

5000.000000

5000.000000

5000.000000

5000.000000

5000.000000

5000.000000

5000.000000

5000.000000

5000.000000

5000.000000

5000.000000

5000.000000

5000.000000

5000.000000

5000.000000

5000.000000

5000.000000

5000.000000

5000.000000

5000.000000

5000.000000

5000.000000

5000.000000

5000.000000

5000.000000

5000.000000

5000.000000

5000.000000

5000.000000

5000.000000

5000.000000

5000.000000

5000.000000

5000.000000

5000.000000

5000.000000

5000.000000

5000.000000

5000.000000

5000.000000

5000.000000

5000.000000

5000.000000

5000.000000

5000.000000

5000.000000

5000.000000

5000.000000

5000.000000

5000.000000

5000.000000

5000.000000

5000.000000

5000.000000

5000.000000

5000.000000

5000.000000

5000.000000

5000.000000

5000.000000

5000.000000

5000.000000

5000.000000

5000.000000

5000.000000

5000.000000

5000.000000

5000.000000

5000.000000

5000.000000

5000.000000

5000.000000

5000.000000

5000.000000

5000.000000

5000.000000

5000.000000

5000.000000

5000.000000

5000.000000

5000.000000

5000.000000

5000.000000

5000.000000

5000.000000

5000.000000

5000.000000

5000.000000

5000.000000

5000.000000

5000.000000

5000.000000

5000.000000

5000.000000

5000.000000

5000.000000

5000.000000

5000.000000

5000.000000

5000.000000

5000.000000

5000.000000

5000.000000

5000.000000

5000.000000

5000.000000

5000.000000

5000.000000

5000.000000

5000.000000

5000.000000

5000.000000

5000.000000

5000.000000

5000.000000

5000.000000

5000.000000

5000.000000

5000.000000

5000.000000

5000.000000

5000.000000

5000.000000

5000.000000

5000.000000

5000.000000

5000.000000

5000.000000

5000.000000

5000.000000

5000.000000

5000.000000

5000.000000

5000.000000

5000.000000

5000.000000

5000.000000

5000.000000

5000.000000

5000.000000

5000.000000

5000.000000

5000.000000

5000.000000

5000.000000

5000.000000

5000.000000

5000.000000

5000.000000

5000.000000

5000.000000

5000.000000

5000.000000

5000.000000

5000.000000

5000.000000

5000.000000

5000.000000

5000.000000

5000.000000

5000.000000

5000.000000

361977.938314

93923.464508

6317.796384

6317.796384

93923.464508

361977.938314

5000.000000

5000.000000

5000.000000

5000.000000

5000.000000

5000.000000

5000.000000

5000.000000

5000.000000

5000.000000

5000.000000

5000.000000

5000.000000

5000.000000

5000.000000

5000.000000

5000.000000

5000.000000

5000.000000

5000.000000

5000.000000

5000.000000

5000.000000

43030.225845

21207.421718

20906.265973

19304.389985

19304.389984

20906.265973

21207.421718

43030.225845

5000.000000

5000.000000

5000.000000

5000.000000

5000.000000

5000.000000

5000.000000

5000.000000

5000.000000

5000.000000

5000.000000

5000.000000

5000.000000

5000.000000

5000.000000

5000.000000

5000.000000

5000.000000

5000.000000

5000.000000

5000.000000

11756.924073

8782.701536

9342.674063

14874.103030

16256.323345

16256.323345

14874.103030

9342.674063

8782.701536

11756.924073

5000.000000

5000.000000

5000.000000

5000.000000

5000.000000

5000.000000

5000.000000

5000.000000

5000.000000

5000.000000

5000.000000

5000.000000

5000.000000

5000.000000

5000.000000

5000.000000

5000.000000

5000.000000

5000.000000

100725.270845

12432.554333

7764.898602

10900.749703

20447.210492

12709.131789

12709.131789

20447.210492

10900.749703

7764.898602

12432.554333

100725.270845

5000.000000

5000.000000

5000.000000

5000.000000

5000.000000

5000.000000

5000.000000

5000.000000

5000.000000

5000.000000

5000.000000

5000.000000

5000.000000

5000.000000

5000.000000

5000.000000

5000.000000

228596.966951

31964.040160

14222.915903

10452.649964

14984.448285

18099.378559

9098.185185

9098.185185

18099.378559

14984.448285

10452.649964

14222.915903

31964.040160

228596.966951

5000.000000

5000.000000

5000.000000

5000.000000

5000.000000

5000.000000

5000.000000

5000.000000

5000.000000

5000.000000

5000.000000

5000.000000

5000.000000

5000.000000

5000.000000

5000.000000

23274.882447

19561.073544

13130.556088

11113.930494

13805.931962

14830.771562

7188.838471

7188.838471

14830.771562

13805.931962

11113.930494

13130.556088

19561.073544

23274.882447

5000.000000

5000.000000

5000.000000

5000.000000

5000.000000

5000.000000

5000.000000

5000.000000

5000.000000

5000.000000

5000.000000

5000.000000

5000.000000

5000.000000

5000.000000

5000.000000

16452.345732

16294.254409

15697.320533

12586.069677

11947.343086

9219.473176

7042.035573

7042.035573

9219.473176

11947.343086

12586.069677

15697.320533

16294.254409

16452.345732

5000.000000

5000.000000

5000.000000

5000.000000

5000.000000

5000.000000

5000.000000

5000.000000

5000.000000

5000.000000

5000.000000

5000.000000

5000.000000

5000.000000

5000.000000

5000.000000

16303.261380

18532.986491

18910.151326

14744.792996

10726.899459

6232.840334

8112.019794

8112.019794

6232.840334

10726.899459

14744.792996

18910.151326

18532.986491

16303.261380

5000.000000

5000.000000

5000.000000

5000.000000

5000.000000

5000.000000

5000.000000

5000.000000

5000.000000

5000.000000

5000.000000

5000.000000

5000.000000

5000.000000

5000.000000

5000.000000

15928.690604

17982.209709

21088.553872

17879.069564

9800.761809

5391.897970

10941.215598

10941.215598

5391.897970

9800.761809

17879.069564

21088.553872

17982.209709

15928.690604

5000.000000

5000.000000

5000.000000

5000.000000

5000.000000

5000.000000

5000.000000

5000.000000

5000.000000

5000.000000

5000.000000

5000.000000

5000.000000

5000.000000

5000.000000

5000.000000

12072.366770

17504.192134

25365.603919

18519.373307

6987.625727

6752.078290

13753.839848

13753.839848

6752.078290

6987.625727

18519.373307

25365.603919

17504.192134

12072.366770

5000.000000

5000.000000

5000.000000

5000.000000

5000.000000

5000.000000

5000.000000

5000.000000

5000.000000

5000.000000

5000.000000

5000.000000

5000.000000

5000.000000

5000.000000

5000.000000

5000.000000

13141.659894

32203.454779

15596.743466

5724.149509

10830.450433

13403.249082

13403.249082

10830.450433

5724.149509

15596.743466

32203.454779

13141.659894

5000.000000

5000.000000

5000.000000

5000.000000

5000.000000

5000.000000

5000.000000

5000.000000

5000.000000

5000.000000

5000.000000

5000.000000

5000.000000

5000.000000

5000.000000

5000.000000

5000.000000

5000.000000

5000.000000

25826.948833

15051.061371

9870.037441

6386.748789

12668.289824

12668.289824

6386.748789

9870.037441

15051.061371

25826.948833

5000.000000

5000.000000

5000.000000

5000.000000

5000.000000

5000.000000

5000.000000

5000.000000

5000.000000

5000.000000

5000.000000

5000.000000

5000.000000

5000.000000

5000.000000

5000.000000

5000.000000

5000.000000

5000.000000

5000.000000

5000.000000

11569.144751

21093.602498

3237.163644

3608.090679

3608.090679

3237.163644

21093.602498

11569.144751

5000.000000

5000.000000

5000.000000

5000.000000

5000.000000

5000.000000

5000.000000

5000.000000

5000.000000

5000.000000

5000.000000

5000.000000

5000.000000

5000.000000

5000.000000

5000.000000

5000.000000

5000.000000

5000.000000

5000.000000

5000.000000

5000.000000

5000.000000

44477.440466

30097.078532

4191.582176

4191.582176

30097.078532

44477.440466

5000.000000

5000.000000

5000.000000

5000.000000

5000.000000

5000.000000

5000.000000

5000.000000

5000.000000

5000.000000

5000.000000

5000.000000

5000.000000

5000.000000

5000.000000

5000.000000

5000.000000

5000.000000

5000.000000

5000.000000

5000.000000

5000.000000

5000.000000

5000.000000

5000.000000

5000.000000

5000.000000

5000.000000

5000.000000

5000.000000

5000.000000

5000.000000

5000.000000

5000.000000

5000.000000

5000.000000

5000.000000

5000.000000

5000.000000

5000.000000

5000.000000

5000.000000

5000.000000

5000.000000

5000.000000

5000.000000

5000.000000

5000.000000

5000.000000

5000.000000

5000.000000

5000.000000

5000.000000

5000.000000

5000.000000

5000.000000

5000.000000

5000.000000

5000.000000

5000.000000

5000.000000

5000.000000

5000.000000

5000.000000

5000.000000

5000.000000

5000.000000

5000.000000

5000.000000

5000.000000

5000.000000

5000.000000

5000.000000

5000.000000

5000.000000

5000.000000

5000.000000

5000.000000

5000.000000

5000.000000

5000.000000

5000.000000

5000.000000

5000.000000

5000.000000

5000.000000

5000.000000

5000.000000

5000.000000

5000.000000

5000.000000

5000.000000

5000.000000

5000.000000

5000.000000

5000.000000

5000.000000

5000.000000

5000.000000

5000.000000

5000.000000

5000.000000

5000.000000

5000.000000

5000.000000

5000.000000

5000.000000

5000.000000

5000.000000

5000.000000

5000.000000

5000.000000

5000.000000

5000.000000

5000.000000

5000.000000

5000.000000

5000.000000

5000.000000

5000.000000

5000.000000

5000.000000

5000.000000

5000.000000

5000.000000

5000.000000

5000.000000

5000.000000

5000.000000

5000.000000

5000.000000

5000.000000

5000.000000

5000.000000

5000.000000

5000.000000

5000.000000

5000.000000

5000.000000

5000.000000

5000.000000

5000.000000

5000.000000

5000.000000

5000.000000

5000.000000

5000.000000

5000.000000

5000.000000

5000.000000

5000.000000

5000.000000

5000.000000

5000.000000

5000.000000

5000.000000

5000.000000

5000.000000

5000.000000

5000.000000

5000.000000

5000.000000

5000.000000

5000.000000

5000.000000

5000.000000

5000.000000

5000.000000

5000.000000

5000.000000

5000.000000

5000.000000

5000.000000

5000.000000

5000.000000

5000.000000

5000.000000

5000.000000

5000.000000

5000.000000

5000.000000

5000.000000

5000.000000

5000.000000

5000.000000

5000.000000

5000.000000

5000.000000

5000.000000

5000.000000

5000.000000

5000.000000

5000.000000

5000.000000

5000.000000

5000.000000

5000.000000

5000.000000

5000.000000

5000.000000

5000.000000

5000.000000

5000.000000

5000.000000

5000.000000

5000.000000

5000.000000

5000.000000

5000.000000

5000.000000

5000.000000

5000.000000

5000.000000

5000.000000

5000.000000

5000.000000

5000.000000

5000.000000

5000.000000

5000.000000

5000.000000

5000.000000

5000.000000

5000.000000

5000.000000

5000.000000

5000.000000

5000.000000

5000.000000

5000.000000

5000.000000

5000.000000

5000.000000

5000.000000

5000.000000

5000.000000

5000.000000

5000.000000

5000.000000

5000.000000

5000.000000

5000.000000

5000.000000

5000.000000

5000.000000

5000.000000

5000.000000

5000.000000

5000.000000

5000.000000

5000.000000

5000.000000

