AXIS X

0.000000 0.001000 0.002000 0.003000 0.004000 0.005000 0.006000 0.007000 0.008000 0.009000 0.010000 0.011000 0.012000 0.013000 0.014000 0.015000 0.016000 0.017000 0.018000 0.019000 0.020000 0.021000 0.022000 0.023000 0.024000 0.025000 0.026000 0.027000 0.028000 0.029000 

AXIS Y

0.000000 0.001000 0.002000 0.003000 0.004000 0.005000 0.006000 0.007000 0.008000 0.009000 0.010000 0.011000 0.012000 0.013000 0.014000 0.015000 0.016000 0.017000 0.018000 0.019000 0.020000 0.021000 0.022000 0.023000 0.024000 0.025000 0.026000 0.027000 0.028000 0.029000 



DATA
2893.513765

2893.513765

2893.513765

2893.513765

2893.513765

2893.513765

2893.513765

2893.513765

2893.513765

2893.513765

2893.513765

2893.513765

2893.513765

2893.513765

2893.513765

2893.513765

2893.513765

2893.513765

2893.513765

2893.513765

2893.513765

2893.513765

2893.513765

2893.513765

2893.513765

2893.513765

2893.513765

2893.513765

2893.513765

2893.513765

2893.513765

2893.513765

2893.513765

2893.513765

2893.513765

2893.513765

2893.513765

2893.513765

2893.513765

2893.513765

2893.513765

2893.513765

2893.513765

2893.513765

2893.513765

2893.513765

2893.513765

2893.513765

2893.513765

2893.513765

2893.513765

2893.513765

2893.513765

2893.513765

2893.513765

2893.513765

2893.513765

2893.513765

2893.513765

2893.513765

2893.513765

2893.513765

2893.513765

2893.513765

2893.513765

2893.513765

2893.513765

2893.513765

2893.513765

2893.513765

2893.513765

2893.513765

2893.513765

2893.513765

2893.513765

2893.513765

2893.513765

2893.513765

2893.513765

2893.513765

2893.513765

2893.513765

2893.513765

2893.513765

2893.513765

2893.513765

2893.513765

2893.513765

2893.513765

2893.513765

2893.513765

2893.513765

2893.513765

2893.513765

2893.513765

2893.513765

2893.513765

2893.513765

2893.513765

2893.513765

2893.513765

2893.513765

2893.513765

2893.513765

2893.513765

2893.513765

2893.513765

2893.513765

2893.513765

2893.513765

2893.513765

2893.513765

2893.513765

2893.513765

2893.513765

2893.513765

2893.513765

2893.513765

2893.513765

2893.513765

2893.513765

2893.513765

2893.513765

2893.513765

2893.513765

2893.513765

2893.513765

2893.513765

2893.513765

2893.513765

2893.513765

2893.513765

2893.513765

2893.513765

2893.513765

2893.513765

2893.513765

2893.513765

2893.513765

2893.513765

2893.513765

2893.513765

2893.513765

2893.513765

2893.513765

2893.513765

2893.513765

2893.513765

2893.513765

2893.513765

2893.513765

2893.513765

2893.513765

2893.513765

2893.513765

2893.513765

2893.513765

2893.513765

2893.513765

2893.513765

2893.513765

2893.513765

2893.513765

2893.513765

2893.513765

2893.513765

2893.513765

2893.513765

2893.513765

2893.513765

2893.513765

2893.513765

2893.513765

2893.513765

2893.513765

2893.513765

2893.513765

2893.513765

2893.513765

2893.513765

2893.513765

2893.513765

2893.513765

2893.513765

2893.513765

2893.513765

2893.513765

2893.513765

2893.513765

2893.513765

2893.513765

2893.513765

2893.513765

2893.513765

2893.513765

2893.513765

2893.513765

2893.513765

2893.513765

2893.513765

2893.513765

2893.513765

2893.513765

2893.513765

2893.513765

2893.513765

2893.513765

2893.513765

2893.513765

2893.513765

2893.513765

2893.513765

2893.513765

2893.513765

2893.513765

2893.513765

2893.513765

2893.513765

2893.513765

2893.513765

2893.513765

2893.513765

2893.513765

2893.513765

2893.513765

2893.513765

2893.513765

2893.513765

2893.513765

2893.513765

2893.513765

2893.513765

2893.513765

2893.513765

2893.513765

2893.513765

2893.513765

2893.513765

2893.513765

2893.513765

2893.513765

2893.513765

2893.513765

2893.513765

2893.513765

2893.513765

2893.513765

2893.513765

2893.513765

2893.513765

2893.513765

2893.513765

3925.139983

3924.362118

5974.953600

5974.953600

3924.362118

3925.139983

2893.513765

2893.513765

2893.513765

2893.513765

2893.513765

2893.513765

2893.513765

2893.513765

2893.513765

2893.513765

2893.513765

2893.513765

2893.513765

2893.513765

2893.513765

2893.513765

2893.513765

2893.513765

2893.513765

2893.513765

2893.513765

2893.513765

2893.513765

5212.299910

4972.851652

6433.927773

16136.358260

16136.358260

6433.927773

4972.851652

5212.299910

2893.513765

2893.513765

2893.513765

2893.513765

2893.513765

2893.513765

2893.513765

2893.513765

2893.513765

2893.513765

2893.513765

2893.513765

2893.513765

2893.513765

2893.513765

2893.513765

2893.513765

2893.513765

2893.513765

2893.513765

2893.513765

7044.136084

9700.400337

14253.441836

14305.277704

11826.195951

11826.195951

14305.277704

14253.441836

9700.400337

7044.136084

2893.513765

2893.513765

2893.513765

2893.513765

2893.513765

2893.513765

2893.513765

2893.513765

2893.513765

2893.513765

2893.513765

2893.513765

2893.513765

2893.513765

2893.513765

2893.513765

2893.513765

2893.513765

2893.513765

4753.326094

7092.259927

14075.540183

18904.651346

10233.499143

8284.998182

8284.998182

10233.499143

18904.651346

14075.540183

7092.259927

4753.326094

2893.513765

2893.513765

2893.513765

2893.513765

2893.513765

2893.513765

2893.513765

2893.513765

2893.513765

2893.513765

2893.513765

2893.513765

2893.513765

2893.513765

2893.513765

2893.513765

2893.513765

3870.884172

4785.259130

6623.444874

9937.745913

9538.644591

8662.724654

11792.943371

11792.943371

8662.724654

9538.644591

9937.745913

6623.444874

4785.259130

3870.884172

2893.513765

2893.513765

2893.513765

2893.513765

2893.513765

2893.513765

2893.513765

2893.513765

2893.513765

2893.513765

2893.513765

2893.513765

2893.513765

2893.513765

2893.513765

2893.513765

5221.673313

6048.846943

7560.665626

8089.341918

8334.414832

10660.159372

9158.766582

9158.766582

10660.159372

8334.414832

8089.341918

7560.665626

6048.846943

5221.673313

2893.513765

2893.513765

2893.513765

2893.513765

2893.513765

2893.513765

2893.513765

2893.513765

2893.513765

2893.513765

2893.513765

2893.513765

2893.513765

2893.513765

2893.513765

2893.513765

5267.358399

6754.243215

6971.549790

6880.937464

8184.785711

14942.915746

8552.233080

8552.233080

14942.915746

8184.785711

6880.937464

6971.549790

6754.243215

5267.358399

2893.513765

2893.513765

2893.513765

2893.513765

2893.513765

2893.513765

2893.513765

2893.513765

2893.513765

2893.513765

2893.513765

2893.513765

2893.513765

2893.513765

2893.513765

2893.513765

4776.966719

5675.906449

5823.516556

6033.205237

7273.465746

13459.340132

8382.422083

8382.422083

13459.340132

7273.465746

6033.205237

5823.516556

5675.906449

4776.966719

2893.513765

2893.513765

2893.513765

2893.513765

2893.513765

2893.513765

2893.513765

2893.513765

2893.513765

2893.513765

2893.513765

2893.513765

2893.513765

2893.513765

2893.513765

2893.513765

4336.476064

5110.831796

5506.672842

5462.496654

6290.674274

9327.416271

7431.031963

7431.031963

9327.416271

6290.674274

5462.496654

5506.672842

5110.831796

4336.476064

2893.513765

2893.513765

2893.513765

2893.513765

2893.513765

2893.513765

2893.513765

2893.513765

2893.513765

2893.513765

2893.513765

2893.513765

2893.513765

2893.513765

2893.513765

2893.513765

3812.306030

5315.832254

5415.736914

5082.962847

6602.312934

11911.987784

5109.048810

5109.048810

11911.987784

6602.312934

5082.962847

5415.736914

5315.832254

3812.306030

2893.513765

2893.513765

2893.513765

2893.513765

2893.513765

2893.513765

2893.513765

2893.513765

2893.513765

2893.513765

2893.513765

2893.513765

2893.513765

2893.513765

2893.513765

2893.513765

2893.513765

6069.421031

5025.419413

5215.235202

9987.993236

18172.522052

4555.923762

4555.923762

18172.522052

9987.993236

5215.235202

5025.419413

6069.421031

2893.513765

2893.513765

2893.513765

2893.513765

2893.513765

2893.513765

2893.513765

2893.513765

2893.513765

2893.513765

2893.513765

2893.513765

2893.513765

2893.513765

2893.513765

2893.513765

2893.513765

2893.513765

2893.513765

4571.377724

4956.409770

7540.076252

5756.633815

5514.529875

5514.529875

5756.633815

7540.076252

4956.409770

4571.377724

2893.513765

2893.513765

2893.513765

2893.513765

2893.513765

2893.513765

2893.513765

2893.513765

2893.513765

2893.513765

2893.513765

2893.513765

2893.513765

2893.513765

2893.513765

2893.513765

2893.513765

2893.513765

2893.513765

2893.513765

2893.513765

4382.968876

6338.389304

5588.211635

746.857228

746.857228

5588.211635

6338.389304

4382.968876

2893.513765

2893.513765

2893.513765

2893.513765

2893.513765

2893.513765

2893.513765

2893.513765

2893.513765

2893.513765

2893.513765

2893.513765

2893.513765

2893.513765

2893.513765

2893.513765

2893.513765

2893.513765

2893.513765

2893.513765

2893.513765

2893.513765

2893.513765

5857.611351

4963.864139

7049.773352

7049.773352

4963.864139

5857.611351

2893.513765

2893.513765

2893.513765

2893.513765

2893.513765

2893.513765

2893.513765

2893.513765

2893.513765

2893.513765

2893.513765

2893.513765

2893.513765

2893.513765

2893.513765

2893.513765

2893.513765

2893.513765

2893.513765

2893.513765

2893.513765

2893.513765

2893.513765

2893.513765

2893.513765

2893.513765

2893.513765

2893.513765

2893.513765

2893.513765

2893.513765

2893.513765

2893.513765

2893.513765

2893.513765

2893.513765

2893.513765

2893.513765

2893.513765

2893.513765

2893.513765

2893.513765

2893.513765

2893.513765

2893.513765

2893.513765

2893.513765

2893.513765

2893.513765

2893.513765

2893.513765

2893.513765

2893.513765

2893.513765

2893.513765

2893.513765

2893.513765

2893.513765

2893.513765

2893.513765

2893.513765

2893.513765

2893.513765

2893.513765

2893.513765

2893.513765

2893.513765

2893.513765

2893.513765

2893.513765

2893.513765

2893.513765

2893.513765

2893.513765

2893.513765

2893.513765

2893.513765

2893.513765

2893.513765

2893.513765

2893.513765

2893.513765

2893.513765

2893.513765

2893.513765

2893.513765

2893.513765

2893.513765

2893.513765

2893.513765

2893.513765

2893.513765

2893.513765

2893.513765

2893.513765

2893.513765

2893.513765

2893.513765

2893.513765

2893.513765

2893.513765

2893.513765

2893.513765

2893.513765

2893.513765

2893.513765

2893.513765

2893.513765

2893.513765

2893.513765

2893.513765

2893.513765

2893.513765

2893.513765

2893.513765

2893.513765

2893.513765

2893.513765

2893.513765

2893.513765

2893.513765

2893.513765

2893.513765

2893.513765

2893.513765

2893.513765

2893.513765

2893.513765

2893.513765

2893.513765

2893.513765

2893.513765

2893.513765

2893.513765

2893.513765

2893.513765

2893.513765

2893.513765

2893.513765

2893.513765

2893.513765

2893.513765

2893.513765

2893.513765

2893.513765

2893.513765

2893.513765

2893.513765

2893.513765

2893.513765

2893.513765

2893.513765

2893.513765

2893.513765

2893.513765

2893.513765

2893.513765

2893.513765

2893.513765

2893.513765

2893.513765

2893.513765

2893.513765

2893.513765

2893.513765

2893.513765

2893.513765

2893.513765

2893.513765

2893.513765

2893.513765

2893.513765

2893.513765

2893.513765

2893.513765

2893.513765

2893.513765

2893.513765

2893.513765

2893.513765

2893.513765

2893.513765

2893.513765

2893.513765

2893.513765

2893.513765

2893.513765

2893.513765

2893.513765

2893.513765

2893.513765

2893.513765

2893.513765

2893.513765

2893.513765

2893.513765

2893.513765

2893.513765

2893.513765

2893.513765

2893.513765

2893.513765

2893.513765

2893.513765

2893.513765

2893.513765

2893.513765

2893.513765

2893.513765

2893.513765

2893.513765

2893.513765

2893.513765

2893.513765

2893.513765

2893.513765

2893.513765

2893.513765

2893.513765

2893.513765

2893.513765

2893.513765

2893.513765

2893.513765

2893.513765

2893.513765

2893.513765

2893.513765

2893.513765

2893.513765

2893.513765

2893.513765

2893.513765

2893.513765

2893.513765

2893.513765

2893.513765

2893.513765

2893.513765

2893.513765

2893.513765

2893.513765

2893.513765

2893.513765

2893.513765

2893.513765

2893.513765

2893.513765

2893.513765

2893.513765

2893.513765

2893.513765

