AXIS X

0.000000 0.001000 0.002000 0.003000 0.004000 0.005000 0.006000 0.007000 0.008000 0.009000 0.010000 0.011000 0.012000 0.013000 0.014000 0.015000 0.016000 0.017000 0.018000 0.019000 0.020000 0.021000 0.022000 0.023000 0.024000 0.025000 0.026000 0.027000 0.028000 0.029000 

AXIS Y

0.000000 0.001000 0.002000 0.003000 0.004000 0.005000 0.006000 0.007000 0.008000 0.009000 0.010000 0.011000 0.012000 0.013000 0.014000 0.015000 0.016000 0.017000 0.018000 0.019000 0.020000 0.021000 0.022000 0.023000 0.024000 0.025000 0.026000 0.027000 0.028000 0.029000 



DATA
1256.637061

1256.637061

1256.637061

1256.637061

1256.637061

1256.637061

1256.637061

1256.637061

1256.637061

1256.637061

1256.637061

1256.637061

1256.637061

1256.637061

1256.637061

1256.637061

1256.637061

1256.637061

1256.637061

1256.637061

1256.637061

1256.637061

1256.637061

1256.637061

1256.637061

1256.637061

1256.637061

1256.637061

1256.637061

1256.637061

1256.637061

1256.637061

1256.637061

1256.637061

1256.637061

1256.637061

1256.637061

1256.637061

1256.637061

1256.637061

1256.637061

1256.637061

1256.637061

1256.637061

1256.637061

1256.637061

1256.637061

1256.637061

1256.637061

1256.637061

1256.637061

1256.637061

1256.637061

1256.637061

1256.637061

1256.637061

1256.637061

1256.637061

1256.637061

1256.637061

1256.637061

1256.637061

1256.637061

1256.637061

1256.637061

1256.637061

1256.637061

1256.637061

1256.637061

1256.637061

1256.637061

1256.637061

1256.637061

1256.637061

1256.637061

1256.637061

1256.637061

1256.637061

1256.637061

1256.637061

1256.637061

1256.637061

1256.637061

1256.637061

1256.637061

1256.637061

1256.637061

1256.637061

1256.637061

1256.637061

1256.637061

1256.637061

1256.637061

1256.637061

1256.637061

1256.637061

1256.637061

1256.637061

1256.637061

1256.637061

1256.637061

1256.637061

1256.637061

1256.637061

1256.637061

1256.637061

1256.637061

1256.637061

1256.637061

1256.637061

1256.637061

1256.637061

1256.637061

1256.637061

1256.637061

1256.637061

1256.637061

1256.637061

1256.637061

1256.637061

1256.637061

1256.637061

1256.637061

1256.637061

1256.637061

1256.637061

1256.637061

1256.637061

1256.637061

1256.637061

1256.637061

1256.637061

1256.637061

1256.637061

1256.637061

1256.637061

1256.637061

1256.637061

1256.637061

1256.637061

1256.637061

1256.637061

1256.637061

1256.637061

1256.637061

1256.637061

1256.637061

1256.637061

1256.637061

1256.637061

1256.637061

1256.637061

1256.637061

1256.637061

1256.637061

1256.637061

1256.637061

1256.637061

1256.637061

1256.637061

1256.637061

1256.637061

1256.637061

1256.637061

1256.637061

1256.637061

1256.637061

1256.637061

1256.637061

1256.637061

1256.637061

1256.637061

1256.637061

1256.637061

1256.637061

1256.637061

1256.637061

1256.637061

1256.637061

1256.637061

1256.637061

1256.637061

1256.637061

1256.637061

1256.637061

1256.637061

1256.637061

1256.637061

1256.637061

1256.637061

1256.637061

1256.637061

1256.637061

1256.637061

1256.637061

1256.637061

1256.637061

1256.637061

1256.637061

1256.637061

1256.637061

1256.637061

1256.637061

1256.637061

1256.637061

1256.637061

1256.637061

1256.637061

1256.637061

1256.637061

1256.637061

1256.637061

1256.637061

1256.637061

1256.637061

1256.637061

1256.637061

1256.637061

1256.637061

1256.637061

1256.637061

1256.637061

1256.637061

1256.637061

1256.637061

1256.637061

1256.637061

1256.637061

1256.637061

1256.637061

1256.637061

1256.637061

1256.637061

1256.637061

1256.637061

1256.637061

1256.637061

1256.637061

1256.637061

1256.637061

1256.637061

1256.637061

1256.637061

1256.637061

1256.637061

1256.637061

1256.637061

1256.637061

1256.637061

1256.637061

1256.637061

1256.637061

1704.666636

1704.328813

2594.889378

2594.889378

1704.328813

1704.666636

1256.637061

1256.637061

1256.637061

1256.637061

1256.637061

1256.637061

1256.637061

1256.637061

1256.637061

1256.637061

1256.637061

1256.637061

1256.637061

1256.637061

1256.637061

1256.637061

1256.637061

1256.637061

1256.637061

1256.637061

1256.637061

1256.637061

1256.637061

2263.673089

2159.682032

2794.219329

7007.931351

7007.931351

2794.219329

2159.682032

2263.673089

1256.637061

1256.637061

1256.637061

1256.637061

1256.637061

1256.637061

1256.637061

1256.637061

1256.637061

1256.637061

1256.637061

1256.637061

1256.637061

1256.637061

1256.637061

1256.637061

1256.637061

1256.637061

1256.637061

1256.637061

1256.637061

3059.229431

4212.830339

6190.191137

6212.703169

5136.051643

5136.051643

6212.703169

6190.191137

4212.830339

3059.229431

1256.637061

1256.637061

1256.637061

1256.637061

1256.637061

1256.637061

1256.637061

1256.637061

1256.637061

1256.637061

1256.637061

1256.637061

1256.637061

1256.637061

1256.637061

1256.637061

1256.637061

1256.637061

1256.637061

2064.343293

3080.129350

6112.929431

8210.185762

4444.352208

3598.128993

3598.128993

4444.352208

8210.185762

6112.929431

3080.129350

2064.343293

1256.637061

1256.637061

1256.637061

1256.637061

1256.637061

1256.637061

1256.637061

1256.637061

1256.637061

1256.637061

1256.637061

1256.637061

1256.637061

1256.637061

1256.637061

1256.637061

1256.637061

1681.103636

2078.211635

2876.525560

4315.908212

4142.580711

3762.173515

5121.610231

5121.610231

3762.173515

4142.580711

4315.908212

2876.525560

2078.211635

1681.103636

1256.637061

1256.637061

1256.637061

1256.637061

1256.637061

1256.637061

1256.637061

1256.637061

1256.637061

1256.637061

1256.637061

1256.637061

1256.637061

1256.637061

1256.637061

1256.637061

2267.743906

2626.980849

3283.555361

3513.156557

3619.590371

4629.648391

3977.601788

3977.601788

4629.648391

3619.590371

3513.156557

3283.555361

2626.980849

2267.743906

1256.637061

1256.637061

1256.637061

1256.637061

1256.637061

1256.637061

1256.637061

1256.637061

1256.637061

1256.637061

1256.637061

1256.637061

1256.637061

1256.637061

1256.637061

1256.637061

2287.584687

2933.330558

3027.705604

2988.353171

3554.607270

6489.625852

3714.187635

3714.187635

6489.625852

3554.607270

2988.353171

3027.705604

2933.330558

2287.584687

1256.637061

1256.637061

1256.637061

1256.637061

1256.637061

1256.637061

1256.637061

1256.637061

1256.637061

1256.637061

1256.637061

1256.637061

1256.637061

1256.637061

1256.637061

1256.637061

2074.610286

2465.014851

2529.121106

2620.187743

3158.826038

5845.317149

3640.439656

3640.439656

5845.317149

3158.826038

2620.187743

2529.121106

2465.014851

2074.610286

1256.637061

1256.637061

1256.637061

1256.637061

1256.637061

1256.637061

1256.637061

1256.637061

1256.637061

1256.637061

1256.637061

1256.637061

1256.637061

1256.637061

1256.637061

1256.637061

1883.307625

2219.606047

2391.517629

2372.332154

2732.005125

4050.845417

3227.256176

3227.256176

4050.845417

2732.005125

2372.332154

2391.517629

2219.606047

1883.307625

1256.637061

1256.637061

1256.637061

1256.637061

1256.637061

1256.637061

1256.637061

1256.637061

1256.637061

1256.637061

1256.637061

1256.637061

1256.637061

1256.637061

1256.637061

1256.637061

1655.663472

2308.636615

2352.024657

2207.502716

2867.348075

5173.310563

2218.831706

2218.831706

5173.310563

2867.348075

2207.502716

2352.024657

2308.636615

1655.663472

1256.637061

1256.637061

1256.637061

1256.637061

1256.637061

1256.637061

1256.637061

1256.637061

1256.637061

1256.637061

1256.637061

1256.637061

1256.637061

1256.637061

1256.637061

1256.637061

1256.637061

2635.916062

2182.511920

2264.947870

4337.730348

7892.226050

1978.612550

1978.612550

7892.226050

4337.730348

2264.947870

2182.511920

2635.916062

1256.637061

1256.637061

1256.637061

1256.637061

1256.637061

1256.637061

1256.637061

1256.637061

1256.637061

1256.637061

1256.637061

1256.637061

1256.637061

1256.637061

1256.637061

1256.637061

1256.637061

1256.637061

1256.637061

1985.324120

2152.541413

3274.613509

2500.074300

2394.929895

2394.929895

2500.074300

3274.613509

2152.541413

1985.324120

1256.637061

1256.637061

1256.637061

1256.637061

1256.637061

1256.637061

1256.637061

1256.637061

1256.637061

1256.637061

1256.637061

1256.637061

1256.637061

1256.637061

1256.637061

1256.637061

1256.637061

1256.637061

1256.637061

1256.637061

1256.637061

1903.499197

2752.727499

2426.929477

324.355973

324.355973

2426.929477

2752.727499

1903.499197

1256.637061

1256.637061

1256.637061

1256.637061

1256.637061

1256.637061

1256.637061

1256.637061

1256.637061

1256.637061

1256.637061

1256.637061

1256.637061

1256.637061

1256.637061

1256.637061

1256.637061

1256.637061

1256.637061

1256.637061

1256.637061

1256.637061

1256.637061

2543.928287

2155.778804

3061.677666

3061.677666

2155.778804

2543.928287

1256.637061

1256.637061

1256.637061

1256.637061

1256.637061

1256.637061

1256.637061

1256.637061

1256.637061

1256.637061

1256.637061

1256.637061

1256.637061

1256.637061

1256.637061

1256.637061

1256.637061

1256.637061

1256.637061

1256.637061

1256.637061

1256.637061

1256.637061

1256.637061

1256.637061

1256.637061

1256.637061

1256.637061

1256.637061

1256.637061

1256.637061

1256.637061

1256.637061

1256.637061

1256.637061

1256.637061

1256.637061

1256.637061

1256.637061

1256.637061

1256.637061

1256.637061

1256.637061

1256.637061

1256.637061

1256.637061

1256.637061

1256.637061

1256.637061

1256.637061

1256.637061

1256.637061

1256.637061

1256.637061

1256.637061

1256.637061

1256.637061

1256.637061

1256.637061

1256.637061

1256.637061

1256.637061

1256.637061

1256.637061

1256.637061

1256.637061

1256.637061

1256.637061

1256.637061

1256.637061

1256.637061

1256.637061

1256.637061

1256.637061

1256.637061

1256.637061

1256.637061

1256.637061

1256.637061

1256.637061

1256.637061

1256.637061

1256.637061

1256.637061

1256.637061

1256.637061

1256.637061

1256.637061

1256.637061

1256.637061

1256.637061

1256.637061

1256.637061

1256.637061

1256.637061

1256.637061

1256.637061

1256.637061

1256.637061

1256.637061

1256.637061

1256.637061

1256.637061

1256.637061

1256.637061

1256.637061

1256.637061

1256.637061

1256.637061

1256.637061

1256.637061

1256.637061

1256.637061

1256.637061

1256.637061

1256.637061

1256.637061

1256.637061

1256.637061

1256.637061

1256.637061

1256.637061

1256.637061

1256.637061

1256.637061

1256.637061

1256.637061

1256.637061

1256.637061

1256.637061

1256.637061

1256.637061

1256.637061

1256.637061

1256.637061

1256.637061

1256.637061

1256.637061

1256.637061

1256.637061

1256.637061

1256.637061

1256.637061

1256.637061

1256.637061

1256.637061

1256.637061

1256.637061

1256.637061

1256.637061

1256.637061

1256.637061

1256.637061

1256.637061

1256.637061

1256.637061

1256.637061

1256.637061

1256.637061

1256.637061

1256.637061

1256.637061

1256.637061

1256.637061

1256.637061

1256.637061

1256.637061

1256.637061

1256.637061

1256.637061

1256.637061

1256.637061

1256.637061

1256.637061

1256.637061

1256.637061

1256.637061

1256.637061

1256.637061

1256.637061

1256.637061

1256.637061

1256.637061

1256.637061

1256.637061

1256.637061

1256.637061

1256.637061

1256.637061

1256.637061

1256.637061

1256.637061

1256.637061

1256.637061

1256.637061

1256.637061

1256.637061

1256.637061

1256.637061

1256.637061

1256.637061

1256.637061

1256.637061

1256.637061

1256.637061

1256.637061

1256.637061

1256.637061

1256.637061

1256.637061

1256.637061

1256.637061

1256.637061

1256.637061

1256.637061

1256.637061

1256.637061

1256.637061

1256.637061

1256.637061

1256.637061

1256.637061

1256.637061

1256.637061

1256.637061

1256.637061

1256.637061

1256.637061

1256.637061

1256.637061

1256.637061

1256.637061

1256.637061

1256.637061

1256.637061

1256.637061

1256.637061

1256.637061

1256.637061

1256.637061

1256.637061

1256.637061

1256.637061

1256.637061

1256.637061

1256.637061

1256.637061

1256.637061

1256.637061

1256.637061

1256.637061

1256.637061

